-134.72017075938118,-134.72017075938118,0.46664912572460177,103,1176,110,1594,0.7377666248431619,0.40458982986180214,0.4992771372242879,0.7681554534183671,0.2955237025121594
-125.1787832238935,-129.94947699163734,0.47534707227544293,120,1179,121,1594,0.7396486825595985,0.37064935492146256,0.3764390673019814,0.8175259922483715,0.38454813980684704
-135.13602656726565,-131.67832685018013,0.6621304962828926,95,1201,103,1594,0.7534504391468005,0.4101369979809018,0.407393574046269,0.728023352290493,0.2716893899654279
-146.10566438665398,-135.28516123429858,1.5019778658483474,76,1212,76,1594,0.7603513174404015,0.41161161458899137,0.42615519861382056,0.7782895549225712,0.3322093190244635
-149.59294295349858,-138.14671757813858,2.9591238267915982,56,1220,56,1594,0.7653701380175659,0.4015172020207039,0.38782846453872377,0.7199631706332945,0.2878834980903245
-110.73579792793782,-133.5782309697718,2.52636838354059,147,1142,147,1594,0.7164366373902133,0.3552388574201355,0.38107776571358337,0.7299752154424347,0.30971070723182487
-146.96748986236753,-135.4909822401426,2.9124693703579974,74,1213,79,1594,0.760978670012547,0.41269432070378864,0.4801239836390406,0.7491141746159159,0.3115558169919479
-144.6088695928507,-136.63071815923112,3.5878681241415133,83,1194,83,1594,0.7490589711417817,0.42407264114618864,0.4971068869694282,0.6954084039210261,0.31408124107941776
-152.4512758156061,-138.38855789882834,4.365698500422868,53,1225,53,1594,0.7685069008782937,0.4189839414314147,0.4177415609685484,0.7362817771074865,0.34481575459806035
-124.03956832967222,-136.95365894191272,4.339103792335118,131,1147,131,1594,0.7195734002509411,0.37797017954158774,0.4628075618344173,0.7405877603707898,0.29048816499448565
-151.25403967752928,-138.25369355424152,4.279253607118345,61,1218,61,1594,0.7641154328732748,0.4151324200380055,0.44160999504461784,0.6815602494251344,0.29071469977584136
-163.5273394324188,-140.35983071075628,4.531704322399362,38,1242,38,1594,0.7791718946047679,0.43095079140650366,0.4871803228571007,0.6643478279218362,0.24622990660211086
-134.2772131841366,-139.89193705486247,4.312299779163471,108,1171,108,1594,0.7346298619824341,0.3918751065870642,0.42339566258843847,0.7859229027805336,0.319964269357657
-145.78867588059066,-140.31313268527163,4.345548698872123,85,1192,85,1594,0.7478042659974906,0.4339462862123667,0.4090243989622861,0.7288628770646899,0.29423816744784803
-105.91846268018007,-138.02015468493218,4.055845452280648,141,1153,141,1594,0.7233375156838143,0.3076243260942165,0.4021526363651888,0.652887719486368,0.33182593881170586
-119.77406123356944,-136.879773844222,3.8451485459898347,145,1142,145,1594,0.7164366373902133,0.3901653307452754,0.41353304987596434,0.7278608072652047,0.2793649789390202
-140.12820981774934,-137.070858313253,3.753712308813032,84,1197,84,1594,0.7509410288582183,0.3927123775609054,0.41572382051151857,0.7670473096157808,0.3665762482477945
-146.32457342024065,-137.58495359697454,3.677439086837608,89,1191,89,1594,0.7471769134253451,0.4153855423913052,0.4105461411074017,0.7084317942022442,0.31195244861870475
-137.2812896135077,-137.56897128205526,3.7402577664236,84,1193,84,1594,0.7484316185696361,0.37771784735381353,0.4772099502028813,0.7612539407263444,0.28227019362567995
-153.95386128512445,-138.3882157822087,3.615617159246135,60,1218,60,1594,0.7641154328732748,0.41366788627142104,0.3896609266419257,0.6246970512519542,0.20019595047110944
-122.1012970662489,-137.61264822430587,3.462126980743252,129,1162,129,1594,0.7289836888331243,0.34564342715634516,0.39974765468066975,0.7163924303067621,0.313033869327511
-158.35152030892317,-138.5553242281521,3.347334019164405,55,1223,55,1594,0.7672521957340025,0.43550781092501545,0.45857699484377973,0.768875498323067,0.3243609810604189
-155.61691837716552,-139.29713266941354,3.369280282103858,69,1209,69,1594,0.7584692597239648,0.4521729436493004,0.4331273908648883,0.7807393826566398,0.3538849838063055
-175.36614418455846,-140.80000814921127,3.296111967038808,51,1226,51,1594,0.7691342534504392,0.5201077286870693,0.46653453718743654,0.6671379712136178,0.3067108728415669
-150.49114253500855,-141.18765352464317,3.2681173045697913,80,1198,80,1594,0.7515683814303639,0.4553989580256718,0.45269101108693965,0.7358514762675409,0.3019077124606177
-161.95472211059746,-141.98638693179524,3.324046563249177,56,1224,56,1594,0.767879548306148,0.4617689690908516,0.40672568275687115,0.7351775695877174,0.29778705020304463
-131.19262092310015,-141.58661782036208,3.233652544341669,107,1174,107,1594,0.7365119196988708,0.37080100881448586,0.3823270376267949,0.7988557826086449,0.3201955067740301
-163.44135313812214,-142.36714408171065,3.248564749807698,81,1198,81,1594,0.7515683814303639,0.518318050409388,0.4235330263735276,0.6961217699776111,0.2823494487943189
-108.03543946247908,-141.18329219828888,3.1548109944949845,183,1128,183,1594,0.7076537013801757,0.33599145511100487,0.37748902336781165,0.7822014922571816,0.3857544473745137
-153.4835945008401,-141.59330227504057,3.0864329359715095,69,1211,69,1594,0.759723964868256,0.43880009941497555,0.47458726452557404,0.7715775376630374,0.3634461667637493
-82.34897232632774,-139.68219485734014,2.9874817349054106,238,1086,238,1594,0.6813048933500627,0.30829923367628576,0.41071531532448163,0.7520864012968573,0.3293010283039189
-139.2189893185485,-139.66771968425294,2.9423932127023464,86,1204,86,1594,0.7553324968632371,0.34435277633489997,0.38053772725753565,0.7770352252877257,0.29481134491376193
-123.69992163382946,-139.18384701605828,2.891182599911163,99,1195,110,1594,0.7496863237139272,0.30322551613536014,0.42441196019895555,0.7442719266634945,0.3130727676441809
-111.66525019113801,-138.37447652120767,2.8399404230119165,145,1141,145,1594,0.7158092848180677,0.3075334761050214,0.3696328264087091,0.7475185706227871,0.36372407978234866
-163.56780778689372,-139.09428598594155,2.7886015041894447,54,1226,54,1594,0.7691342534504392,0.44360425851713375,0.4600368015499945,0.8477300218748078,0.408012111423277
-126.62543574133106,-138.74792903470237,2.7370818651770836,128,1168,128,1594,0.7327478042659975,0.34035493478407725,0.45130807671776707,0.822888232194322,0.37854975907843946
-107.03620381011443,-137.89085537998378,2.6810134638529943,190,1104,190,1594,0.6925972396486826,0.3327884716263661,0.4148246717515534,0.7475217486105319,0.342014151930499
-105.10877962957186,-137.02816917602556,2.6231211816888766,163,1133,163,1594,0.7107904642409034,0.3061269115228723,0.4223878837532433,0.7065800642174116,0.275884852029909
-125.12927091166972,-136.72306922052925,2.574597233100085,180,1108,191,1594,0.6951066499372648,0.4127631195319902,0.4743758448318955,0.725473314931059,0.29537802381410116
-113.84362408189457,-136.15108309206343,2.5265117002508646,198,1103,198,1594,0.6919698870765371,0.39457225098093,0.4274606858499686,0.7033620663056229,0.27971057784758635
-91.08622906701045,-135.05194031096457,2.4830555184353136,230,1082,234,1594,0.6787954830614805,0.3006889037078452,0.4146693078076846,0.8112838985597259,0.3751277228843639
-82.05893734521149,-133.7902021451133,2.452075656956008,268,1050,268,1594,0.6587202007528231,0.34488784658643357,0.42100225912454653,0.7745189647350537,0.3301043416545446
-170.42846145508776,-134.64225468720574,2.424162050792906,92,1190,92,1594,0.7465495608531995,0.5221638983525158,0.5073863439106316,0.6370317416691719,0.25664660897157154
-112.60425286128955,-134.141391009344,2.372947113626073,246,1054,246,1594,0.6612296110414053,0.4206490697295977,0.38382220569386755,0.7792732696701823,0.2795106946780419
-98.48172452803865,-133.34895397642612,2.3218297856382457,218,1081,218,1594,0.678168130489335,0.35217265280691834,0.38043090556451953,0.7265318663024425,0.29787984044826504
-108.45962955019706,-132.8078817062907,2.27497590875447,255,1069,255,1594,0.6706398996235885,0.40372330299536224,0.4325594712567832,0.7940769185629102,0.3284580032966278
-110.20064343716946,-132.32687663673494,2.2338075823880774,224,1068,224,1594,0.6700125470514429,0.38939664148203845,0.4421822760937538,0.7803216558438775,0.3390748100677441
-131.05893345625037,-132.30046115380816,2.18916221985107,129,1163,140,1594,0.7296110414052698,0.4043885210922144,0.43971493319008614,0.8040899965675435,0.37386172552827757
-117.82769377281664,-132.00509855419608,2.1538299388143654,187,1116,199,1594,0.7001254705144291,0.40043058515809,0.47675248105572554,0.7404169382836427,0.2751042419093313
-113.4482838384915,-131.633962259882,2.1215881376550048,211,1095,212,1594,0.6869510664993727,0.3651726165920452,0.4955007052896527,0.7784309906361232,0.27638968282558524
-124.95464988487097,-131.50299535056806,2.130352004599433,176,1121,176,1594,0.7032622333751568,0.37493582808686965,0.44529825231401515,0.8337006064799737,0.36425075389026634
-140.2662857671287,-131.67152016627114,2.148456320410199,115,1175,115,1594,0.7371392722710163,0.3928381594133244,0.46137001538779004,0.8388586153116906,0.3232138441963317
-134.84674788276567,-131.73143012318613,2.1226988283511457,174,1133,174,1594,0.7107904642409034,0.4343437754887722,0.40025419722957184,0.8029703860485866,0.30845195677576476
-128.07434541505083,-131.66370633229474,2.088945094742363,179,1117,179,1594,0.7007528230865746,0.39942328077561834,0.39307125543191096,0.7913600441993974,0.32626479702419764
-116.18985946658985,-131.3823636620092,2.0999042111070385,202,1097,203,1594,0.6882057716436637,0.3920731177629986,0.45931692415863423,0.7271058678875002,0.28618481668867196
-110.2719029461405,-131.0053911492258,2.0695022538339782,246,1072,246,1594,0.6725219573400251,0.39399742567852974,0.4064297979431877,0.7722195202885741,0.30794077009167087
-144.86818956425742,-131.24859813896322,2.0701921968562775,68,1215,68,1594,0.7622333751568381,0.356042203885664,0.5341944081571843,0.7749430513090867,0.307429756813963
-118.02757668931032,-131.02064949327954,2.0528770294054897,139,1145,139,1594,0.7183186951066499,0.3126197486714501,0.4470225705751546,0.8411748218207182,0.33233280911947105
-109.56873558344324,-130.65705773209586,2.060566556214735,264,1053,265,1594,0.6606022584692597,0.4003628391297709,0.42525211238287774,0.807769310133687,0.30886280552091727
-91.77128759611134,-130.0089615631628,2.0336048452576287,278,1034,280,1594,0.6486825595984943,0.35984703410484103,0.4257313251401863,0.7825596938132224,0.28177120508281456
-98.35549520488728,-129.4900522786009,2.0015991605650325,262,1057,263,1594,0.6631116687578419,0.37071434387007074,0.4399652214110076,0.7711096514425556,0.3204775414488914
-98.0977781889424,-128.9837252771548,1.9726894970184912,185,1106,185,1594,0.6938519447929736,0.32229264921022494,0.444083101031847,0.777744858267828,0.35383092264441607
-74.63920553137991,-128.1211138526187,1.9468106185595124,335,1010,341,1594,0.6336260978670013,0.3380370905843636,0.43748529115564944,0.8313788337615711,0.3732690795809755
-113.03093280407285,-127.88532977373517,1.9206466535505073,208,1116,208,1594,0.7001254705144291,0.37888684748055623,0.4890699246277851,0.7950256413658993,0.3407758755311592
-95.75535299295736,-127.39102243864629,1.8962632439325033,268,1048,271,1594,0.657465495608532,0.3532735975013346,0.44741797861557253,0.7213268355181509,0.31991250201806537
-99.43701772193529,-126.96747691263552,1.8882519969504672,282,1034,283,1594,0.6486825595984943,0.40287021764090764,0.4150362404689153,0.8056340245531951,0.33919412183691267
-80.68914069224998,-126.27675547651036,1.861561345260335,274,1032,274,1594,0.6474278544542033,0.2624068113745816,0.40003958673122775,0.7182020436932187,0.2758360961259704
-91.67636504582308,-125.76792620547084,1.8453612768098775,265,1038,265,1594,0.6511919698870765,0.3318197919062074,0.4884768662692516,0.7300377753294836,0.32576722485969
-94.29828367427011,-125.31184442965633,1.8305855592932148,290,1044,290,1594,0.6549560853199499,0.38640992888077663,0.41227716396473113,0.8014243413942508,0.33028114279404674
-99.02363174881765,-124.9362985342158,1.8085138049159084,248,1071,265,1594,0.6718946047678795,0.3534840847420574,0.428854809069749,0.8022622671618871,0.35010978182711444
-72.97810282487114,-124.20449296084473,1.7830417794945577,313,1016,319,1594,0.6373902132998746,0.3084761133788117,0.4472293740820188,0.7840877742623014,0.3654518558073818
-105.10596571997829,-123.93923563805492,1.7601037435401448,263,1049,263,1594,0.6580928481806776,0.39954646672557176,0.4437384340426561,0.8050644923290917,0.35827206625486874
-129.83794531065325,-124.02003988014532,1.737019293218923,131,1156,131,1594,0.7252195734002509,0.3715408899218049,0.41754054552603365,0.7580172313449691,0.31250085678751527
-111.11307572835955,-123.84562144566172,1.7135460595267753,251,1067,251,1594,0.6693851944792973,0.384880258177756,0.4483920192392787,0.7545809591891357,0.30487609084537276
-100.29506911343388,-123.53161408123201,1.7117335889307574,312,1043,313,1594,0.6543287327478042,0.37928088596143866,0.46056369743524184,0.8457015151945027,0.358543905870911
-112.87056094343197,-123.39133706626097,1.6920157139898744,214,1087,214,1594,0.6819322459222082,0.36012767839908616,0.4237178673809979,0.7517511717545233,0.2831336406050843
-76.25998695751733,-122.77924161030326,1.679777388313166,280,1033,319,1594,0.6480552070263488,0.32859989297926145,0.432258982755402,0.8135317612188567,0.3459735807390722
-96.43807436977349,-122.44153433798877,1.6582417807706895,191,1104,191,1594,0.6925972396486826,0.2918824937168532,0.4311284110831282,0.6954630822159963,0.2928699940903411
-88.17503962487059,-122.00778124035435,1.6499279035934875,293,1004,305,1594,0.6298619824341279,0.3264219584971653,0.4870877301284283,0.8325332408419538,0.35569821919157885
-93.50910492662578,-121.65154778643273,1.6318038034947175,259,1058,261,1594,0.6637390213299874,0.3486820564530533,0.3925303055703472,0.7437796406729631,0.27440410934071324
-74.56562898527348,-121.07024014691225,1.6124880772903183,370,964,380,1594,0.6047678795483061,0.3787813664831045,0.40784417071397955,0.7759323269441227,0.3200832688188467
-80.6238436808953,-120.5769914095218,1.6004489626305298,314,1009,314,1594,0.6329987452948557,0.31790614585513755,0.43461165605797947,0.7679860944657283,0.3071767831266221
-114.54829742820483,-120.504356542277,1.5856882000224903,209,1097,209,1594,0.6882057716436637,0.40247798392981005,0.43158432931973434,0.8181187656907567,0.3460519999615136
-81.49949204363999,-120.04001291729323,1.5702183095385813,300,1029,300,1594,0.6455457967377666,0.31107198063980984,0.42647323418661226,0.7591782140527383,0.3324881516313858
-79.92137610207833,-119.56802895476129,1.5557699203493596,430,918,432,1594,0.5759096612296111,0.40750330313803923,0.4801496428696559,0.865548395897999,0.36691848134754285
-86.28620731997965,-119.18103102877545,1.5404864386576025,357,991,369,1594,0.6217063989962359,0.37998580302712315,0.47030859783092677,0.8255048890154078,0.3426970069724667
-118.93585239574575,-119.17821288356821,1.5292602306936556,185,1127,202,1594,0.7070263488080301,0.3714248247524117,0.44023932949874994,0.7587749854987862,0.28433562719493494
-109.24279397713946,-119.06531039599518,1.5130186371630459,231,1067,236,1594,0.6693851944792973,0.38275341134839724,0.4207035953595044,0.7794977697805023,0.3327779558780833
-93.94315011642757,-118.78303893217982,1.497731214902012,295,1036,295,1594,0.6499372647427855,0.3363858280391758,0.42680144665279,0.7962992725812668,0.3341043111947539
-87.56462535666826,-118.4361676702297,1.481590982860165,334,980,334,1594,0.6148055207026348,0.3987853846534604,0.3966741132654951,0.8125697226971963,0.34799217709528696
-117.60106543217933,-118.42699072255881,1.4661101545011253,203,1110,232,1594,0.6963613550815558,0.3805910872913789,0.4383600586277332,0.760177170239948,0.3234229218304441
-100.14731477975697,-118.22829859274574,1.4512628579643148,314,1017,315,1594,0.6380175658720201,0.4446463899900257,0.436692481717724,0.7948066760292734,0.3298559192566968
-128.73915167334474,-118.34131851834358,1.4426469623501086,168,1142,176,1594,0.7164366373902133,0.40383712811229133,0.4376124112714146,0.7639110246942952,0.3371438086869648
-111.25803542517959,-118.2659644428844,1.4276532712651584,243,1096,269,1594,0.6875784190715182,0.4127347659374782,0.4010301502157131,0.7902578835288849,0.3305128091113999
-109.91999616688359,-118.17811214524228,1.4151612585121391,229,1088,233,1594,0.6825595984943539,0.3923559521057351,0.38314976717150007,0.7998696365933646,0.3458854418668896
-100.22810364840637,-117.99113289006691,1.4004199954026373,284,1031,285,1594,0.6468005018820577,0.3998666017947045,0.43039585114440787,0.8276389235298316,0.37565612658856334
-94.17628726847721,-117.74561901767939,1.387124457238708,297,1017,298,1594,0.6380175658720201,0.3926216320371355,0.43739704596843815,0.7965838708981515,0.3232609025625555
-80.18983399644429,-117.36239672154433,1.373989757064488,355,956,355,1594,0.5997490589711418,0.37252048807501825,0.44733703553711984,0.799096531243954,0.3549276800575347
-107.32146047770034,-117.26097312312167,1.3672017958961646,241,1066,256,1594,0.6687578419071518,0.37452914169475593,0.44430321601850553,0.790400334108241,0.3330660680211843
-91.27946965325258,-117.00115808842298,1.353529777937203,337,990,339,1594,0.6210790464240903,0.37335743706275165,0.43696148996122086,0.8421404767086995,0.34865500081729806
-87.76107337498361,-116.53156711457899,1.3493094486349104,311,1027,326,1594,0.6442910915934755,0.39497055118883156,0.4306122569847049,0.7752339969447716,0.3228191107750613
-109.1731333906492,-116.37151061624655,1.3457468717746162,238,1075,238,1594,0.6744040150564617,0.44249831792713185,0.4261884315731725,0.7720101969978832,0.3511404345739893
-92.8289770811909,-115.94844012138583,1.336389898331638,315,1006,317,1594,0.6311166875784191,0.3881568371056505,0.46524993509084617,0.8091396093036225,0.35422267209740765
-100.19592226892165,-115.48934270020851,1.3034655048810948,296,1027,297,1594,0.6442910915934755,0.43920258244813154,0.42585098068483035,0.7753855901234967,0.28980807743449705
-116.81550366039171,-115.1615683072774,1.216588391369581,256,1037,266,1594,0.650564617314931,0.4277964577348429,0.3966310116985905,0.8004522671599976,0.3321676577269598
-117.34858595926856,-115.22769618759074,1.2136480712091346,227,1085,242,1594,0.6806775407779172,0.4172065326800509,0.3983059403439361,0.8355292340320974,0.3477466655597231
-95.31803599082919,-114.71120164887535,1.1629195179610337,318,1003,319,1594,0.6292346298619824,0.4127521807058062,0.4298631666530157,0.7721713969660994,0.31810718011347755
-77.7627396933428,-114.04274034988026,1.08213652199465,323,996,323,1594,0.6248431618569636,0.30508742454734644,0.530174404088224,0.8011292346731169,0.36324799674111885
-85.69007100426745,-113.37512830176689,0.976253106887913,284,1037,287,1594,0.650564617314931,0.3294108423311294,0.41242955890184196,0.8514340861443472,0.3859871105690624
-80.12331849535882,-112.93596580342373,0.936255565870369,356,975,365,1594,0.6116687578419071,0.42026592259658696,0.4322290376266644,0.799644904705455,0.34466438807012983
-88.88689200657912,-112.31229432671424,0.9009301039758281,302,1028,302,1594,0.644918444165621,0.3421102934981079,0.44720691075371166,0.8153090542759162,0.3457892216614414
-82.7712399485752,-111.50473333187581,0.8281499692635356,353,959,353,1594,0.6016311166875784,0.3795277656581625,0.4408306623804566,0.7850220305439994,0.3096291720707108
-99.83948825704526,-111.16035608260489,0.8198211788090168,248,1050,252,1594,0.6587202007528231,0.3498987163339941,0.3833014385263811,0.7900594635499647,0.3188987243355585
-119.43685971064158,-110.89683792090541,0.7765945281813618,203,1083,203,1594,0.679422835633626,0.38485390652173695,0.4570201434700916,0.8223014106964153,0.35482954631873753
-77.1855485150338,-110.60950877925394,0.7825505009938921,359,981,372,1594,0.6154328732747805,0.3248272788843103,0.46980941354264644,0.8417116150122406,0.36765815787969036
-88.94967061976799,-110.30126487311593,0.7781949757152036,344,1016,344,1594,0.6373902132998746,0.4318149660774673,0.477032502843001,0.7849333826174767,0.33216312206880505
-80.08086695612815,-109.70079144449971,0.755459643016215,335,1008,350,1594,0.6323713927227101,0.3500545846041076,0.42442915022555994,0.8257902530266279,0.3679168574331089
-75.18259110335104,-108.9893716213308,0.7327151114040794,376,968,376,1594,0.6072772898368883,0.35745238702810556,0.4321077053970145,0.8429821914587241,0.35894832326400833
-100.01702325317015,-108.61672895772743,0.685710140652085,325,1004,332,1594,0.6298619824341279,0.3853663589922229,0.42882553740411883,0.8325909200373258,0.3192141178326642
-104.22923380025462,-108.11948268287875,0.6769083282457228,238,1074,241,1594,0.6737766624843162,0.4063848874980649,0.42576256944356566,0.7783135865172489,0.3564169956751116
-82.39188009413458,-107.72238851315758,0.6755119437105133,299,1021,314,1594,0.6405269761606023,0.3124967266872063,0.46958821017414887,0.8380242259070764,0.3607147010621095
-81.17153406781476,-106.95058865074652,0.6663065696864335,351,977,356,1594,0.6129234629861983,0.4252812259957424,0.4641862295429957,0.7790387464563095,0.3467374360550223
-81.24552475745365,-106.2068747145494,0.6287851916047462,361,967,369,1594,0.6066499372647428,0.3842310145981841,0.44597917034325296,0.8422493054980662,0.36315438000280953
-99.36974232738564,-105.44691069597768,0.6132363475639288,267,1039,283,1594,0.651819322459222,0.3689698447821683,0.4157405256310084,0.8387557144150509,0.3604006000288087
-57.57012520164268,-104.51770052264402,0.5886873056116485,418,930,430,1594,0.5834378920953576,0.3641242232202907,0.45090755333689325,0.7916573151476627,0.326621016895868
-85.99152494809707,-103.75806855101901,0.5688350191719656,322,1007,334,1594,0.6317440401505646,0.33079525243887414,0.4499552400172352,0.8236815212636251,0.33588873075226533
-95.23826346559572,-103.39852497644395,0.5623460106756092,230,1086,247,1594,0.6813048933500627,0.34382906671615404,0.4143600993905794,0.8057955413740916,0.3677179106935057
-105.88109844180636,-102.8229224294808,0.529158098525762,202,1104,203,1594,0.6925972396486826,0.3474911268458277,0.4099711760987889,0.7316368499404046,0.32737149697282436
-97.1886376327751,-102.71445441118377,0.5266253238843994,291,1004,291,1594,0.6298619824341279,0.40738332798554205,0.420322412717239,0.7460873005248716,0.30097290496559276
-81.20582975698318,-101.9916767637452,0.5175781577344567,345,987,348,1594,0.6191969887076537,0.3160129732074571,0.45669926540369427,0.8356844968596288,0.3517784589908158
-68.32407640140117,-101.85142780449594,0.5207139602001114,385,952,392,1594,0.5972396486825596,0.34073341932437623,0.4573454564794939,0.8532195321405845,0.3848624420658774
-85.12399953626098,-101.31047790667307,0.5057936143421072,294,1008,295,1594,0.6323713927227101,0.35856516954349726,0.3944516462409464,0.8265245983462249,0.345770344469351
-95.23982717399784,-101.02587696207475,0.4955406374147129,314,1007,330,1594,0.6317440401505646,0.41532012053443745,0.4247398152793618,0.813594970497485,0.3700224402209161
-107.32837007127212,-100.9825081608761,0.48405115156134504,274,1063,279,1594,0.6668757841907151,0.4108065141385517,0.43886543339415035,0.7836722917236763,0.31254887049178415
-90.20778222453882,-100.24890790525255,0.4756117606489412,340,994,348,1594,0.6235884567126725,0.40229681795815486,0.44235555960637085,0.8315736212149794,0.3669474138767829
-79.81876524768371,-99.78084120031608,0.4664943097246714,296,1011,301,1594,0.6342534504391468,0.3023771867361708,0.4360616797479923,0.8111398611675651,0.37347202905377896
-81.30840992825517,-99.52356326149749,0.4599217139580981,318,1004,321,1594,0.6298619824341279,0.3276071897128519,0.49751228022197186,0.7325204572442894,0.2909634807431023
-98.88842853241633,-99.46135975052592,0.45608427384800826,235,1068,249,1594,0.6700125470514429,0.3751174549067438,0.45865832559636377,0.8417482413375491,0.3613693374194991
-85.71677454284217,-99.06723478683763,0.452847407610952,325,999,348,1594,0.6267252195734002,0.3672695773731841,0.4337273449046554,0.7440286692045848,0.30833449938184887
-99.5842902948858,-98.92464144896753,0.44732450652339145,274,1049,275,1594,0.6580928481806776,0.355485097736482,0.4397404836275445,0.8457210544197314,0.36838781430849965
-131.57268729833638,-99.3295060312808,0.44525444409735215,168,1146,174,1594,0.7189460476787954,0.4188985431853244,0.4877392127229602,0.7836691817458061,0.3083549231486589
-101.26582765923759,-99.52157493442104,0.4353851842519168,263,1066,267,1594,0.6687578419071518,0.4081676271052478,0.47489034953361803,0.8003398299627491,0.3084701503701211
-112.9339842454358,-98.94663016232454,0.4240694119383825,218,1096,226,1594,0.6875784190715182,0.3765606499689314,0.45974055213235715,0.7735528967236546,0.30660326452502634
-89.05145670873216,-98.71110220079895,0.42564941097029313,273,1030,273,1594,0.6461731493099122,0.34232012149678903,0.45737438578722833,0.8190957101242594,0.33964522607566683
-66.12355066595521,-98.38752046217814,0.42534351362725603,348,967,349,1594,0.6066499372647428,0.3058672763840366,0.46231931904307644,0.7726866453377085,0.3367799011211761
-105.5441806040689,-98.35836597271685,0.42879184890622385,250,1076,252,1594,0.6750313676286073,0.3715660893636327,0.4157865848034957,0.7842585243143412,0.3189847095824004
-69.28435746103065,-97.94920311295547,0.43532386259045497,413,924,413,1594,0.5796737766624843,0.33670071230908405,0.4400375409121442,0.8024976803237194,0.33015851558587145
-100.2559782536307,-97.64117356092926,0.43441556078433785,316,1022,326,1594,0.6411543287327478,0.3801986425706616,0.4453772353772794,0.8372845858198203,0.37246476521431315
-99.34299947340695,-97.45632661793518,0.43183637005571407,286,1027,291,1594,0.6442910915934755,0.39736561501596845,0.4488866685730404,0.7724008708310875,0.3308234514950747
-88.03904307722202,-97.20223421032247,0.42641897124725076,342,978,342,1594,0.6135508155583438,0.35977304191020365,0.4655297248082606,0.8129644795794166,0.3597877617639659
-74.22647069532768,-96.69495241842705,0.40143123816591547,355,974,362,1594,0.6110414052697616,0.3346428226676805,0.42460508811279335,0.8334665935846552,0.35053581382450627
-90.59283176400851,-96.19821787839584,0.37334956625480814,269,1036,269,1594,0.6499372647427855,0.3417715988484301,0.43890702609444787,0.8135874724458138,0.345487728442599
-105.7305666994682,-95.90705606656289,0.3720540928538389,221,1097,235,1594,0.6882057716436637,0.3499585549183716,0.44234571406704803,0.8203639654289767,0.368786912363649
-90.00325094936962,-95.52634512190608,0.3690541207190702,286,1034,293,1594,0.6486825595984943,0.35540118540027177,0.43110327662927417,0.8135620749798957,0.38218862297466305
-94.90648316658832,-95.31351135890607,0.3455291159175165,312,1013,326,1594,0.6355081555834379,0.35895221768019203,0.422347795399957,0.8259800514148935,0.34103818491916815
-129.68888167746448,-95.5076811462193,0.34730205113634843,157,1134,165,1594,0.7114178168130489,0.4138140582640941,0.43954149564859085,0.8389234930921943,0.39231190669095456
-94.49550507125329,-95.00395430128926,0.32632754547613585,287,1046,287,1594,0.6562107904642409,0.3195088241714123,0.4350190432352829,0.8420206829100446,0.34676865700309395
-109.18144631606046,-94.91549299755674,0.3174442254148464,266,1051,273,1594,0.6593475533249686,0.396075642335405,0.48324222598208594,0.8409189371028536,0.3684311881175708
-76.69850488417755,-94.58679069056409,0.29252225514260727,338,992,342,1594,0.6223337515683814,0.3302536629868488,0.4479040881952192,0.786312941512811,0.32523652100852574
-94.98822049015517,-94.6189600195045,0.29165841796173525,231,1066,232,1594,0.6687578419071518,0.3345973467836438,0.38676705281290713,0.7855220963247005,0.3384768284832538
-92.56074546585522,-94.56101252211421,0.292799088016803,277,1028,277,1594,0.644918444165621,0.3325020878091425,0.44745193117506665,0.7853059219687808,0.3315609648225596
-125.2023216211946,-94.83205795643673,0.2954401888848707,209,1104,221,1594,0.6925972396486826,0.46195859262156086,0.44357342859780025,0.8372370800815012,0.36169545036397677
-83.01439556498103,-94.91580985677274,0.29503102740778914,309,1004,312,1594,0.6298619824341279,0.34522677734752993,0.44759863251513066,0.826088286763973,0.3564261326853616
-92.3487076529663,-94.70898760526167,0.29337694377741497,285,1042,288,1594,0.6537013801756587,0.3470056079558728,0.4152727271992249,0.8175675040637187,0.3407935927818537
-94.06418021805827,-94.69207587751266,0.2917963862134794,266,1041,266,1594,0.6530740276035132,0.3328294690335888,0.43045744540701847,0.787970030009267,0.3445515951149874
-94.05653857968574,-94.63827108609017,0.2783434824994193,311,1004,312,1594,0.6298619824341279,0.3928921123857144,0.4839325447376663,0.8289894540864562,0.3197458722440923
-114.43188768892747,-94.97569855605695,0.2867858998307695,214,1090,214,1594,0.6838143036386449,0.38725561515062823,0.4829937834279398,0.8087649061855761,0.31209499352118886
-75.038122417812,-94.80931612977685,0.27989405606600515,383,954,384,1594,0.5984943538268507,0.3276734495546373,0.45440806770993375,0.8666811987309837,0.3790172106811658
-80.1002773317257,-94.66733606635142,0.2718635483862198,315,1008,347,1594,0.6323713927227101,0.3188144683364135,0.42767193862847264,0.7848529701544839,0.32132602137633703
-78.60071135440053,-94.46310686240722,0.2699361499306396,389,968,389,1594,0.6072772898368883,0.348483133601094,0.4426294646787721,0.837630608080788,0.37982613791168574
-87.13081328202618,-94.60463396697878,0.27242459444801204,290,1055,293,1594,0.6618569636135508,0.3241245242525404,0.4411113732846689,0.8395607483970264,0.34949600197493635
-109.54349414380167,-94.649009251217,0.27123081480012556,220,1098,244,1594,0.6888331242158093,0.3716674817778067,0.44159335526988924,0.8065877904033176,0.33158328881521987
-108.95048462337579,-94.44013464434425,0.270481426099216,203,1123,209,1594,0.704516938519448,0.3262804155791666,0.44383116203174683,0.8678053688600276,0.3858893507803475
-102.76194301720392,-94.35662331723267,0.270815203091315,221,1099,221,1594,0.6894604767879549,0.2924134379379261,0.41704514376451984,0.8081818430738862,0.37299890641369404
-105.58265852843522,-94.4094992113827,0.2703953905607446,248,1082,256,1594,0.6787954830614805,0.3529681806777505,0.4733336462056375,0.7533969565117142,0.26977667495852115
-74.48337780589571,-94.02562738000734,0.2702239548723425,365,967,377,1594,0.6066499372647428,0.3705171875608627,0.44454428831065307,0.8292629142584671,0.33555192181841736
-78.54576612606043,-94.04848517169279,0.26452576158636687,351,1007,352,1594,0.6317440401505646,0.3310329137628449,0.45268889427932274,0.8382246709204269,0.3583243490229798
-93.08031108667015,-94.01490753886175,0.2665132332120071,300,1010,303,1594,0.6336260978670013,0.3593136063500688,0.4250561347357879,0.845185492320145,0.3592746194101671
-110.33705277456488,-94.2365276703587,0.26077354327714874,191,1115,191,1594,0.6994981179422836,0.33304750053928883,0.4791595041347078,0.8207934440641664,0.33053446212436643
-73.30937237464275,-94.03453034483886,0.2589834325601558,343,977,349,1594,0.6129234629861983,0.32651487262904155,0.4636559198091707,0.8136283313041126,0.3191994687612152
-101.24970077320589,-94.30137106271818,0.2940317948551547,209,1097,223,1594,0.6882057716436637,0.3265094606320392,0.4592322362091521,0.825252471174611,0.33913630290492214
-111.63334183045585,-94.61146604421377,0.28853274422809905,205,1105,218,1594,0.6932245922208281,0.35288207701582275,0.44345976628257117,0.8125276007305573,0.32454674544930984
-89.62633575121917,-94.36224642744394,0.28588399480656823,200,1111,202,1594,0.6969887076537014,0.2480610450667835,0.4575460384843272,0.7870524935697327,0.35149744079061446
-97.60935300116992,-94.52334503701923,0.283021820812827,194,1109,196,1594,0.6957340025094103,0.24741781745445815,0.4814663088370026,0.7202169486493947,0.2851797547985555
-92.61521840726043,-94.65028346007104,0.28060071354299504,275,1071,278,1594,0.6718946047678795,0.31403042919041163,0.4583284443564074,0.8572350627808663,0.4011985125292269
-113.38992477043546,-94.92132063457561,0.2781868085944126,176,1134,189,1594,0.7114178168130489,0.3403653201041429,0.4915949478152024,0.7356752961622912,0.3285435544585501
-108.40322228621423,-94.81599433348026,0.2776139369720409,245,1081,250,1594,0.678168130489335,0.3704310800612254,0.5159686796336287,0.7988605395059547,0.3279022708145173
-76.14317460668919,-94.48499813977578,0.27661393697204084,343,972,351,1594,0.6097867001254705,0.318770871730233,0.4187669230622275,0.8112697240382155,0.33526553425092587
-100.88238545796378,-94.55439049319115,0.2757953559327461,253,1071,253,1594,0.6718946047678795,0.3666028065070729,0.4332697408155594,0.784464589128119,0.35794592024757393
-74.7571953100833,-94.4263161927253,0.279081798142207,359,983,368,1594,0.6166875784190715,0.3480490009286288,0.44049163532601165,0.8244668544874639,0.351866307274456
-65.16098325123373,-93.90191537091584,0.2785082391908584,319,1022,346,1594,0.6411543287327478,0.26980872913146076,0.44978957294759014,0.8024630726479851,0.35088050391709147
-81.30455853164362,-93.71348780843469,0.2926637911170454,335,987,343,1594,0.6191969887076537,0.35508381827454466,0.4582127900326377,0.8203482967518616,0.3298665635461532
-124.46272485432118,-93.67072354024445,0.28846090053779266,161,1168,169,1594,0.7327478042659975,0.35892019119488455,0.4513286283005919,0.7586514866763433,0.3078075574479702
-88.27788157311473,-93.4409220017238,0.2906003358920891,295,1018,298,1594,0.6386449184441656,0.3046297243302697,0.46533833603994984,0.8694295253618132,0.3645060684142831
-74.37540073587776,-93.08547604741378,0.2891901498617806,308,1018,331,1594,0.6386449184441656,0.29439462009446515,0.4323165282807215,0.7840136986293498,0.3239162250694914
-89.12602644032053,-92.97445527533291,0.2914807871515171,284,1040,296,1594,0.6524466750313677,0.35291526662718414,0.45485094970376483,0.8270011711155453,0.3622518989539364
-104.83440698675263,-93.08103647251566,0.291974289215972,228,1091,230,1594,0.6844416562107905,0.3037060452618137,0.49654150539495295,0.8297687275418508,0.3274538890596899
-71.39636060608024,-92.99310173861203,0.2931885187439094,334,988,334,1594,0.6198243412797992,0.311213324656003,0.4760200915218058,0.8172694916047615,0.35283572344312286
-117.67489361700818,-93.0966360700051,0.2898983684509862,147,1165,150,1594,0.7308657465495608,0.3272878168168046,0.44815405190826385,0.7193777482675819,0.2531879438166916
-78.4039802032155,-92.96788117550471,0.2898983684509862,292,1012,292,1594,0.6348808030112923,0.2845881915359031,0.4542949091202809,0.7799673209421701,0.32898571985301456
-113.6033107232452,-93.22630354898733,0.34748793422400404,155,1165,168,1594,0.7308657465495608,0.29792390326151785,0.5049294373985608,0.862189268124935,0.3677932374900826
-89.95984484837696,-93.0341706635646,0.3467610196591554,248,1074,248,1594,0.6737766624843162,0.26049814725634785,0.4590668592047596,0.7952067812077439,0.3345269064064394
-84.80698367925638,-92.95395072954527,0.3458888454944944,280,1060,281,1594,0.6649937264742786,0.28046290097892546,0.4470581395095885,0.8428979568292573,0.34709528765191944
-85.48816743476398,-92.8068731812037,0.34101924527599187,240,1071,240,1594,0.6718946047678795,0.2531207621067865,0.5046214889561984,0.8181853890861799,0.3563590405840701
-78.70557588627717,-92.42577390346254,0.3410192507894215,276,1023,276,1594,0.6417816813048933,0.2594419572470679,0.42775226099096797,0.7691095110653126,0.3577578305932393
-99.08064580660519,-92.2430945019359,0.3403336592770122,230,1079,240,1594,0.676913425345044,0.31751665231018866,0.40190605301423205,0.8135546257420311,0.34193131759787476
-75.59907220886227,-92.04590486411624,0.34167588129629783,262,1034,262,1594,0.6486825595984943,0.2675358623738758,0.45304903290246756,0.7650644757214244,0.31091657985360144
-76.49313373277963,-92.03320880451061,0.3427580420005593,368,966,369,1594,0.6060225846925973,0.3608287416194873,0.4947179151585129,0.8068991700530305,0.35763709641372887
-81.62302945496818,-91.99253838901761,0.3439198196954109,308,1010,309,1594,0.6336260978670013,0.3461413620151852,0.4718191882233599,0.7982893881525962,0.3738334126352523
-107.3519749135447,-92.26482495319948,0.3449017661402925,187,1126,211,1594,0.7063989962358845,0.2966352338948332,0.4431579900862068,0.8179729524193251,0.30573301325165386
-118.74536325674013,-92.56340966570107,0.34449216687432865,129,1175,136,1594,0.7371392722710163,0.2890391707797032,0.5002457418246598,0.8522097302680278,0.3429022146849144
-60.47540898798889,-92.34045135609522,0.3454338710248479,420,919,420,1594,0.5765370138017566,0.30670194228344433,0.4673978590922245,0.8085384638587013,0.3372671725409328
-101.23639131049082,-92.35442038662968,0.36827508350856597,229,1115,229,1594,0.6994981179422836,0.2921328884823508,0.48998608660037263,0.8060090984892624,0.35822369133315696
-98.78473748195557,-92.14789916434283,0.3680994120174418,278,1042,279,1594,0.6537013801756587,0.33701011310335055,0.4922820452972263,0.8338693736925921,0.36677188641469094
-102.58769679048685,-92.40192064709734,0.36214343920491127,282,1070,287,1594,0.671267252195734,0.37091053364085586,0.46930805511051454,0.83227151680571,0.35505813371537276
-79.10750056839198,-92.30349894658359,0.3617802575103904,320,1010,321,1594,0.6336260978670013,0.3152009961530821,0.47632560288195747,0.8178878277369239,0.35601048156633813
-78.72204232141323,-92.28991070023643,0.36418396297655425,332,1022,333,1594,0.6411543287327478,0.3276202675499977,0.46105654721836375,0.7902611549888535,0.3371319821442482
-67.93214174413988,-92.21740620664434,0.36480178771963984,336,1006,340,1594,0.6311166875784191,0.2877437491791241,0.4543551073095656,0.7989344403631357,0.3427460107848063
-78.91210860895742,-92.00635706020222,0.3631825575190419,292,1017,296,1594,0.6380175658720201,0.2677754135729689,0.47682295507545097,0.7710793103488836,0.32310322124920215
-79.29418040350193,-91.75700652623469,0.3613165716140824,314,1017,322,1594,0.6380175658720201,0.3012631349447608,0.47933209054327897,0.8377866835314245,0.3491646639357817
-85.91509630938147,-91.79223868838716,0.3609369700911574,294,1021,297,1594,0.6405269761606023,0.29495086166224416,0.4685879479242244,0.7985424651650561,0.3181627696719108
-102.23043984552541,-92.00282774616426,0.3679896467680439,223,1106,231,1594,0.6938519447929736,0.29656978008647483,0.4854902377005145,0.8735327422331014,0.3658241186585583
-83.29409443820815,-92.0233134429718,0.3669900441820129,285,1044,290,1594,0.6549560853199499,0.3103239089608114,0.46013141714061984,0.7823133973678913,0.3247207724974238
-83.48881059360187,-91.86450412563396,0.36896865979687166,332,981,333,1594,0.6154328732747805,0.32251713107176583,0.4739636588058912,0.8458549622662527,0.3331759303636605
-94.47594694862663,-92.2335623431038,0.3678483165617499,251,1048,263,1594,0.657465495608532,0.332258814178086,0.4780225083328117,0.8145193461809026,0.33821182845474856
-79.81253414604845,-92.17177243508333,0.3433881429772482,360,978,378,1594,0.6135508155583438,0.35458317179001375,0.40993882011640254,0.8090104074148797,0.33384804815232405
-83.53199639314201,-92.05470976435879,0.34104307094614,259,1054,259,1594,0.6612296110414053,0.23257595932428954,0.5170709244560714,0.7972373766206441,0.3274973552994254
-100.62352534277186,-92.00213403336843,0.40091991446832537,185,1153,208,1594,0.7233375156838143,0.2726745894906376,0.506468135063568,0.808126780036964,0.34837097999320776
-103.45293255325527,-92.06477698257322,0.4399105899014794,184,1152,184,1594,0.7227101631116688,0.27134789787805913,0.4905267826481565,0.8323078237143753,0.3398935456455253
-105.2261565865216,-92.3049802508686,0.43929266128168787,270,1047,271,1594,0.6568381430363864,0.3656061474512448,0.46372610227581024,0.8352897666587594,0.34039600566695366
-86.96509584962965,-92.49139044535087,0.43677623180413616,286,1040,286,1594,0.6524466750313677,0.3281105169904758,0.4521193151459404,0.781215329096517,0.3289908662780381
-103.08581016926844,-92.67100855168096,0.43723240197490354,287,1042,300,1594,0.6537013801756587,0.3693774534433905,0.41141865853781745,0.844738733518529,0.33090010033438555
-77.91983112514858,-92.49780859119248,0.4349609489963649,344,1010,347,1594,0.6336260978670013,0.3356000035512021,0.42375186807508536,0.8180565293732421,0.3619986460346489
-89.85863673467392,-92.32311125782651,0.4351100465803484,239,1083,245,1594,0.679422835633626,0.28619236232232403,0.46580142334448227,0.7661897285908064,0.3384417916630488
-79.27137035262795,-92.2137471391074,0.4334428139925898,286,1029,286,1594,0.6455457967377666,0.250734132191473,0.49231528765485016,0.8304293488933793,0.3530491847903327
-110.02803615925764,-92.51583984822315,0.4338825364555225,170,1143,174,1594,0.7170639899623589,0.3014619297491553,0.4112785807327158,0.8232534964578254,0.36462587097003585
-103.96911400603099,-92.74244688900089,0.47523783272832054,151,1167,161,1594,0.732120451693852,0.2321077853570993,0.5217035728643593,0.8273073717910936,0.4016851427850604
-98.20831592291151,-92.73564576290585,0.4756030182667041,216,1117,230,1594,0.7007528230865746,0.275898134627726,0.5194235385472987,0.8484073154761255,0.3639036837879386
-91.00879446910707,-92.78856596216849,0.4717481515865489,223,1101,223,1594,0.6907151819322459,0.2530203393690587,0.46846495982898945,0.845415597352732,0.40041558396562715
-88.4398755448066,-92.67712181466771,0.47277084680577913,205,1105,205,1594,0.6932245922208281,0.2563360862739594,0.4228141899071265,0.8202900517630756,0.3612156059158022
-98.78637506773985,-92.34925869236176,0.4675759902675575,239,1082,246,1594,0.6787954830614805,0.32309544743695723,0.4546291559907176,0.8201647420002027,0.3706455639785987
-89.14096177646036,-92.22801003353398,0.4667714368011962,257,1058,257,1594,0.6637390213299874,0.2837986410952878,0.4787545092504797,0.7378587350664082,0.2894621888772114
-93.46401352760641,-92.03331032635568,0.4659903298135221,318,999,318,1594,0.6267252195734002,0.35670826784275156,0.481908960823116,0.8485264098577072,0.32865556119821115
-93.96804871127168,-92.08247624638105,0.4629979508404346,268,1051,274,1594,0.6593475533249686,0.32793289737229514,0.38957865697839084,0.8309353573633093,0.3373801854115527
-94.03111978538449,-92.36155193757533,0.4630307211269421,201,1092,201,1594,0.685069008782936,0.2585668903798338,0.47288390513265854,0.7783181081729551,0.32389744381722496
-103.73510795290426,-92.34346121106368,0.4583390125016163,206,1094,206,1594,0.6863237139272271,0.3223852095862181,0.4324531914228847,0.742192565974779,0.31189936360869625
-75.13241291180276,-92.40194176557141,0.44934292115496816,342,1006,351,1594,0.6311166875784191,0.2886764393467859,0.48267011605834725,0.8515788060928571,0.3646144853129224
-86.8756152232217,-92.26813813526731,0.44934292115496816,266,1074,274,1594,0.6737766624843162,0.31522643334754963,0.4650509519390395,0.8084342788974936,0.3455794265852957
-111.4630255373087,-92.38933839590635,0.44802610442926716,186,1118,189,1594,0.7013801756587202,0.3295494284420378,0.4705412208077296,0.8145769541805996,0.3420287871905149
-90.02298196154963,-92.4091777847496,0.4485109381760566,281,1043,287,1594,0.6543287327478042,0.2758031243391629,0.49347083946520165,0.8291842334392189,0.35039116428146067
-75.67185299867509,-92.4236316077831,0.449532074458606,278,1049,286,1594,0.6580928481806776,0.27308182091484146,0.4552994852154724,0.8396713289913946,0.3588384456517716
-86.22936285075605,-92.37999691865056,0.45177727322315087,231,1100,252,1594,0.6900878293601004,0.25240859485051154,0.4888072631815332,0.8432975351306616,0.38273258618148703
-85.53670104154843,-92.17805826207139,0.44726501381627076,305,1023,335,1594,0.6417816813048933,0.31515210799858134,0.4566439664731099,0.8373755934252962,0.3458711330067556
-60.69729954153245,-91.88499874799301,0.45058462854260223,406,909,409,1594,0.5702634880803011,0.2874773157989046,0.45525073916132036,0.7995560529551456,0.31770692818349683
-105.66058753268179,-91.99253979165397,0.4480825865321799,245,1062,247,1594,0.6662484316185696,0.38569101035227266,0.44068166045423707,0.742029414428317,0.2812884365629166
-87.03513828278766,-91.5660023577072,0.4423357052751912,314,1004,330,1594,0.6298619824341279,0.29405505948961563,0.4450845223959576,0.8553894376007732,0.37347315259276537
-86.95914988769579,-91.49063880587163,0.44236232925387553,313,1009,313,1594,0.6329987452948557,0.3185070833430538,0.48863146781650957,0.8050453885989717,0.37355238642165356
-93.37555807349608,-91.33257992344598,0.44109516919774044,230,1086,232,1594,0.6813048933500627,0.2724409605081056,0.5075278009256439,0.7699703225904966,0.33635849145881924
-108.18387231718168,-91.64743359777603,0.4436514722207612,145,1170,157,1594,0.7340025094102886,0.2631649670259502,0.4706040244093981,0.8319154829170916,0.3736347702565817
-98.51658084878281,-91.68271720136228,0.4482480786873532,227,1078,233,1594,0.6762860727728983,0.31850218056613866,0.5036667140383118,0.7947520938365917,0.34266923071427857
-76.51908434540482,-91.52230059015781,0.44634553440641,312,1015,312,1594,0.636762860727729,0.29147213151189116,0.44325142464271095,0.8153119630390375,0.33520053567019237
-95.5597557306445,-91.22587493125229,0.44397312165156455,235,1108,250,1594,0.6951066499372648,0.2663627968558361,0.46380414038864026,0.8235095915547126,0.38503616185599043
-76.13323500693292,-91.15706332567183,0.4409590815876178,334,995,334,1594,0.624215809284818,0.29188317493909494,0.4572125221889169,0.8330281532722712,0.32922664669237106
-99.30952193605562,-91.2266714685027,0.4418484437000896,150,1160,150,1594,0.7277289836888331,0.23878678414810714,0.4612196655681023,0.8158858249691614,0.3676841805214542
-72.71189730574977,-91.0131486393796,0.44073927195032864,332,1006,336,1594,0.6311166875784191,0.28798327981359695,0.4493093024257961,0.803654628475572,0.3262817744427971
-50.568182346184294,-90.57826507704458,0.44052812650043405,442,903,460,1594,0.5664993726474279,0.2867797588820503,0.4557288041733146,0.8212761499288874,0.35988713014218726
-72.31203910806927,-90.157066591236,0.43108592583196753,358,994,358,1594,0.6235884567126725,0.2831562116911905,0.4470831448752532,0.8494230347902232,0.3590053433645207
-113.46224044582807,-90.54130777151614,0.4303782026904397,149,1176,154,1594,0.7377666248431619,0.2774239348141294,0.4364837749884462,0.7745739337289927,0.32483516283529423
-74.67061510252866,-90.48701114922419,0.4305686004040311,320,994,328,1594,0.6235884567126725,0.27685954244442457,0.44466253919047666,0.8059468901755619,0.34602879834917666
-70.45573847631083,-90.40556142044328,0.43377918150117156,363,974,363,1594,0.6110414052697616,0.3181089866529155,0.44659670476341023,0.8313054305259973,0.3352063229800084
-107.85504167868515,-90.61280370440988,0.43129073698379905,151,1148,151,1594,0.7202007528230866,0.2569945040107501,0.4520054908445907,0.7697050839372147,0.3105229413259114
-69.97946064176138,-90.21716336938947,0.4333647087052237,303,1003,303,1594,0.6292346298619824,0.2472116576160929,0.4752495101578794,0.7250996965213492,0.2999439211192247
-69.72437340043051,-89.82490225716003,0.43405929047380665,347,974,383,1594,0.6110414052697616,0.29179627191349444,0.4475172371273577,0.7723613855575948,0.33194581378180826
-89.36787511013218,-89.69096157808931,0.43464530038198973,269,1064,272,1594,0.6675031367628608,0.26777473439972665,0.4747050926905644,0.8100007527689956,0.36912408398277935
-107.88500741593303,-89.71398506696431,0.43870746054716586,121,1186,130,1594,0.7440401505646174,0.22439373662413425,0.4586740851402604,0.8071251312725081,0.33042695185415916
-82.092953708857,-89.7900808259939,0.43781351984789557,277,1043,279,1594,0.6543287327478042,0.28431164873267184,0.41956075653434327,0.7460282519932995,0.30508348806164143
-100.09235857634626,-90.00554675049678,0.436235865376679,267,1068,267,1594,0.6700125470514429,0.3738053932286464,0.4784318697103264,0.8071275788970671,0.36334702645714423
-92.06249045970794,-89.99536854422715,0.43607438840880514,215,1094,215,1594,0.6863237139272271,0.24532787252105423,0.4965987604257425,0.8581488206661685,0.3604933221579613
-77.4518020974999,-89.66651603745649,0.4448537376167481,339,985,352,1594,0.6179422835633626,0.29160740974686555,0.5083754434607543,0.8112953120904957,0.33858321106054423
-72.94526439284718,-89.66287495763852,0.4446438493768225,391,960,391,1594,0.6022584692597239,0.3139581592757864,0.43687723033814235,0.8506443802983247,0.33521477835922975
-78.5202056289088,-89.43558000619556,0.41163908725854115,333,1008,336,1594,0.6323713927227101,0.2751417403425645,0.46327426407135724,0.8517219551147515,0.33934524519548853
-58.16397103198693,-88.90088629821086,0.4109703725958888,395,936,413,1594,0.5872020075282308,0.29373695193562116,0.4619404007110624,0.8092683053202759,0.3389570323958755
-76.01912763139879,-88.76481421701266,0.41542955809914534,332,1009,335,1594,0.6329987452948557,0.29711615064526153,0.48126830087457567,0.817096169496209,0.3585204695002045
-84.81246340698456,-88.63684532107081,0.4165504145328687,270,1055,289,1594,0.6618569636135508,0.2881429755951036,0.4194411660305886,0.788091830456749,0.3307268721863258
-92.36965588714938,-88.6343896958697,0.41681779560736054,253,1051,255,1594,0.6593475533249686,0.29955268375164773,0.4670382238295694,0.8374114097543502,0.408128178986913
-83.54317029036073,-88.33592215106896,0.4172860010438592,265,1072,265,1594,0.6725219573400251,0.27683517423752035,0.42418604006819505,0.826472816473703,0.37190855352331886
-92.85919037136415,-88.18048183192046,0.4122208092082885,262,1056,272,1594,0.6624843161856964,0.30321737671566545,0.47862185016521375,0.8036969459530601,0.3402716241589635
-81.1849285202949,-88.23089937105651,0.4127470818074249,246,1092,271,1594,0.685069008782936,0.2780365357978384,0.434449038074323,0.7967772263288982,0.32254351032195405
-82.9342442477539,-88.05141795895443,0.4125282337675025,262,1077,277,1594,0.6756587202007528,0.2616522739630488,0.46183717929399504,0.8216961761584514,0.3496508591054403
-70.00799811869956,-88.00392598704059,0.41017385362919406,381,977,381,1594,0.6129234629861983,0.29636617012891164,0.4685233129451537,0.833982780211086,0.3519064368155088
-83.31545126558802,-88.18547066718412,0.410029851276992,275,1041,277,1594,0.6530740276035132,0.30309639024210283,0.486030819992239,0.8189812898286244,0.34884423248020996
-85.15162862635904,-88.22394136813128,0.39582282242605193,315,1019,318,1594,0.6392722710163111,0.28268827996810575,0.44105058738353553,0.8497041838130347,0.3432033894510931
-98.76152778873946,-87.96692939747547,0.394049584333527,225,1117,225,1594,0.7007528230865746,0.2780571771136835,0.4598584418631637,0.8254798911676624,0.3630057197766116
-99.01633903680599,-88.07431397211236,0.4626046853488864,213,1125,228,1594,0.705771643663739,0.28778271247019405,0.4629046516918033,0.8358144392829475,0.34154003878534245
-87.31887068182375,-88.20374867157184,0.46315833925710337,253,1059,253,1594,0.664366373902133,0.2684914699921757,0.5136137392909638,0.7742403546751088,0.3128900080809744
-93.04436181289377,-88.24293202529756,0.4634611246164736,302,1018,309,1594,0.6386449184441656,0.3336265584493274,0.4689077068709113,0.8631273641058574,0.38632718574352853
-97.78354423905792,-88.17242339782064,0.46354542288738637,222,1115,236,1594,0.6994981179422836,0.2832751711246937,0.4808722909089055,0.867973887153239,0.3680828863226079
-66.7528370352381,-88.12598816211221,0.4614146652040549,350,973,351,1594,0.6104140526976161,0.32315112642526955,0.4893467052343485,0.7514742792180632,0.3128088542636291
-87.64880220431154,-87.82572724798526,0.46506131568403575,269,1041,271,1594,0.6530740276035132,0.30490555478198267,0.4564363332943421,0.8417379061381334,0.3454183698026131
-106.42377846143151,-88.1059252305674,0.4705305790191764,150,1156,156,1594,0.7252195734002509,0.25661081619055326,0.4716143479308977,0.8623976800446814,0.37313350079532237
-91.03871887139707,-87.88027931204891,0.41368218572969345,243,1088,259,1594,0.6825595984943539,0.29010099957975716,0.4477797934878877,0.849524797060907,0.3564939107807001
-93.64820557925766,-87.91716291935772,0.4138209051566897,302,1034,302,1594,0.6486825595984943,0.31566715235272774,0.4324740959454432,0.8464339445663465,0.3643961917537345
-84.15705171297093,-87.91066359969487,0.41746076903600704,280,1043,292,1594,0.6543287327478042,0.2762804702291924,0.43897535332904053,0.7719851051980096,0.34788346277383597
-97.75059843989287,-88.03328790974616,0.4179354152490405,223,1094,235,1594,0.6863237139272271,0.2772015785837168,0.46180695485694734,0.8459515492649131,0.3756960950600039
-93.53365153799767,-88.18156866626336,0.44750508803454414,222,1112,239,1594,0.6976160602258469,0.2556725568575164,0.4277673437908516,0.8150078264878009,0.34465123462783126
-79.57592531933656,-87.98652146139065,0.4566923958470831,266,1053,274,1594,0.6606022584692597,0.2667529030375312,0.44152000107209816,0.8330800453388858,0.34441580885809453
-101.43785530405968,-88.24490929234264,0.45512180088390175,184,1132,184,1594,0.7101631116687579,0.28912796261119966,0.444421294162571,0.7823659273405636,0.35454736648095714
-79.72532184229735,-88.27723117343781,0.4528709324527027,318,1008,318,1594,0.6323713927227101,0.2793951816621259,0.42387276617056524,0.8628967985220791,0.3691468242001401
-95.84410598175785,-88.41944193870575,0.45541432448509817,227,1078,229,1594,0.6762860727728983,0.279237061423646,0.4709183691823184,0.8271981337958518,0.37236299875220025
-97.30830611766166,-88.3190052507469,0.45484355197610876,216,1090,216,1594,0.6838143036386449,0.2651893704663352,0.4625475838263836,0.7993745282060334,0.3470965534284275
-80.42308641539549,-87.93578248233345,0.45506263083933385,272,1062,274,1594,0.6662484316185696,0.2413572236896698,0.445121621570709,0.794453076002849,0.33544408318741453
-75.92067411182849,-88.09023513357184,0.45481199206421713,363,988,363,1594,0.6198243412797992,0.275614793495663,0.4669288308228328,0.8489774489702427,0.3648975937097851
-74.57943781742645,-87.8236655986412,0.42352080473844445,358,960,358,1594,0.6022584692597239,0.3253597951623559,0.419038961708046,0.8398031734880247,0.35838407127844574
-69.30604142464846,-87.52887863806812,0.4222807024033818,336,983,348,1594,0.6166875784190715,0.29926072430831047,0.49897290276486184,0.7655209642093829,0.3392713948464013
-82.86284859391056,-87.33163015610236,0.42228070240338184,268,1046,271,1594,0.6562107904642409,0.2644187115633988,0.41624313222638737,0.7815227814915748,0.3294556596981262
-93.04593801415722,-87.47101453056001,0.4206975511363724,254,1058,255,1594,0.6637390213299874,0.2984329215561743,0.49630254818747804,0.7634199095548954,0.34615514430605077
-101.32932854731068,-87.69708739281897,0.4185166715245758,211,1107,211,1594,0.6944792973651192,0.2683034809538644,0.4712708365214426,0.8022000218368914,0.32674858304473503
-101.35959428894927,-88.03136191826707,0.4182756175823657,220,1080,220,1594,0.6775407779171895,0.2922028103015888,0.4662289634452034,0.7964759378506684,0.31115340419290594
-66.24168428537467,-87.90465767503125,0.4190929178169125,346,954,348,1594,0.5984943538268507,0.2626611458199906,0.4111619724543923,0.8138146508835385,0.32567375756700045
-82.39158962346512,-87.93563176723087,0.4172862598994914,314,1005,316,1594,0.6304893350062736,0.27584118374402117,0.4510728243405629,0.8203190159526078,0.3348175683690357
-68.71331937286044,-87.76361399786569,0.41640240415751406,337,994,353,1594,0.6235884567126725,0.27439582716681726,0.4424487616383246,0.8034318220530168,0.33632201920023624
-74.44112247775864,-87.48572082418801,0.4099573139475835,297,1018,297,1594,0.6386449184441656,0.24238573205631092,0.4892882190634127,0.8172385497796407,0.3316414070572679
-99.2517325854365,-87.64529720566028,0.41076957573051454,244,1081,244,1594,0.678168130489335,0.27455410626694754,0.43552489862226057,0.8363446083929105,0.38003367506686253
-88.53641919090259,-87.6957732916333,0.41733909772899414,220,1098,227,1594,0.6888331242158093,0.23843274601171172,0.4987987799082819,0.7802677335404807,0.3251015232182302
-87.21183523160495,-87.62313217446308,0.4172236929710881,251,1048,251,1594,0.657465495608532,0.26940713648372405,0.4563099160128432,0.7516181666153554,0.2899969204307964
-63.011236142246034,-87.45511919442507,0.42134817157925347,338,994,361,1594,0.6235884567126725,0.24803235151830055,0.4722836100497522,0.8257210557246202,0.3533876897499123
-75.02180955732098,-87.37001732606684,0.4214836936008141,311,1026,315,1594,0.64366373902133,0.27839278326417294,0.47764862142940145,0.7676562619760997,0.30097828998995446
-92.47776998396648,-87.28855977247878,0.35918249942200775,245,1080,245,1594,0.6775407779171895,0.24650657698708842,0.47541388358184733,0.7969010853995637,0.32127672576189686
-105.81295340749017,-87.31215998102115,0.31742754017282626,224,1104,224,1594,0.6925972396486826,0.28750508415188125,0.5043052076026983,0.8456049766271663,0.3712640894599627
-70.17991522456258,-86.96169756740157,0.31689497987887155,346,974,349,1594,0.6110414052697616,0.2647890213953269,0.4366437247504535,0.8818449107984592,0.3780332244864474
-93.59893121836126,-87.02803592108889,0.31715451980001136,202,1116,202,1594,0.7001254705144291,0.24309989436776716,0.5027836475271023,0.7632660020306397,0.3048628778364759
-110.45939949297063,-87.1017718143259,0.41110965488994794,168,1152,188,1594,0.7227101631116688,0.2964358296745092,0.4720009521641825,0.8743567500094558,0.4027072723552701
-59.89223095357873,-86.92149581261019,0.41211555437324854,395,952,396,1594,0.5972396486825596,0.28443495994804957,0.48899087693685417,0.8053304393007983,0.33453425226528777
-70.83510929710751,-86.73126053823455,0.411966456789265,365,987,365,1594,0.6191969887076537,0.28087033839639736,0.4074203304729319,0.8071705357260806,0.3357349812253961
-72.17183338133334,-86.6602651685216,0.41221153980623804,324,999,326,1594,0.6267252195734002,0.2649706566634861,0.4617416038036681,0.8195411261253466,0.34389386932051746
-99.48465292711028,-86.55483133620014,0.4121419962860716,198,1099,198,1594,0.6894604767879549,0.2880556092855769,0.4702284658764396,0.8550145779784452,0.37385622009840086
-125.53370319129571,-86.77047722805275,0.3720731894478564,133,1159,133,1594,0.7271016311166876,0.31588368266539824,0.4867698279973431,0.7692943283794115,0.2997685148209414
-97.3801358429844,-86.76219542725349,0.3707343766033974,242,1086,253,1594,0.6813048933500627,0.29010470439435904,0.43223727502046355,0.8465077632486047,0.34890013384920743
-117.58995470419526,-87.02800702960435,0.3720315838229925,161,1154,170,1594,0.7239648682559598,0.3073129384763602,0.48875005603086596,0.8142933851851977,0.29826926938316545
-88.01998157250415,-87.02380808988136,0.37135326519186157,287,1022,287,1594,0.6411543287327478,0.30840159567354025,0.4758538904413844,0.7845651981037093,0.3231693715047034
-99.88793291581483,-87.0348236683621,0.373644672493322,179,1111,179,1594,0.6969887076537014,0.24881509257686574,0.4823719368704553,0.8030461884911585,0.3377173309567485
-93.78619190815307,-87.08127596967903,0.37861216169969153,222,1085,222,1594,0.6806775407779172,0.25218729185807454,0.5167700973110153,0.8479663452248207,0.34945590101421864
-85.34828499196912,-87.00011868432266,0.3810188853603138,303,1028,305,1594,0.644918444165621,0.29354264764465227,0.4632786563808612,0.8404522179036209,0.350097992776175
-85.37716623422281,-86.91420985955217,0.388378268045483,252,1082,254,1594,0.6787954830614805,0.2587894633469595,0.49612663366781407,0.8136302230235181,0.29779890672159326
-103.35360671252374,-87.00743472882354,0.39070166677203433,224,1102,227,1594,0.6913425345043914,0.2939759083807735,0.4624067476121298,0.7683966173984821,0.31280941465729634
-87.86408595744656,-86.84872450886897,0.39027952562854684,262,1055,262,1594,0.6618569636135508,0.2724608661065208,0.45962905139198235,0.7876479631930945,0.325517086360548
-80.5730067544597,-86.90313044729554,0.3973069096130237,275,1043,275,1594,0.6543287327478042,0.2476646168891845,0.4564076560203166,0.8099747103013999,0.32390045899762626
-89.70422274607208,-86.93141652252403,0.3977604791546815,233,1074,233,1594,0.6737766624843162,0.2656542718664792,0.48658570252278005,0.7661476594975462,0.2986887424068256
-88.53361443523187,-86.70212241150324,0.3972602833558361,274,1043,300,1594,0.6543287327478042,0.3081983938115608,0.43964687573268113,0.8380401809643262,0.34963766079371056
-96.17684237171112,-86.76366101560487,0.3967754496090466,260,1064,261,1594,0.6675031367628608,0.29474332791456226,0.4301246801201335,0.8344389918598859,0.3402013843005687
-64.46114962250361,-86.65155398184316,0.3971281289589974,379,959,379,1594,0.6016311166875784,0.2628718241050293,0.44787970034887487,0.8300672503640516,0.34769265968147967
-92.12539731966973,-86.7105143265323,0.429255239444023,239,1057,250,1594,0.6631116687578419,0.2916740078887496,0.4195235300096134,0.8411752203690618,0.3678309502062904
-92.69290243542376,-86.78207634047105,0.4272298798390686,272,1064,278,1594,0.6675031367628608,0.29811670789823164,0.42966375276659213,0.803722997180581,0.3309720238277395
-110.49528199761379,-87.28005616503188,0.4329980832848942,150,1136,150,1594,0.71267252195734,0.27042975653995255,0.48470368273939357,0.833797070660218,0.3594201809171945
-113.7358959142389,-87.36080924884742,0.4383796515414554,182,1153,185,1594,0.7233375156838143,0.3050913015799793,0.4956384694722042,0.8255700134848676,0.4009315332979788
-103.42519519802102,-87.52470981799978,0.43896311677480193,228,1108,229,1594,0.6951066499372648,0.3049378425515002,0.4775803281244969,0.8384334199144772,0.375020744477762
-85.81844859151123,-87.51330280503792,0.44245122842666945,292,1031,300,1594,0.6468005018820577,0.2703978909301844,0.4634090238558461,0.8343612672482735,0.35546444429256874
-111.55524128592967,-87.69509963716227,0.44194258369698824,184,1148,186,1594,0.7202007528230866,0.2840429556941843,0.5230534250999157,0.8998504454420484,0.3684807391687707
-118.77701592729983,-87.80103107326345,0.5276066258121488,207,1081,209,1594,0.678168130489335,0.35629157484334734,0.4357253897669834,0.7721593501405626,0.3086219551757816
-77.18230901966824,-87.58768835497233,0.5204907458056054,329,978,330,1594,0.6135508155583438,0.2771290471856452,0.4421586158989667,0.822028546859411,0.32565037435492994
-82.66952823394895,-87.64919279385776,0.5234887244128018,249,1063,264,1594,0.6668757841907151,0.2789225852005388,0.43083729629225054,0.8001169124188611,0.3365506936565957
-88.77817681311308,-87.58137700468247,0.523023577173345,266,1038,266,1594,0.6511919698870765,0.30792586366375785,0.4573899855273947,0.823431412907623,0.33900831815957316
-68.38206557399646,-87.50386531035309,0.523023577173345,353,980,363,1594,0.6148055207026348,0.2933608408170615,0.4368717794319569,0.8286199957077892,0.3478494181651745
-80.52242020381654,-87.31599429303071,0.5214043319209046,309,1026,331,1594,0.64366373902133,0.25942303809535316,0.4904780908648731,0.8519032075880848,0.3667382869326764
-76.14871183643673,-87.35036243833756,0.5207885910554356,338,1005,344,1594,0.6304893350062736,0.26712205475287676,0.4785295198437303,0.8512891893152323,0.36933430873233375
-92.63536183316735,-87.77103423320737,0.5208764771074775,274,1068,274,1594,0.6700125470514429,0.27188485382210015,0.4805458636282734,0.8334788607529148,0.3444114908870382
-100.05440267758587,-88.04845786890255,0.5487984220946948,230,1108,231,1594,0.6951066499372648,0.2976193120889307,0.4958120487174629,0.7762409150519838,0.3315913488678606
-87.89385316818563,-87.7927739961261,0.6039584241153075,235,1060,235,1594,0.6649937264742786,0.24336558785457035,0.4523933525504036,0.7889195027793818,0.33008453808129684
-71.12671392599988,-87.75733498436084,0.6041133939994565,375,971,399,1594,0.609159347553325,0.28952194242765555,0.45871393154247,0.8708273844069624,0.3636790770088426
-110.77388378300884,-88.16051643742782,0.6022205834387039,192,1115,200,1594,0.6994981179422836,0.31769361370551247,0.42373217249289463,0.8228264714211281,0.34605810871883635
-64.47509881093222,-87.7267170087503,0.6032327733674954,360,976,361,1594,0.6122961104140527,0.2536616943363176,0.46873161579032163,0.8008072809642565,0.35506759553043254
-90.18148478561967,-87.92873725018887,0.6010375493861889,267,1065,271,1594,0.6681304893350063,0.2857725297877831,0.45978562174383925,0.8147495764364168,0.34866667681036556
-88.57189130149585,-88.11721242919954,0.6035031738088386,261,1084,261,1594,0.6800501882057717,0.26912786448802845,0.4740490269927512,0.8196200455379301,0.32874158822994903
-100.3789683916463,-88.22732336201464,0.6313281773166802,225,1110,225,1594,0.6963613550815558,0.27688837111275505,0.4828418614225308,0.8372451555923298,0.3744171122402097
-97.79623505051575,-88.12643563836048,0.636410748737191,233,1092,237,1594,0.685069008782936,0.30574270807157844,0.4945887291579559,0.7652903603049763,0.3444343613577474
-69.41275767282124,-87.9996336780001,0.6390826239688312,369,949,369,1594,0.595357590966123,0.27982389844181593,0.44556820740685343,0.8120645208009558,0.3154189657895154
-76.25058716429338,-87.76121596387958,0.6422534538210556,271,1037,271,1594,0.650564617314931,0.2359209982555285,0.485613495303667,0.7786209463943127,0.32955478375444397
-84.23844407937648,-87.68297550007628,0.6417836996803835,286,1059,286,1594,0.664366373902133,0.25939354072506504,0.5024496035976797,0.7872850893406447,0.33290869164184794
-82.19055339770549,-87.73036301307835,0.6298672677235153,329,997,331,1594,0.6254705144291092,0.2997700922529815,0.47708580596788214,0.8216698057873932,0.3529281422165242
-79.11843635455384,-87.79209473269542,0.6359522085641309,301,1029,301,1594,0.6455457967377666,0.2596593357825707,0.47223474837504326,0.7897713880582146,0.34546094740919087
-101.6325036728145,-88.02321771313447,0.6332363085780296,192,1123,204,1594,0.704516938519448,0.3086199034354816,0.44884126845633904,0.7704175164544219,0.3529705065973631
-72.53587585658356,-88.16693676138044,0.633151267115861,345,983,362,1594,0.6166875784190715,0.2633913189969169,0.458708295566995,0.7896254866922477,0.3072382587531159
-86.79055484035847,-88.27465103347004,0.6364763139510764,253,1077,259,1594,0.6756587202007528,0.25993922893884547,0.4240396661263699,0.7791149201826105,0.29360072810147836
-110.31726762750203,-88.5296990756752,0.6353554575173529,196,1091,196,1594,0.6844416562107905,0.3020976178452077,0.5019999122282557,0.8005835905510709,0.34450742822229785
-69.80217695084916,-88.3040242863122,0.6340881314281459,327,1005,345,1594,0.6304893350062736,0.26666574113443114,0.46652330664539077,0.7985222406689774,0.3481425452912933
-91.02599944856935,-88.37885257789429,0.6771820751855734,258,1085,262,1594,0.6806775407779172,0.26705735138489556,0.4168251972546651,0.8096088791500445,0.3283074599730319
-63.81987430703545,-88.088459417251,0.6799274347166967,408,945,410,1594,0.5928481806775407,0.2927837332933589,0.48404149448122014,0.8489369114760953,0.3590056193003679
-100.9657226569879,-88.28626735861793,0.6794330528461198,227,1095,236,1594,0.6869510664993727,0.31137009601490273,0.49754122195589645,0.7989460982185047,0.3160899081656118
-63.35846467544186,-88.09050956289481,0.6814018878958169,322,978,323,1594,0.6135508155583438,0.2602620225746316,0.4799962311157623,0.8018975437892348,0.3496741325788052
-79.2333914203239,-88.18276349591108,0.6811971632750045,330,995,330,1594,0.624215809284818,0.28641530730658965,0.439801675469042,0.8366504153548822,0.34546852866023425
-118.14700657993966,-88.53107904905458,0.6827046006057743,137,1154,144,1594,0.7239648682559598,0.3165066985610254,0.49356607336491987,0.7809811781740277,0.26865074586335436
-78.38005614338034,-88.46336332422482,0.6823824887250421,316,1023,319,1594,0.6417816813048933,0.26953542443929274,0.46435727024798057,0.8032770663083993,0.342859743435366
-72.74719375443215,-88.20321998388172,0.691115587679345,329,1003,353,1594,0.6292346298619824,0.28360988090518024,0.42318833660673205,0.8098172504102176,0.34601944066206425
-100.2237328577284,-88.21529392209095,0.6200886513060412,254,1053,281,1594,0.6606022584692597,0.33332054217191665,0.46141827309115063,0.8280207339011946,0.3311251653566944
-99.9848782030276,-88.34195399730297,0.6185360628308496,246,1092,256,1594,0.685069008782936,0.317756462594584,0.4981344797836811,0.8530547597735108,0.3817747150499666
-77.11169209902134,-88.18262730016426,0.6162504085266218,324,1001,324,1594,0.6279799247176914,0.2678777529499629,0.47492478138863714,0.8337507050115632,0.3588339056357218
-92.97954360729649,-88.13458729384664,0.622998262420473,255,1076,256,1594,0.6750313676286073,0.2814408529354079,0.4909479991858343,0.8278098026608993,0.32080634198427116
-101.23721560679272,-88.47943107956218,0.6260503042915224,203,1104,203,1594,0.6925972396486826,0.2739520734203952,0.4890824124618963,0.7563563557374305,0.3349988834010599
-110.15115488481162,-88.70445460636718,0.6186739880904597,176,1130,176,1594,0.7089084065244667,0.28161270038662317,0.4608981875568887,0.7966962639880786,0.354953460787389
-76.44163576413915,-88.40463317939425,0.6141044409348205,275,1039,293,1594,0.651819322459222,0.26534462480937127,0.46652600358661067,0.804895724704082,0.3464403585332223
-50.23133684173402,-87.99655935909763,0.6146214073054894,446,905,446,1594,0.5677540777917189,0.25302935656956893,0.4850385381011546,0.8360856839881399,0.3651676050915639
-89.92883472616091,-87.95936565056667,0.6149337519866148,247,1061,247,1594,0.6656210790464241,0.2877220208100189,0.5026177630458659,0.8196048072078805,0.3479451406568934
-66.35871272797209,-87.78138226071667,0.6116171607411156,342,993,355,1594,0.622961104140527,0.27180631968470687,0.4607396783913499,0.8437107514452573,0.3738860412274113
-79.09630333255744,-87.59483930964332,0.6097164010855454,302,1034,303,1594,0.6486825595984943,0.2742700249099991,0.480122024640154,0.851695672062333,0.349905682288712
-83.14389879750897,-87.49094178223841,0.5849215319537479,303,1033,305,1594,0.6480552070263488,0.283443851015417,0.5112045105676731,0.8512851598613895,0.33892966459974533
-66.0341235084921,-87.35552376412997,0.5775274342230304,349,972,350,1594,0.6097867001254705,0.2596054944508298,0.48295467261055414,0.8111618630277646,0.34118425675270514
-86.14709588912984,-87.20261616998069,0.583585745623767,277,1064,277,1594,0.6675031367628608,0.2699469001596003,0.46512382051507856,0.8191060481840869,0.3693133841805331
-68.07639203445686,-87.0861268719023,0.5878504288624278,349,978,376,1594,0.6135508155583438,0.3014030019124877,0.47488925038901214,0.8032373245593423,0.33243874898976333
-92.92656881513197,-87.05695150023601,0.5850438554512476,251,1071,251,1594,0.6718946047678795,0.28856744054364636,0.4801749391341973,0.8058163466832133,0.3203090757741631
-89.79304921636475,-86.98179893122304,0.5838085042560329,291,1054,294,1594,0.6612296110414053,0.27739392960538517,0.46976323237291107,0.8479561626832006,0.36546253627308534
-90.50624418417905,-87.08263050891087,0.5827339606115123,266,1064,274,1594,0.6675031367628608,0.26632044526966425,0.4639179758021129,0.8614073134394926,0.3447444315781929
-96.0513839309744,-87.28393760710236,0.582605323697578,225,1067,225,1594,0.6693851944792973,0.2966708775552329,0.48400685753847494,0.7922586408089509,0.34398054749751195
-80.78984241349723,-87.34604165306305,0.5825896363908236,310,1029,310,1594,0.6455457967377666,0.28087944163528233,0.463965143726083,0.8342142255621126,0.36714208472854903
-94.37796151436656,-87.59676085396023,0.5806051404997835,240,1097,251,1594,0.6882057716436637,0.2831006611587798,0.47163858690258903,0.7980206479593519,0.31589678046096137
-71.86818220126872,-87.48681419003383,0.5810747344111804,367,968,377,1594,0.6072772898368883,0.29210960352922244,0.4589790666901415,0.8230025922736641,0.36188151332658
-54.40612669192402,-87.10041607681148,0.5826813427584319,406,944,423,1594,0.5922208281053952,0.25261276275948924,0.46430658549147763,0.8212699486768757,0.36217220862239474
-95.40983672869059,-87.04122115862529,0.5913458713786399,266,1055,266,1594,0.6618569636135508,0.32102474537653275,0.43752869845101505,0.8122303431167053,0.35327472260247345
-72.8868245763419,-86.75649346149922,0.5917460082225918,298,1020,306,1594,0.6398996235884568,0.24428156137223778,0.5050921387856298,0.8303723856837133,0.3448433137369297
-97.19902799443774,-87.06606689858985,0.5920602010300084,264,1068,266,1594,0.6700125470514429,0.31685905948387333,0.46402695903177177,0.7858698630038565,0.3066368131188351
-79.4054150238309,-87.03620515259352,0.5932850148179581,301,1023,309,1594,0.6417816813048933,0.2723785548750565,0.4657732664228025,0.8039344042465251,0.3466436661665071
-86.15596702966927,-87.21063162916164,0.5930138645324028,294,1005,294,1594,0.6304893350062736,0.28094212000508806,0.4700615664747197,0.8205730398545137,0.3086886595361972
-86.89929949975816,-87.33521339938163,0.592538569782238,292,1038,298,1594,0.6511919698870765,0.2586588211443009,0.4472513561695707,0.8221562660907276,0.3434409154221665
-80.86244184574399,-87.15132049198469,0.5965825833810254,268,1051,269,1594,0.6593475533249686,0.253425508838521,0.4874851748527752,0.8147140862977316,0.3427671108912069
-113.14650884501302,-87.39742138852579,0.5874508826030782,154,1136,157,1594,0.71267252195734,0.2702044964521532,0.5205710705677823,0.8125426177337496,0.34549032954225367
-108.55150754358137,-87.61081811164553,0.5884230900563918,228,1077,243,1594,0.6756587202007528,0.3295296842169464,0.46833198003850784,0.8278685306823721,0.3610953898974817
-75.78952983054336,-87.73860104852851,0.5813882911700728,311,1019,320,1594,0.6392722710163111,0.27298442341342355,0.45559615859149083,0.8156581065186219,0.3457245403348927
-87.32892073141277,-87.8616721602694,0.5878171065858664,265,1039,266,1594,0.651819322459222,0.2908026835531327,0.4881684285213852,0.8017927613565449,0.33426504684344016
-88.55074398530135,-87.82240190028277,0.5902222244899251,253,1055,273,1594,0.6618569636135508,0.27873711996211026,0.4521005137144026,0.7676743495948946,0.298697230884918
-70.73096331530445,-87.47158199936088,0.5919500273104457,358,967,358,1594,0.6066499372647428,0.2541723837548778,0.4582173939443021,0.8357177997386254,0.34864682808673286
-89.39565366331179,-87.66373938374838,0.5911129899862272,258,1071,259,1594,0.6718946047678795,0.2602374993163515,0.472904008188651,0.8215047623691103,0.33261345362055167
-81.14760703766024,-87.5392261419414,0.5908608684965091,270,1067,271,1594,0.6693851944792973,0.2524267498581877,0.4849088884882738,0.8330211520161037,0.32513839667526584
-67.24000147560443,-87.10703216176773,0.49772251221260855,376,942,378,1594,0.5909661229611042,0.27757062280329836,0.4567921731214477,0.8102960575692082,0.3402393172012442
-75.54927953406617,-87.26360264757263,0.4975089415158181,315,1005,320,1594,0.6304893350062736,0.24904185255012837,0.49283270158944104,0.8140395443753854,0.3172095645690144
-96.54240469127853,-87.5206756015143,0.49761457563324396,203,1106,205,1594,0.6938519447929736,0.26498753408732684,0.4353864880271784,0.7720186832347632,0.3223535432431949
-78.29549502542606,-87.58191221795526,0.5067065706731487,298,1032,299,1594,0.6474278544542033,0.28105799289686817,0.5093173413428899,0.7968667417695585,0.31068882161724914
-83.25056065754337,-87.41957129525957,0.5061148976572079,238,1069,245,1594,0.6706398996235885,0.25146524432370665,0.4527127158453623,0.8145190249118253,0.33404803552806017
-76.30768497706097,-86.92731111311721,0.5076759371295049,333,985,333,1594,0.6179422835633626,0.2916581737305304,0.44061413622248013,0.7989934873955834,0.33267935662011394
-82.20627867997094,-86.7755725414871,0.5094525026319496,287,1022,296,1594,0.6411543287327478,0.2923629512924394,0.5132370147112549,0.8033111665081704,0.3544036411643964
-77.2606373692401,-86.37227936813753,0.5111001952639532,305,1016,323,1594,0.6373902132998746,0.2726769509736167,0.44832685576058107,0.8273888893205466,0.35237995702622044
-111.25084739572024,-86.6045880263697,0.509766960572102,161,1147,161,1594,0.7195734002509411,0.2778970667660669,0.45323449949756267,0.7466350331344184,0.30891767257712943
-99.00083449593606,-86.5957170421709,0.5081949730217166,174,1132,184,1594,0.7101631116687579,0.27981647672030696,0.48011780465068293,0.7624277307744131,0.32893841650116173
-100.00838285510886,-86.65793895164047,0.5030263468456021,249,1066,250,1594,0.6687578419071518,0.301063934382024,0.49232085073399595,0.8047701056531695,0.3428719059361734
-90.00639224227781,-86.70452002414356,0.5012572952169435,279,1061,280,1594,0.6656210790464241,0.28473540197898994,0.4350911943700248,0.8269304811384214,0.36078463145873524
-65.95874641841074,-86.51033582598546,0.4941942577446384,367,943,382,1594,0.5915934755332497,0.28527440379781915,0.46302463539594907,0.7792961649661626,0.3203550582898588
-82.11842877413372,-86.29798404660154,0.49245070055276097,273,1052,280,1594,0.6599749058971142,0.3066555338525432,0.460929557218684,0.815859707444939,0.3563347438557869
-94.00589690747798,-86.35940215610188,0.4924507005527608,246,1058,248,1594,0.6637390213299874,0.3035564673512356,0.46416986326868787,0.8317998398906878,0.354527096878068
-77.10766047392559,-86.32474869329653,0.48505120471013163,314,1022,314,1594,0.6411543287327478,0.2650611301823783,0.46404125558551645,0.8314508699126938,0.35216807182194143
-83.41260822557793,-86.26183254809159,0.48662421987143195,305,1040,314,1594,0.6524466750313677,0.27497017957819214,0.47543154404265886,0.8447591061619759,0.35931743073608347
-90.71889677291469,-86.2836853714684,0.4865221011412592,266,1060,278,1594,0.6649937264742786,0.26991556105610554,0.4894969462708196,0.8551256969242969,0.3677004002722092
-93.49074344647553,-86.25682438221604,0.4875086360049696,304,1028,304,1594,0.644918444165621,0.3401113835628982,0.4855017838922593,0.8622650030201899,0.3606426695233545
-96.51649802665479,-86.57737786625754,0.48675588078559096,281,1044,284,1594,0.6549560853199499,0.3244442991892574,0.46529978532393135,0.8162733899820066,0.3416235230515097
-85.0634393921822,-86.50675828698267,0.4512032522162809,297,1018,306,1594,0.6386449184441656,0.299425652286476,0.4859337290984508,0.8524221559703588,0.37287312147721197
-77.38020163271008,-86.35363127895555,0.45224376097953795,307,1015,307,1594,0.636762860727729,0.2624122323495392,0.4798710615130054,0.8147300159953712,0.3339226326353468
-89.6141451210796,-86.1448199101902,0.4590369169824118,263,1079,265,1594,0.676913425345044,0.2686288586464609,0.4440085833177322,0.7874592845925517,0.3323534854367456
-109.9729742913256,-86.10719069396107,0.4668105267002508,178,1134,190,1594,0.7114178168130489,0.28535300369409144,0.4897650444624087,0.8399993492055552,0.3913389419077503
-99.11416852395254,-86.06408042722038,0.4676277756283684,235,1103,238,1594,0.6919698870765371,0.27847457643868256,0.4875706700257871,0.8402722142687404,0.3509127732677275
-99.95459103878521,-86.20544185169312,0.4806571801044287,222,1103,223,1594,0.6919698870765371,0.2804442292758424,0.4946315110352308,0.8374312875759173,0.38938138572932
-100.08234087137804,-86.09071284754762,0.48156014047378315,226,1103,242,1594,0.6919698870765371,0.27758919615361205,0.49157683397571206,0.8514584161925713,0.3452309720675587
-51.80765017882663,-85.4210191900629,0.39441418809552337,409,931,416,1594,0.5840652446675031,0.2615842440212951,0.47871144652283854,0.8253084399904411,0.3367795848547632
-85.56917876877402,-85.50488788755396,0.393507533091045,286,1033,287,1594,0.6480552070263488,0.28531318513869336,0.5085785207127336,0.8147421661192612,0.3398428244770667
-77.71445724769428,-85.4553371776914,0.39186656510864265,306,1017,312,1594,0.6380175658720201,0.2713579718849649,0.4519760096350999,0.8014521886435337,0.32830582206900844
-80.24585745765253,-85.37001398413679,0.390421384336634,274,1051,279,1594,0.6593475533249686,0.26028845326540906,0.4510552107984981,0.8058294280785998,0.32427414479873495
-100.09765330418054,-85.68716986143863,0.39161017191200814,240,1096,240,1594,0.6875784190715182,0.28554478820826046,0.4366084427605325,0.8459936173453462,0.3654695797915255
-91.86254319275645,-85.80057109132802,0.3913038403580533,296,1023,297,1594,0.6417816813048933,0.30029330113617475,0.4927411667672131,0.8099873021534498,0.32584254636095733
-65.442805022656,-85.69351202319021,0.39168695324877467,354,962,365,1594,0.6035131744040151,0.2311032540556348,0.4932914794006348,0.871243160146437,0.3691067305741292
-74.42661959953605,-85.51142460085391,0.3924613642262299,291,1037,300,1594,0.650564617314931,0.23701932579393215,0.4376504778228326,0.839878610657723,0.3567822930940349
-95.89491776023317,-85.4698297516804,0.36915178154988426,214,1098,236,1594,0.6888331242158093,0.2833033241362649,0.5199668890715982,0.7916318239705713,0.33746683531791416
-92.9242809615543,-85.52013402961406,0.31399177952927154,256,1043,257,1594,0.6543287327478042,0.28826655107105054,0.47514989957497283,0.7930999456344981,0.3195658993494249
-86.11305574576798,-85.66999744781175,0.3151628579142732,272,1059,283,1594,0.664366373902133,0.27902551784800955,0.47691762941339244,0.8184982369192453,0.34392500634149836
-85.90496480718805,-85.42130825805353,0.318467911716879,268,1057,268,1594,0.6631116687578419,0.2634399893455084,0.4563845146710037,0.7662873845505825,0.3210316529016962
-88.68889418001979,-85.6634462117444,0.3191404793257116,254,1095,271,1594,0.6869510664993727,0.25407919172790905,0.47782853552811605,0.8557784060998046,0.3422193995842409
-62.03241993326981,-85.38195556322091,0.3191404793257116,361,969,361,1594,0.6079046424090339,0.25463446802458994,0.4519606847253088,0.8037372360314629,0.3509238076186899
-76.88566641751453,-85.2650933143811,0.31710713239242966,305,1022,306,1594,0.6411543287327478,0.2856687849864407,0.4554371184510996,0.7737532301867938,0.32012188068816966
-73.77327141064264,-84.99903634457105,0.2883659629773506,317,1006,317,1594,0.6311166875784191,0.2658196542113647,0.4751036939407645,0.8035795349448573,0.32846842721208697
-120.00934717074914,-85.22116746577339,0.2792322127429317,194,1102,195,1594,0.6913425345043914,0.37758164429476515,0.41988900130457407,0.83245508832477,0.383779505882333
-87.44510008041158,-85.4014908898493,0.2788068374651091,266,1059,273,1594,0.664366373902133,0.28192998086222604,0.46059792689668494,0.8460622438691875,0.3731288990798937
-64.54175741705969,-85.28440259237698,0.27720439311031725,341,998,363,1594,0.6260978670012547,0.2584766186440909,0.44009349271902964,0.819512154424745,0.37033235668952347
-81.60848632971833,-85.25810301488038,0.275848152593223,294,1018,294,1594,0.6386449184441656,0.3010032513685315,0.43633113221225683,0.8102774924175861,0.3447608545111084
-85.59144039695705,-85.29211188487288,0.27558787500986853,275,1047,302,1594,0.6568381430363864,0.27309568826320235,0.48834546910645227,0.7972467995178814,0.31329751849862547
-77.49918279740169,-85.27591934930136,0.2709001022524334,283,1038,285,1594,0.6511919698870765,0.2362072972417018,0.4636606744986941,0.8326774529670571,0.33955216943285854
-101.70319228849344,-85.27662623545814,0.2809953234720777,210,1117,210,1594,0.7007528230865746,0.2940499390833202,0.5052463857472839,0.7832022897165585,0.36552359252681055
-76.47902949112904,-85.31605777180359,0.2818287282398473,288,1031,294,1594,0.6468005018820577,0.264197093907814,0.500361480855969,0.7567718878095137,0.3245846393306606
-64.80134957432209,-85.09616571914323,0.27508992397517795,350,965,369,1594,0.6053952321204517,0.3000082692820655,0.49660172489238685,0.7953602105638575,0.30111296680523403
-98.59651419191397,-84.97895818478736,0.27508992397517795,221,1082,234,1594,0.6787954830614805,0.2642632442947856,0.4743758282803442,0.781090966357854,0.3019847040225905
-68.28239636540017,-84.96376037893288,0.2764973988313869,345,1001,345,1594,0.6279799247176914,0.26924855249626645,0.4345476591506453,0.8401772957938887,0.36408760705059223
-94.1417051734942,-84.9949174361821,0.23350234437069264,257,1057,258,1594,0.6631116687578419,0.2854588282639834,0.484739268447632,0.815230901723797,0.34623596550350827
-78.85163091461882,-85.14523500225795,0.23151988299906473,312,999,333,1594,0.6267252195734002,0.29589643791241105,0.4731758149045828,0.8081909851985485,0.3403271997418109
-77.03903957587008,-84.90596817144677,0.2326886013877874,309,1000,310,1594,0.6273525721455459,0.2748637742151933,0.4399021264500367,0.8131262230085036,0.3490294388798121
-81.565169598302,-85.08803522067535,0.23198311393230586,299,1017,306,1594,0.6380175658720201,0.2624416381296087,0.5155935099244794,0.8352417873229389,0.33874837290077214
-91.81182942173523,-85.21381960068948,0.23617598848092006,254,1046,254,1594,0.6562107904642409,0.27128367273961995,0.4627451152890326,0.8134267651058823,0.34459185104033896
-84.82972971950004,-84.88064683208509,0.23647689894919072,265,1061,272,1594,0.6656210790464241,0.25323597230877,0.5076094065177805,0.8043900579186228,0.31620703061153355
-79.79814464294678,-84.89482771708079,0.23673188922843175,310,1048,316,1594,0.657465495608532,0.27180017282719265,0.4853380413139273,0.8496259390593682,0.35168898652120384
-75.81775715917026,-84.92553335112817,0.23024940656757698,320,997,326,1594,0.6254705144291092,0.2657554850981081,0.4381086325070556,0.8789685377529044,0.3882041768323721
-88.30258558669723,-84.80632187841786,0.2350453839412587,240,1056,240,1594,0.6624843161856964,0.2706504153647265,0.48193303505898333,0.7327119948815576,0.31127040707146975
-74.67759796461259,-84.5532490760337,0.23620065833083292,345,973,349,1594,0.6104140526976161,0.3074901865818816,0.4523179210041502,0.8430110615601598,0.3751585790177837
-86.2444519194655,-84.64457667423812,0.2371317497877187,268,1067,268,1594,0.6693851944792973,0.2620131945635133,0.4756384792640278,0.8547579727254005,0.3769910801232389
-109.3924060833751,-84.8087052989989,0.22869856762348506,162,1160,172,1594,0.7277289836888331,0.28624611016429796,0.47490184565258325,0.7955825081143152,0.3576439232076649
-72.72928662085691,-84.52362600913955,0.22818285562098828,315,1018,316,1594,0.6386449184441656,0.25668272123128394,0.47085419346536717,0.8038100707301765,0.34178044428183096
-111.4675171676955,-84.53678963196839,0.2282588377552553,179,1125,180,1594,0.705771643663739,0.2965918115074251,0.4411338529964627,0.8247805717578504,0.37830307614564557
-96.936728416305,-84.74174055849005,0.23625274540225993,221,1092,224,1594,0.685069008782936,0.26563004914817995,0.4870445762873425,0.8429953938128936,0.3833999232101069
