-118.89231232824235,-118.89231232824235,1.757518836774806,315,359,316,912,0.39364035087719296,0.8236500993864442,0.4511561378960676,0.851300198168197,0.5879665403135697
-173.80861212424097,-146.35046222624166,2.3956812295389467,221,417,221,912,0.45723684210526316,0.8631918921837067,0.39771575332889947,0.824639388826588,0.6039678267044793
-150.92703355997682,-147.87598600415336,2.1499438497951346,250,392,263,912,0.4298245614035088,0.8712656845335021,0.4175185414012819,0.822820734683682,0.5778480883946742
-134.35622509729006,-144.49604577743753,2.886877201381875,244,372,245,912,0.40789473684210525,0.4187062088707196,0.4354093757273985,0.9174175974468269,0.6123821094598499
-146.12006961382016,-144.82085054471406,2.3633532849766334,244,394,265,912,0.43201754385964913,0.4504129746254208,0.4202724947993811,0.9070512956623502,0.5763626795532899
-162.94315578671862,-147.84123475171484,2.107414355467697,196,420,202,912,0.4605263157894737,0.43384067550226935,0.4158693027487182,0.8476215163734134,0.6569667354169759
-120.88422352472323,-143.99023314785887,1.8281066176539447,300,355,330,912,0.3892543859649123,0.5255548017864861,0.43591438040185515,0.8955621752912873,0.6058615061449792
-129.71095201411543,-142.20532300614093,1.666000577227681,272,390,290,912,0.4276315789473684,0.327305644572637,0.4275729088808394,0.9084044301672681,0.6359365147375532
-166.65911247698224,-144.9224107251233,1.6074102695028774,210,424,211,912,0.4649122807017544,0.3525262877649248,0.43111868476129556,0.8838099478379906,0.6271491261138832
-126.96458809048585,-143.12662846165955,1.4966546789653306,271,372,291,912,0.40789473684210525,0.3186824397161046,0.4141782756456701,0.889303779113538,0.6272310601684202
-127.0054374476318,-141.6610656422025,1.372320905225375,273,354,274,912,0.3881578947368421,0.3786610864792492,0.40130099896688504,0.8959800764149599,0.6350996245907902
-102.95614138922537,-138.43565528778774,1.3087485627056503,296,323,303,912,0.3541666666666667,0.46613435601325,0.40707542037422456,0.8853102811321228,0.6359590343053855
-159.00718515527927,-140.01808066221017,1.336843372307679,228,403,230,912,0.4418859649122807,0.44341914753894257,0.4197234656101873,0.8797434015648214,0.602867021287616
-77.41803720001427,-135.54664898633902,1.2800652000499748,371,280,407,912,0.30701754385964913,0.437181959945447,0.44893665493096924,0.9131797760377002,0.6497574976655764
-146.701619575601,-136.2903136922898,1.1947275200466432,232,387,241,912,0.4243421052631579,0.46688744285157036,0.4237990616400249,0.8971298472913488,0.6000292565868414
-121.12846340505385,-135.34269804933757,1.1648987911140467,332,330,356,912,0.3618421052631579,0.4588064061195769,0.4296102492513544,0.8991182322277499,0.624230767460315
-146.30079110008603,-135.98729175820512,1.2478051110413797,265,377,273,912,0.4133771929824561,0.5296353680381619,0.464954290215132,0.8792282657054556,0.6173652962638668
-96.4487537399837,-133.79070631274837,1.1875880011616837,332,321,373,912,0.3519736842105263,0.37602262388233315,0.44691368307649887,0.927670419533367,0.6493664815774288
-140.70025129559497,-134.15436657500345,1.1251548746574664,251,383,261,912,0.4199561403508772,0.4018122853061797,0.46162445324334755,0.8986813669238769,0.5890262782071124
-112.51965212099746,-133.07263085230315,1.0938892942515308,311,351,319,912,0.3848684210526316,0.36382233035190464,0.42788350307273065,0.8965924367315753,0.6282874979394744
-104.66179324166164,-131.719733823225,1.0517949318399267,360,323,418,912,0.3541666666666667,0.44904255488324635,0.4270072466346372,0.9327914688665019,0.6527129589388112
-106.51121213897824,-130.57389192848652,1.0179746853235825,344,328,367,912,0.35964912280701755,0.49439593497773854,0.4393563980077967,0.900575973504417,0.6404845759287374
-89.72372308518119,-128.7977976309515,0.9785840040239298,355,303,413,912,0.33223684210526316,0.44941521448846017,0.41807430387743616,0.9006619100514989,0.654261325002652
-125.45121851462402,-128.65835683443785,0.9985070716303873,294,355,326,912,0.3892543859649123,0.4481894632637592,0.45023051182951007,0.9041523438382773,0.6207417884385862
-124.35449970933742,-128.4862025494338,0.9775754414924578,292,368,325,912,0.40350877192982454,0.46076681099218136,0.45821185475079407,0.9221866335760387,0.6201989808746137
-120.60011140701772,-128.18289135164858,0.9509438497639884,351,337,373,912,0.36951754385964913,0.41911173765790205,0.42883297308414925,0.8981572495198943,0.6420565764987005
-131.96574113473076,-128.32299689917014,0.9436981068621754,265,368,290,912,0.40350877192982454,0.4531209762682368,0.45683857627804053,0.8673617664008161,0.6281444017922301
-119.41488358377312,-128.00484999504883,0.9356747211811746,329,348,351,912,0.3815789473684211,0.4110999843141505,0.4286974218120461,0.9151446152781122,0.6154498441473696
-103.11739659992348,-127.14666194694105,0.9080376908660195,356,324,368,912,0.35526315789473684,0.4037800643324285,0.41990672729846884,0.8992765310175458,0.6454199707391229
-120.47134045474225,-126.92415123053442,0.8983698474186791,291,360,298,912,0.39473684210526316,0.4275226845147786,0.4454469127519976,0.873544129088465,0.63917692073122
-115.16814531950257,-126.54492523340436,0.8939830058150491,315,344,332,912,0.37719298245614036,0.4678864355519034,0.4181939846042135,0.9049113762156843,0.6242160796347779
-78.2483240166899,-125.03565644538205,0.8840909545156148,400,287,439,912,0.31469298245614036,0.4999536851465057,0.41310848788183113,0.9413295031653423,0.6538772858033409
-136.800458579528,-125.39216560096223,0.8716457450967589,318,343,372,912,0.37609649122807015,0.46900071136977683,0.43114844760345405,0.9114927596307427,0.6542590887005814
-121.0194364512113,-125.26355592008721,0.8600550417227497,339,345,350,912,0.3782894736842105,0.4551210153614856,0.41265620026464295,0.8737141376109826,0.6602269149620982
-113.89462784123211,-124.93872940354849,0.8553075674677848,310,337,354,912,0.36951754385964913,0.461203050593835,0.4232464212047449,0.9059225132149026,0.6371260381486126
-102.68128619137948,-124.32046709209936,0.8411771718575957,353,319,387,912,0.34978070175438597,0.4477696040186519,0.4126837238856115,0.8977115456357021,0.6500277639319649
-82.43814175432212,-123.1885123532405,0.8526846431487893,385,291,441,912,0.3190789473684211,0.4528893751775793,0.42429623596476984,0.9290176605025774,0.6320893262916387
-121.69677877009457,-123.1492562063156,0.8337840350293316,303,356,338,912,0.39035087719298245,0.45705323693399785,0.4555387346455299,0.8913358055737911,0.6334589612938372
-102.72776330611566,-122.62562818323356,0.8306398282169501,396,309,399,912,0.33881578947368424,0.4558537093415539,0.43452249282610916,0.9335336803799951,0.6294459193758065
-104.79075427452702,-122.17975633551592,0.8342392733798842,349,328,389,912,0.35964912280701755,0.432421877263172,0.45493919113919173,0.8904016051068205,0.6643084451783471
-121.51319505520019,-122.1634987433131,0.8214514570952113,303,344,316,912,0.37719298245614036,0.451419145819449,0.4631047425256603,0.8962602742728111,0.6142921058230238
-113.52540949815585,-121.95782995176172,0.8450867404935123,311,351,323,912,0.3848684210526316,0.4324615791398238,0.42979552641694085,0.8982850966385195,0.6656360847387973
-102.41329457565055,-121.50330587324753,0.8309594075838997,331,334,333,912,0.36622807017543857,0.4090608510795024,0.4116055624832275,0.9152009406907439,0.6298323768552906
-84.26901875116836,-120.65707207501845,0.8222822868017103,376,303,395,912,0.33223684210526316,0.37400660871005353,0.42444037318195793,0.9197721687826769,0.6139296354705571
-118.74396401801694,-120.61455856264064,0.8465274613696147,328,345,350,912,0.3782894736842105,0.48452987489793115,0.4278050910048366,0.920164763193181,0.643697290537863
-114.01451462939569,-120.47107934670052,0.8433000023593841,303,350,345,912,0.38377192982456143,0.48034022250919767,0.3928861319807889,0.9167347002625058,0.6378651804988213
-70.6812098623356,-119.41172042150127,0.8274702967233756,396,271,406,912,0.29714912280701755,0.4665508894065949,0.4240722326029782,0.9067022160526422,0.6396827324321084
-98.58290862961665,-118.97778684250368,0.8279087338031546,382,302,384,912,0.33114035087719296,0.47109450737261754,0.43339199456485905,0.9146122999920591,0.6245680256806552
-106.94087369980247,-118.73213555387711,0.8219464804861734,372,306,426,912,0.3355263157894737,0.4790730172601727,0.4345244986480377,0.914249836813446,0.6628206326802516
-93.737403280011,-118.23224090839977,0.8196458497764262,395,309,424,912,0.33881578947368424,0.48061787541032847,0.4277140123108079,0.9131979240048843,0.6170866206628277
-106.91389261947624,-118.01031251057775,0.8104462301874343,323,333,330,912,0.3651315789473684,0.4974137235911145,0.4472757091808439,0.8830485707184915,0.6072217315749499
-129.66051403459332,-118.23435484757806,0.8106628402545298,299,362,312,912,0.3969298245614035,0.4201710673674247,0.43198369733527214,0.9036121765401051,0.6248850721953718
-140.0313325516501,-118.64561857784356,0.8058588732579899,273,369,274,912,0.40460526315789475,0.4563935064589808,0.41934249766771087,0.9377101183733291,0.6374399246259316
-97.71761148573965,-118.25806289095274,0.80002752503281,355,302,357,912,0.33114035087719296,0.42386549939780094,0.4282302725750452,0.9151227245100672,0.6524329570079789
-106.79915892838625,-118.04971918254246,0.7910353310981356,295,342,343,912,0.375,0.4254800850229457,0.4464096434645828,0.8735588721949505,0.6597103359293969
-142.0835849823639,-118.47889535753927,0.7799264615739493,298,371,303,912,0.4067982456140351,0.4018805966102816,0.4371498770417971,0.9155879285839322,0.6325802346028288
-116.49261506490707,-118.44404833486152,0.7753430106536384,308,350,359,912,0.38377192982456143,0.3983766458587794,0.43546953758641616,0.9080541375168524,0.6382412049451863
-77.07550771975896,-117.73079763460113,0.7782770575833657,385,297,435,912,0.3256578947368421,0.4184695187587899,0.4334459201821439,0.9104852778849805,0.6471428407227234
-114.76593861619367,-117.68054578683152,0.7748557139353667,333,330,381,912,0.3618421052631579,0.46989444256868246,0.46057568835637114,0.9067586095122945,0.6414999939449958
-102.8657342126378,-117.43363226059496,0.7841685079802977,381,300,426,912,0.32894736842105265,0.4956613864455014,0.4235916158627164,0.9193452266381033,0.6521334635366624
-98.56530951707653,-117.12431549430777,0.7742119895937289,368,326,387,912,0.3574561403508772,0.4933193423950463,0.4299746605635183,0.8901724070618083,0.664082427354683
-119.89702059134973,-117.16903654426007,0.7776025031250765,299,342,325,912,0.375,0.45987490614838417,0.45987402895929613,0.8914920694853586,0.624755859333772
-114.61699528527114,-117.12852795284755,0.7727379403330125,335,328,343,912,0.35964912280701755,0.39353913468300583,0.43203140508967125,0.9108703300020798,0.6440443659404318
-113.8225694146131,-117.07687235068761,0.774961777185534,318,346,320,912,0.3793859649122807,0.3928750504925857,0.45109701465682245,0.8955042822400068,0.6184679569541776
-89.22333283162261,-116.6483563580866,0.7733143785944079,392,288,402,912,0.3157894736842105,0.41849700277941,0.4339361548442102,0.9090709746492026,0.6431631112489278
-126.02142722070978,-116.79037258327786,0.7631124821241789,327,336,375,912,0.3684210526315789,0.47067266424427295,0.46328930268786567,0.9212961821691761,0.662766573616146
-113.49201261619244,-116.74114333003779,0.7579894611716802,295,325,340,912,0.35635964912280704,0.4454796396759451,0.44100349321492655,0.8924554991023116,0.6483843729824332
-116.21377948048527,-116.73338797930906,0.7687449556622616,349,335,363,912,0.3673245614035088,0.45992855900559443,0.4440753282286906,0.9210519261959891,0.6468409646416611
-101.7083953228583,-116.5156344625489,0.7655627412537185,364,314,367,912,0.3442982456140351,0.42075067250328685,0.4112405148168815,0.9134444450205912,0.6264340829910174
-77.19453485693592,-115.95390446818301,0.7633698524722144,372,278,389,912,0.3048245614035088,0.42813384519926784,0.446546250841603,0.8831831360963135,0.6641202068810872
-107.97750792146003,-115.8415608548489,0.761981625415873,310,350,341,912,0.38377192982456143,0.44449438204859304,0.4304573250844629,0.9051101245703389,0.619981130314643
-140.34760842742543,-116.18192262669021,0.7546513067430224,305,366,314,912,0.40131578947368424,0.436585687919414,0.4415871175595022,0.9125472913297785,0.624386301740154
-121.5624569735476,-116.25562857664717,0.7575341940863336,323,324,372,912,0.35526315789473684,0.4508655367463765,0.4343505083706398,0.9405324435004436,0.6510630064922502
-122.85598301324652,-116.34482255552015,0.7666631712863311,308,341,360,912,0.37390350877192985,0.4479722480909503,0.4449815083345674,0.9096839769697259,0.6359542952629406
-58.94391974072592,-115.57947718465623,0.7739040422326454,442,257,463,912,0.2817982456140351,0.43681772796110335,0.446362482679742,0.9098534517685689,0.6346994422430233
-52.29311480127605,-114.74676189013807,0.7694339880938874,422,244,496,912,0.2675438596491228,0.4789873461545177,0.42664484370534206,0.9375893390329996,0.6496814731215181
-96.25596849333823,-114.50662171615366,0.7657127195189243,340,319,383,912,0.34978070175438597,0.4253679694109834,0.42786351345923246,0.8997960270339447,0.6355934218101432
-102.9808185814232,-114.35885500929814,0.7598729253768213,358,318,394,912,0.34868421052631576,0.43478544323626483,0.46172642286081195,0.9050584947803945,0.6418213251293273
-102.10206312238574,-114.20370574490684,0.7563916912752753,318,334,372,912,0.36622807017543857,0.4054499482376328,0.4224723260200306,0.9137306973206577,0.6328832326319636
-138.37054499626922,-114.5057912355489,0.7579912642485886,311,352,313,912,0.38596491228070173,0.406732172912121,0.44444290058269753,0.9124009854762205,0.6571749963767259
-110.26699835140128,-114.45346045920138,0.7615097955603654,324,333,359,912,0.3651315789473684,0.40840613449239604,0.4091927840765117,0.8949786678772602,0.6288713744240318
-94.90108581457862,-114.21501686597429,0.7632184777272075,360,323,373,912,0.3541666666666667,0.40066442680784087,0.41989304963104573,0.8906945923270589,0.645857116831945
-107.48040153999254,-114.13387692228777,0.7580253240214403,346,324,361,912,0.35526315789473684,0.42015197325669973,0.4424466948374814,0.9031022312474675,0.6710617358316124
-117.4034467082294,-114.1728003721204,0.7610302089519542,334,338,373,912,0.3706140350877193,0.43259785510330595,0.436389834382078,0.9239724527199821,0.6468176039578377
-98.48299518559509,-113.98821442874953,0.7572046414449998,347,324,365,912,0.35526315789473684,0.43133219715092236,0.42916504447098175,0.9112237567022067,0.6445752153228111
-109.82381125745292,-113.93979113606002,0.7493928443631865,344,331,363,912,0.36293859649122806,0.4127721293553725,0.46071385633942213,0.8967920842330489,0.6095549754561129
-73.67731422203082,-113.47700404509416,0.7480019012498699,377,309,404,912,0.33881578947368424,0.41952002327204674,0.4699626830902786,0.8957414777052813,0.6502662216940177
-86.18041437893008,-113.16681552616046,0.7459498087917976,360,297,394,912,0.3256578947368421,0.42305844825141403,0.39635386105484033,0.8973930172641625,0.6456454004464286
-100.83779851533988,-113.02828724514,0.7448276988542736,380,315,385,912,0.34539473684210525,0.4021376674022884,0.4193732272564992,0.8889270808409636,0.651321956702133
-151.98260899692866,-113.4611130423821,0.7438593718992283,257,371,291,912,0.4067982456140351,0.455806704918314,0.4352641709745056,0.8756709901874596,0.6514474544684403
-150.34956410524907,-113.86648063647954,0.7469272704670895,279,378,280,912,0.4144736842105263,0.44000531534195225,0.40312363145568914,0.918665399994003,0.6187689079510487
-101.49642638858174,-113.73202352508933,0.7457478011451875,346,327,356,912,0.35855263157894735,0.41615139071227764,0.3963256301707845,0.9158402558327315,0.64251122512309
-101.4146046847388,-113.5995781612146,0.7387951768085254,372,317,382,912,0.3475877192982456,0.4557341465551072,0.413437943982622,0.9123476395513711,0.6432857588346576
-122.33656222019033,-113.69252480013988,0.7387547980497948,343,326,355,912,0.3574561403508772,0.49107003961192724,0.4159914955528422,0.8980335983524937,0.6683065553274742
-118.67334621533992,-113.74495449924726,0.7358531260700368,300,355,317,912,0.3892543859649123,0.4562602542518909,0.44301842042498,0.8859379712045516,0.6563456411178364
-107.58234382253067,-113.68076063803146,0.7499073158447507,384,298,425,912,0.3267543859649123,0.44819803691543136,0.4217608268500172,0.9379831802640091,0.6458489132881254
-110.03108320341278,-113.64313509746836,0.7468269460837645,360,330,384,912,0.3618421052631579,0.4508331611651994,0.4342372096675426,0.9023613328789447,0.675212076869216
-98.62624724833684,-113.48990154798744,0.7455762647160195,346,318,376,912,0.34868421052631576,0.4464986132198594,0.4105127792871087,0.9061481544705544,0.6596415088898293
-135.43316500352097,-113.7115506738009,0.739055288582231,318,364,328,912,0.3991228070175439,0.47581776263326697,0.43913913309373487,0.92201831078456,0.6293553898070159
-116.11848542242613,-113.73562002128716,0.7349513286641394,307,335,330,912,0.3673245614035088,0.46974265099831153,0.4362058246714136,0.8974890017249687,0.6296472114753506
-105.57939637634118,-113.60249086176815,0.7225600828486921,327,342,361,912,0.375,0.45182293529718887,0.45027624809017036,0.9044108725554009,0.6028199635474445
-120.9895472318911,-113.07430021284465,0.6954078499255361,332,336,370,912,0.3684210526315789,0.4817549240210118,0.4356380115863239,0.9089340383704344,0.6218198684861518
-122.58228229926796,-112.79085270023758,0.6818630228469121,339,357,361,912,0.39144736842105265,0.4222405076352466,0.43311117316262226,0.9022417849201935,0.6360184653284532
-105.94127776239785,-112.50670322688865,0.6351600703328587,358,322,381,912,0.3530701754385965,0.38028680392348724,0.4380335687621698,0.9006321493540534,0.6281549354592892
-127.25299697448447,-112.3180325004953,0.6350096440796387,285,343,339,912,0.37609649122807015,0.3954612277170739,0.4346709515220487,0.9015223485053391,0.6399957531446402
-109.42233345751347,-111.78282427720323,0.6341156612248078,344,327,345,912,0.35855263157894735,0.4286458887065792,0.4389682761213742,0.9055154998364272,0.6248256197187884
-105.43251098039991,-111.62830715176,0.6418155820662977,394,307,407,912,0.3366228070175439,0.45408532615013886,0.4134601540889183,0.9069778457383312,0.6422332549725193
-111.21778364659596,-111.4433754680848,0.6382475528742502,359,329,380,912,0.3607456140350877,0.4281342588786201,0.4223808440909931,0.9228505612560683,0.6274131434584079
-88.42151182704494,-110.66099946158543,0.6342744322430991,384,290,418,912,0.31798245614035087,0.4408306559904082,0.402695416856247,0.9273515422720213,0.6342719364420116
-149.160886209547,-110.88296244277606,0.6346408539221028,254,367,322,912,0.4024122807017544,0.4572354457767345,0.41136233742541245,0.9139202365745245,0.6308311843460198
-97.84582324738905,-110.59136630077364,0.6464339735693116,337,297,416,912,0.3256578947368421,0.4615435585534951,0.4142697532911138,0.9112257875541316,0.6303131838600019
-117.57774531467571,-110.73758234002815,0.6436820969871296,329,344,350,912,0.37719298245614036,0.4746506517634309,0.4144235848992163,0.9151631894631621,0.6083862946814255
-110.95054400359443,-110.25701592851128,0.6304202918522388,347,329,350,912,0.3607456140350877,0.44022243478307993,0.4251576919915729,0.891712262908848,0.6536286643133292
-149.24503980614378,-110.97528595457257,0.6342152987946769,290,390,292,912,0.4276315789473684,0.440274953505523,0.442241041194553,0.9115856743453129,0.6327142530357982
-88.78909138482595,-110.39616067266483,0.6501636249386231,384,304,406,912,0.3333333333333333,0.40538631838766076,0.41390156560397356,0.9005251316807995,0.654662282277838
-101.71837266834748,-110.20205976529775,0.645575327713318,328,335,351,912,0.3673245614035088,0.4223713141976624,0.41947510347813904,0.8896225378530228,0.6157654418908151
-108.55443629064594,-109.82459621720336,0.6200542009966555,321,328,352,912,0.35964912280701755,0.4251416554278649,0.4127943296228949,0.9076091287289718,0.6529817545023432
-83.28484823315745,-109.69295716213509,0.6206913871307314,393,289,413,912,0.3168859649122807,0.4009671205091022,0.46483164716072445,0.9248613524613868,0.653753044018725
-109.67510867992816,-109.38270573597842,0.623010925948656,333,327,344,912,0.35855263157894735,0.41302751529870163,0.44738883434523863,0.8854924608257305,0.6351896658197256
-116.5181792417559,-109.422691007186,0.620914679845798,307,348,342,912,0.3815789473684211,0.431681555651086,0.4172955385563739,0.8986096241093436,0.6451163322124267
-102.19346490954631,-109.39800772386485,0.6218153246560284,357,330,394,912,0.3618421052631579,0.44324283147683685,0.4514632447445999,0.9112919681538316,0.6459214325700771
-108.22206755800497,-109.41511627805512,0.6306110548146401,332,344,353,912,0.37719298245614036,0.4259512754021064,0.4398332750397481,0.8936793628545908,0.6394189567068999
-129.38571763433706,-109.81173622354667,0.6327573157179966,333,344,353,912,0.37719298245614036,0.45957753173044635,0.4443442241361793,0.9319937932817264,0.6059574475984805
-143.59391092327425,-109.99316314763318,0.6236334917707604,254,376,299,912,0.41228070175438597,0.472172770962534,0.4572836892211859,0.9000908504354005,0.5972061792897753
-148.1703498068441,-110.23132164860824,0.6241365980518929,285,389,293,912,0.42653508771929827,0.4524416610045914,0.42317419501994735,0.8635364664931792,0.6376556751176091
-127.9380027185812,-110.30470056172389,0.6257785357632604,315,346,333,912,0.3793859649122807,0.4463727469574374,0.40117137363434624,0.906724675144849,0.6307260040234905
-114.06229140883359,-110.12566606446494,0.6251338084644861,320,337,345,912,0.36951754385964913,0.4226370548140288,0.4134763453007369,0.8776509559460757,0.6357487948359869
-135.71125502602018,-110.28862977888738,0.6206547997568967,264,382,300,912,0.41885964912280704,0.4132674024525132,0.39633722298024665,0.9003590589594497,0.6229931922897975
-86.39334992967258,-110.12138931218489,0.6243228716872818,366,296,384,912,0.32456140350877194,0.36043194862369365,0.4414572183167147,0.9037605580293401,0.6577494053802619
-103.28664814877378,-109.9495423891252,0.6262830022832345,332,325,370,912,0.35635964912280704,0.4011966219908302,0.4426259723817172,0.9057015883116232,0.6339553905914691
-93.0519846878707,-109.72838078280887,0.6228924743600562,337,324,357,912,0.35526315789473684,0.42287951214160485,0.41572884466163856,0.9126666680270737,0.6050749854947706
-135.95386106728864,-110.30543615331484,0.6301856022838455,306,359,315,912,0.39364035087719296,0.4454538091040423,0.418049973545541,0.8927752944599995,0.6437443639160833
-74.21500255093528,-109.6795815930289,0.6268410742251769,360,303,364,912,0.33223684210526316,0.41980531806970706,0.4194182814089686,0.922620783960356,0.6290989948751371
-106.98368706920641,-109.53922409920887,0.6309311741189855,327,344,363,912,0.37719298245614036,0.42222346463159294,0.42871658002777663,0.8952690959493328,0.6472849003565424
-101.67229714215844,-109.41700079221812,0.6270506427794542,366,317,376,912,0.3475877192982456,0.370124359785514,0.41397246608384586,0.9257272573007197,0.6451648716247912
-111.38494719565048,-109.50403740226083,0.6352157035500698,309,332,338,912,0.36403508771929827,0.41789824931418207,0.4482171021594437,0.9102993189339932,0.619320164689445
-77.39540480608643,-109.4536100327785,0.6286834851061841,400,282,460,912,0.3092105263157895,0.45520092426037906,0.47446540338234916,0.9257429603283863,0.6545003368476886
-169.94299608533728,-109.93607220593093,0.6602489229014684,265,405,266,912,0.4440789473684211,0.4907285626160015,0.4349346328012775,0.8983628430177188,0.6622503783157833
-121.17229500353483,-110.1205175229051,0.658907051836829,312,348,342,912,0.3815789473684211,0.4317610883032677,0.43611313775529365,0.8635057154298035,0.6595924160334687
-124.62987629340942,-110.31890874309393,0.6548260210716188,314,351,330,912,0.3848684210526316,0.47016162590663696,0.4509521111023483,0.893642162266615,0.6073104882185437
-98.12954611587763,-110.08507225370072,0.6556842588036982,329,319,347,912,0.34978070175438597,0.4471306625956038,0.43626667806963204,0.8989984852638823,0.597576160470458
-74.40938477680473,-109.6939120064872,0.6427867285153128,394,269,408,912,0.2949561403508772,0.4311876308553973,0.4116164798909712,0.9230546883720434,0.6078925680143005
-126.48062719570764,-109.93458533268776,0.6456692520785792,327,344,354,912,0.37719298245614036,0.4346816735828635,0.4448502631938351,0.9432339070095596,0.6340294552500961
-123.30975382286849,-110.32499268340476,0.6521546472537989,307,344,307,912,0.37719298245614036,0.4310959981294669,0.44777516396515554,0.8880383316717778,0.6228325117638268
-103.17832672984282,-110.16933631052304,0.6421186708965766,339,342,367,912,0.375,0.37376533013925334,0.4326328621887565,0.9101285067845489,0.6555896630238792
-97.70486516769112,-110.00623981590597,0.6474995917335831,347,329,392,912,0.3607456140350877,0.3998650424603311,0.41725787267147413,0.9026581748190424,0.6446669439819424
-93.29788786509798,-110.23240659593358,0.654354706376414,366,317,381,912,0.3475877192982456,0.4171398859746349,0.4387440035898978,0.9027742376893427,0.6449277148043586
-117.74832201652315,-110.42406072980266,0.6468299313818495,314,337,337,912,0.36951754385964913,0.4904197381018186,0.41248746779751316,0.8864503424787001,0.6306021966298757
-92.58497086750748,-110.2805017014797,0.6465382246636591,420,298,430,912,0.3267543859649123,0.48631820864300124,0.4255225275993594,0.9349171906549979,0.6511141546832512
-75.72954701887895,-110.1004231388684,0.64300396914378,394,279,432,912,0.3059210526315789,0.4504856342031857,0.42842744495580337,0.9165186038910776,0.6478436164965773
-104.8009607959317,-110.07929382063294,0.6452537559857545,321,313,325,912,0.3432017543859649,0.4409381744882275,0.42700277593406105,0.9030602920926202,0.6206193580559655
-83.89314312094533,-109.62162011149647,0.6412425351108265,421,296,436,912,0.32456140350877194,0.4498331807080847,0.425680162601372,0.9032929893340363,0.6454792379712829
-141.93847814277652,-109.64069156740771,0.6413180638041587,282,377,306,912,0.4133771929824561,0.44815563280868514,0.4330478836408218,0.9052758730248804,0.5725560853381747
-95.54365662537211,-109.61895201880407,0.6366587957164611,315,317,359,912,0.3475877192982456,0.4736872158803195,0.4085534699478978,0.9134137995112906,0.6476348344468408
-123.71038078930764,-109.78806423741327,0.6356042158053216,319,355,366,912,0.3892543859649123,0.43943402251533814,0.4217765111774711,0.9210338153713263,0.6400752249002787
-131.8195732692722,-109.68542412028235,0.6409513821325435,332,351,346,912,0.3848684210526316,0.47315138005591845,0.44686259558045477,0.9002021894768751,0.636533968724748
-137.54169873277004,-109.895914956961,0.6397318464539561,273,365,323,912,0.40021929824561403,0.5012245485221879,0.4541247359919244,0.9069034903675101,0.6343690111712006
-79.21712862752553,-109.91733116603868,0.635887754047719,400,290,416,912,0.31798245614035087,0.39129193021027314,0.4777385777736213,0.9074800388832139,0.6599695149808997
-119.42527995411983,-109.96392457941792,0.6348007702754888,285,348,285,912,0.3815789473684211,0.4176201635380493,0.4361699430683717,0.9100036985883421,0.6199790520251663
-102.6890214738971,-109.96215745203051,0.6298944528594542,317,331,371,912,0.36293859649122806,0.42028568468080296,0.4387948708189403,0.8965647744772166,0.657970308843748
-111.83226221781449,-110.0948269790379,0.6392470644122027,352,323,396,912,0.3541666666666667,0.45608243599107173,0.4153451096230226,0.9210042824925648,0.6478751977524114
-115.32284041984819,-110.04908517732288,0.6385953297032587,278,344,280,912,0.37719298245614036,0.45158081823180984,0.44662404812858714,0.9017932332994628,0.6152021799454674
-110.00332032524025,-110.00294842772259,0.6435803456292295,347,335,360,912,0.3673245614035088,0.4239678921270758,0.4529474641755547,0.907599489416823,0.6171043508063884
-111.631721216356,-109.98103994574001,0.6377136074411369,332,344,398,912,0.37719298245614036,0.3989860394470701,0.4293469096822679,0.9303640491459498,0.6471844822055189
-117.20725834874231,-110.2608792009112,0.6319214620090586,331,334,363,912,0.36622807017543857,0.4184274433465088,0.42318965420092114,0.8818747854909238,0.6289173525950488
-102.44687293013561,-110.02513365800543,0.6360512397041773,312,326,357,912,0.3574561403508772,0.42736641108956663,0.4215473100057161,0.8851774534922711,0.6427879206148667
-102.61330045625273,-109.91634653640605,0.6392546413182969,364,322,365,912,0.3530701754385965,0.4337141463949542,0.41142006414333215,0.903624733286509,0.6313996216101878
-130.63448951359715,-110.06055363673717,0.6304302551726385,312,363,316,912,0.3980263157894737,0.39294738802974627,0.46270700468795845,0.9061512183570718,0.6348547813210255
-138.64684952134596,-110.42993817872204,0.6298300800328458,252,369,302,912,0.40460526315789475,0.38611401404434276,0.4444422940573342,0.9254249868394787,0.6039985945340205
-95.42679186791962,-110.6122607488319,0.6300414354937994,363,312,364,912,0.34210526315789475,0.3694667539765944,0.3973650127994965,0.8855594691990444,0.6184307665570802
-99.42652371714628,-110.52675090678875,0.6309158022068966,362,316,384,912,0.34649122807017546,0.43053167624975935,0.44802478431581266,0.9123371760485938,0.6410939715559333
-114.06211542924535,-110.26389597680696,0.6335815879661664,361,322,369,912,0.3530701754385965,0.4754485499351694,0.428502165903249,0.929197180512451,0.61358917922193
-111.60285303667392,-110.16429993743822,0.6338906712890368,366,343,382,912,0.37609649122807015,0.49555349626648904,0.43647658075437334,0.9051268936090257,0.650413942319565
-89.21538807863081,-109.82789398809206,0.6309220627414424,405,294,427,912,0.3223684210526316,0.5083429128495733,0.45928957497032763,0.9195207768865314,0.6544656588894108
-128.3880993578356,-110.52233578426313,0.6289091318217561,330,348,335,912,0.3815789473684211,0.44998784667467934,0.4172310775967412,0.891320338509555,0.6266189305815404
-113.29782562041828,-111.13238289245457,0.6255626975386963,315,351,345,912,0.3848684210526316,0.41304295678924874,0.40138257028162844,0.9156099605490303,0.6103778900600262
-124.23692282535461,-111.4121924357747,0.6225680181321291,279,365,305,912,0.40021929824561403,0.45492606969487837,0.40490617010013435,0.8988448946579486,0.5917200579390319
-105.59359977039472,-111.43832024766444,0.6311369620189811,338,328,349,912,0.35964912280701755,0.4505286401517153,0.4398068654335492,0.9032163423337117,0.6270894682303767
-81.81657370994296,-111.23546535354001,0.633957306633819,390,306,409,912,0.3355263157894737,0.4281425527084606,0.4397679414955101,0.9041524452313118,0.6244243610748864
-136.75338432687144,-111.21929374684603,0.6358705209596344,278,378,306,912,0.4144736842105263,0.46501103775547414,0.4351272744004669,0.8896262283046091,0.6259913398675275
-103.53262237218358,-111.15194998705387,0.6276250600451443,339,326,343,912,0.3574561403508772,0.44025620507851915,0.441532795975221,0.8941209114189151,0.6308057453648857
-141.82333466061687,-111.62117247551427,0.6245511188942513,276,353,338,912,0.38706140350877194,0.4446361772635802,0.43575432438619516,0.915598531678573,0.6615543638404359
-100.67754181563275,-111.55314387827066,0.6265790963459646,361,321,374,912,0.3519736842105263,0.433575186444527,0.4552735806636307,0.9128527332829867,0.6493904266517316
-95.73612751723512,-111.33647068636071,0.62717728797243,358,302,379,912,0.33114035087719296,0.3958910600047983,0.3998700662148119,0.9087328692333289,0.6348802576386907
-100.08794728276403,-111.3525202073324,0.6248070099399264,331,323,370,912,0.3541666666666667,0.4289660234124928,0.42758196732464815,0.9128848233316474,0.6194837407962498
-78.60840737613894,-111.04036616851927,0.6294633243359901,372,296,385,912,0.32456140350877194,0.43447394215797014,0.44129324129228986,0.8972827631372414,0.6194178907139042
-107.21587183573092,-111.37575174465627,0.6299648651929044,338,330,348,912,0.3618421052631579,0.44983708374773007,0.44885957929486364,0.9070746440307351,0.624523063228681
-93.59936838589158,-111.44994128472588,0.6261339373208346,352,311,403,912,0.34100877192982454,0.4233703538015991,0.4373659234463498,0.9010972388318766,0.6599943594465326
-129.65030034689187,-111.73806630304139,0.6262083785586872,305,351,348,912,0.3848684210526316,0.39340866039279687,0.4334636632323622,0.911220256113655,0.6331162445169235
-90.08591616147122,-111.11909937468685,0.6246320239073623,380,285,401,912,0.3125,0.4020933087031513,0.41709979060414043,0.9178580110333466,0.6633580084441578
-92.53821945752108,-110.54098592820955,0.6173999969322329,363,319,372,912,0.34978070175438597,0.40550008564291795,0.44476926550174173,0.8870622295141205,0.6612295753638713
-90.41837297856988,-110.43020539410942,0.630809884175258,363,307,414,912,0.3366228070175439,0.3942889331531316,0.46762972810109105,0.9075181114327692,0.6450406742843289
-113.36174555765166,-110.54967680283856,0.633532669939279,327,325,353,912,0.35635964912280704,0.4225058296953644,0.44763197979516084,0.915528858138949,0.6211124797365646
-149.94573054528323,-110.82576848608947,0.6292602312421168,302,370,334,912,0.4057017543859649,0.4225168239833319,0.4015799640255078,0.9187308267985758,0.6536269037361448
-142.91126016415566,-111.06814762557764,0.6310889685749903,251,382,252,912,0.41885964912280704,0.4018621971230185,0.4568680113022888,0.9124734640751596,0.5922144988741195
-116.83474695894952,-111.16067165694183,0.6149474244701829,279,351,283,912,0.3848684210526316,0.39165904503117743,0.4202672661332846,0.8879308206239281,0.6218710608121679
-158.4676986645273,-111.645037811553,0.614574374006216,241,382,260,912,0.41885964912280704,0.40671207756622746,0.42949571323885977,0.896199993405045,0.6796777456954555
-149.36295322004207,-112.15240487127005,0.6117791068765337,251,396,252,912,0.4342105263157895,0.41224323074768127,0.4049311720464963,0.917757789884747,0.6092904930637142
-126.07985809745098,-112.05887180220935,0.618191603967157,307,340,348,912,0.37280701754385964,0.43321805281687764,0.45933906760281007,0.9055625695749537,0.6489869041681654
-128.96207587831526,-112.18730770676824,0.6169991865173972,327,346,341,912,0.3793859649122807,0.4413788425646109,0.4370015312782572,0.8919905908785619,0.6312810189167862
-130.33589594689957,-112.4348727024738,0.6163983162262185,306,361,336,912,0.3958333333333333,0.4660274587121071,0.455613586861405,0.8873619419095994,0.6294700738295196
-95.5233901056193,-112.18021113121107,0.6217065926850062,373,300,402,912,0.32894736842105265,0.47303433391123073,0.43632337098369417,0.9256040858240038,0.6490670830566867
-110.29511993115047,-112.0573395075299,0.6308102955256139,373,331,381,912,0.36293859649122806,0.48445522255289947,0.43423990677358104,0.9198045630769119,0.6399341637142854
-111.33987218697591,-112.11132545177568,0.6321855418003195,349,318,392,912,0.34868421052631576,0.47349766025320583,0.4529608396524573,0.9025522245816392,0.6664037298021784
-106.772439263646,-111.90651987466732,0.629643391859983,331,314,389,912,0.3442982456140351,0.449535764919974,0.4455982314763593,0.9224315655320149,0.6436977034144736
-89.12737817074435,-111.70357032179962,0.6258015544434105,359,305,387,912,0.3344298245614035,0.4243402261332923,0.42387324580522207,0.9110973960448908,0.6563907460104014
-122.94061298158063,-111.8786513418114,0.6234221371819276,283,371,311,912,0.4067982456140351,0.4587710246880015,0.4406240502117517,0.8934903585732376,0.6199919946512904
-95.79558308370692,-111.72442933618252,0.6354889046648027,331,328,400,912,0.35964912280701755,0.42668496564043196,0.4243360389135913,0.9197986829147768,0.5966433995083781
-138.1454483432918,-112.22166870134498,0.635891811215235,292,360,344,912,0.39473684210526316,0.4498207693088995,0.4388986555646659,0.8783452984535857,0.6789345613085853
-127.15892072631763,-112.00164904651268,0.6358990933552758,305,353,310,912,0.38706140350877194,0.4442482207330735,0.4297914425480101,0.9068729094799312,0.6442243761604591
-120.50309955431679,-112.22822180958197,0.633491292880934,310,336,321,912,0.3684210526315789,0.45226597152867565,0.39949853598820906,0.9008416640936229,0.6126621458319294
-103.45059689537358,-112.08695032538895,0.6506401626276757,385,324,396,912,0.35526315789473684,0.44119655711970124,0.4335374817998135,0.8915021861903698,0.6826315210734456
-110.98830751159721,-112.08732796046901,0.6478678023060366,343,331,373,912,0.36293859649122806,0.44781525801966293,0.41640133427662795,0.8874092295937097,0.6405966649972658
-92.50360465216906,-111.51991360892926,0.6411333863851607,397,300,410,912,0.32894736842105265,0.44971438816911835,0.4240785020456594,0.9090337943350678,0.6363536920370173
-109.11557850749386,-111.72317848015592,0.629738241028683,310,328,333,912,0.35964912280701755,0.460729817474173,0.4370917207437859,0.8950012149070204,0.6279378400078014
-132.03712783737345,-112.02636603184618,0.6377153766839292,321,358,326,912,0.3925438596491228,0.4307395008245568,0.4250467431915194,0.9214995248637985,0.6434377770838301
-117.054527870181,-112.11136694764154,0.6414194839570471,301,350,330,912,0.38377192982456143,0.41545280000534673,0.4318190755416474,0.8980957771212542,0.6295749306898449
-127.02057358384158,-112.54872420114836,0.6471455507123354,335,339,343,912,0.3717105263157895,0.41184914497438235,0.44487517754168815,0.9208689420102353,0.6396186844532827
-91.4550208104325,-112.36652332245339,0.6484270701460473,365,319,400,912,0.34978070175438597,0.40106811827506383,0.3805899872785964,0.8950254754784527,0.6384147053116526
-104.82772581917183,-112.24961878822758,0.6493333498329348,344,328,392,912,0.35964912280701755,0.432548909434779,0.4352149041009909,0.8927700539960942,0.6325795364786578
-109.20712886426979,-112.3197554277748,0.6515019103596059,324,341,348,912,0.37390350877192985,0.4514654708906975,0.4299156425941342,0.8828819336702954,0.6370865150539163
-130.7330085833567,-112.54486483802832,0.6427017595872957,299,370,348,912,0.4057017543859649,0.44411136218124025,0.4324590247685492,0.8989031094684697,0.6563995792807532
-120.08508231133276,-112.45185848479827,0.6461418938406831,270,344,319,912,0.37719298245614036,0.4510492204657461,0.4320650219948113,0.8891044786498056,0.6339202134178032
-81.70364257507178,-111.83295580131626,0.6460278107482007,373,294,406,912,0.3223684210526316,0.444436222158871,0.4351314037678096,0.9345210299948388,0.636851692537685
-132.69240858963812,-111.6781763891442,0.643497038505061,275,374,286,912,0.4100877192982456,0.4507347131167781,0.36422985141132996,0.9296523969881636,0.6057549997545599
-116.88291366033025,-111.5676254985617,0.6468365823829642,306,357,314,912,0.39144736842105265,0.439781619668642,0.4271543969387213,0.8627579122854421,0.6202387415998846
-96.93131569799735,-111.39631574145335,0.6427933651288735,360,311,363,912,0.34100877192982454,0.39712747098260615,0.4402520713690668,0.9073153989958916,0.6378976765781109
-170.05935374481032,-111.73979672864124,0.6436610511833565,243,405,244,912,0.4440789473684211,0.4576711211802046,0.4342460073160595,0.9016382897321639,0.6372473187259012
-117.60066188047792,-112.0518698481493,0.6392572318078764,321,337,344,912,0.36951754385964913,0.42624826712108066,0.4302257497157021,0.9020361580382606,0.64736936132342
-147.01433839572152,-112.48914675061879,0.6381200542343776,274,383,302,912,0.4199561403508772,0.4218496272621888,0.472171430230943,0.8699590027372407,0.6607189435280011
-150.57317183578328,-113.06435862209791,0.6400025402297351,246,399,261,912,0.4375,0.45725495748881073,0.41985825238649677,0.8723878128492597,0.5882471500345039
-106.21326385735873,-112.7669526499986,0.6364972831291901,319,342,357,912,0.375,0.41456454237121737,0.41323261986064663,0.8897478151025487,0.6415095402941144
-136.5765875861081,-113.39056850035033,0.6410580488690661,290,370,308,912,0.4057017543859649,0.4394558238627434,0.42478049370697885,0.9129128254623003,0.6261284178991556
-90.96347076297116,-113.23036633728799,0.6463838659103325,357,308,371,912,0.33771929824561403,0.4033520386667745,0.4418561282831522,0.9195282707305479,0.6270938155992102
-117.0363989647991,-113.38400735551437,0.6483631166351124,319,333,358,912,0.3651315789473684,0.42918959742700724,0.43962819703161315,0.9109626686766279,0.6331520910319829
-109.5663780079749,-113.36582166363763,0.6400538346869518,328,319,376,912,0.34978070175438597,0.4275951222491106,0.4379878554966437,0.931725653188538,0.6745584680692497
-75.36753215907939,-113.34554293716755,0.6409400335300723,405,270,442,912,0.29605263157894735,0.4058335620714467,0.43687913838529724,0.919017629823404,0.642686510839718
-100.0789415605761,-112.64690239191995,0.6128069528697621,364,324,365,912,0.35526315789473684,0.4234964199341359,0.4449078841723129,0.9175267696729276,0.6295231389848008
-115.50817295377492,-112.59026117142236,0.6148995792181735,296,336,391,912,0.3684210526315789,0.4260650365903585,0.41210148551916664,0.8959382408918722,0.6188559671294583
-76.24182510809291,-112.10638065956917,0.6152932218389391,394,283,447,912,0.31030701754385964,0.45825829900702914,0.45447337392248865,0.9134375189615289,0.6275255139946117
-101.0461941471934,-112.1355471398823,0.6178487013600956,346,321,367,912,0.3519736842105263,0.4898970282329246,0.411568948418667,0.8836969991808415,0.6528231945609467
-105.72789214336727,-112.44873221354797,0.6171198180801502,312,339,319,912,0.3717105263157895,0.4934047872346774,0.4593165740894063,0.9087287031815056,0.6152364431629422
-96.93159933746708,-112.15324193496555,0.6171488708462504,329,312,389,912,0.34210526315789475,0.45338231733086953,0.39586830620732744,0.8884301173350259,0.6217134750745085
-102.82722318269904,-111.94841662856388,0.6096791208186257,362,321,374,912,0.3519736842105263,0.4402951606864096,0.4383019757639202,0.9082310740117854,0.6305561463682898
-81.25501254043742,-111.72918348666983,0.6050439507807293,401,289,417,912,0.3168859649122807,0.45037547896078145,0.4259669672677257,0.9223668991185573,0.6597987719922519
-100.08949961843095,-111.75302983117722,0.599947834277585,359,319,398,912,0.34978070175438597,0.43202639113360264,0.41923361547970733,0.9314411506301411,0.626820088006936
-113.24472034373002,-111.95249815596351,0.5941949946772322,308,360,333,912,0.39473684210526316,0.4209068807829917,0.407637798671922,0.894987475458978,0.625615561994624
-173.513927961184,-112.51015421541013,0.604468678221322,233,395,236,912,0.4331140350877193,0.4621474518146627,0.42695197840525384,0.8783162815329589,0.6600496938405274
-121.32115666806995,-112.79751607341575,0.6082112436438696,295,367,333,912,0.4024122807017544,0.4257737220090717,0.4168320066618624,0.9072630330199655,0.6230177679995029
-133.4697361727108,-113.37491796495405,0.607533442760452,324,355,335,912,0.3892543859649123,0.461123598500356,0.4344207111912037,0.9186023618423896,0.6099326046822314
-145.14531661761183,-113.77836152317086,0.6056985547910677,315,372,360,912,0.40789473684210525,0.4369624298238853,0.43589529760596013,0.8988557722174425,0.6661371562420085
-119.82649615392474,-114.13769505350065,0.6067133226005661,336,346,361,912,0.3793859649122807,0.45300830394720715,0.45191447654197386,0.9185648505298477,0.631510869864156
-105.12775311827905,-113.76958780325567,0.6029898672668463,346,330,357,912,0.3618421052631579,0.46098263590977645,0.43352700701181196,0.9043216204863681,0.6193035940383592
-147.2798969232411,-114.28695020623437,0.6088837092802012,245,397,292,912,0.43530701754385964,0.5147755162169476,0.4592074014031109,0.8768058929720749,0.6416594093016563
-103.11035406063529,-114.08094993894764,0.6078678434799933,351,319,386,912,0.34978070175438597,0.46493423752865415,0.46446423198325193,0.9159760405064764,0.6528601293151404
-99.69769658492521,-113.75973117210417,0.6015989428727617,357,312,383,912,0.34210526315789475,0.5040383338162241,0.4622460724786893,0.9046993444483342,0.6369452533077323
-131.3568769348682,-113.69788295412515,0.6062589390705537,298,363,304,912,0.3980263157894737,0.46398141652509195,0.394091073991256,0.8911684316768,0.6568002227990423
-114.11482317966663,-114.04685989964656,0.611268697950887,329,344,344,912,0.37719298245614036,0.44462213766221903,0.43299450971693426,0.8891857503890055,0.6263624821112955
-125.51727653550132,-114.10777986546037,0.6118724414875427,305,356,339,912,0.39035087719298245,0.4174830258648024,0.4248532627855218,0.903713059109545,0.6617360776364065
-128.22874200641226,-114.36317707078555,0.6088090048017755,307,355,321,912,0.3892543859649123,0.4299394147220429,0.4208302545475825,0.9025929088188281,0.6691350461974319
-96.43808519671903,-114.20923530057462,0.598601991735229,327,340,353,912,0.37280701754385964,0.3933980229596573,0.39587575062882707,0.9090104688813061,0.6161214908901121
-130.41922152923988,-114.36019911166854,0.5916228090611342,301,359,323,912,0.39364035087719296,0.41070422622242514,0.4178309956098549,0.8954818319586885,0.6280698765812882
-86.38842725483082,-114.12405018096445,0.5910149889902222,383,312,410,912,0.34210526315789475,0.3950444214269924,0.43853109819123404,0.9123325116131328,0.6435481788717895
-131.13197502060848,-114.31905271900698,0.588773374651491,289,365,314,912,0.40021929824561403,0.4453881310251657,0.4577453176781271,0.8955218576248051,0.6298701049914165
-83.34333337864251,-113.98041346930594,0.5914938831053165,350,312,381,912,0.34210526315789475,0.465175304869142,0.45296545581320335,0.9120691294796744,0.626995899278809
-117.7670877223216,-114.13361561722779,0.5883616643019711,289,344,313,912,0.37719298245614036,0.43290853565181026,0.4645640872517694,0.8948942756367418,0.6489208805021006
-106.32349253013305,-114.17071753796661,0.5853661113612881,359,327,384,912,0.35855263157894735,0.48708896228188253,0.42833513981111687,0.9020742677768125,0.6390314050023637
-97.9224035228883,-113.84359667805951,0.5837549277667153,341,317,341,912,0.3475877192982456,0.4958433067276907,0.4623069006649225,0.8960964922539042,0.6383501338117586
-88.55330042656101,-113.34266118711166,0.5857953539928829,391,302,391,912,0.33114035087719296,0.4852124977226478,0.40924427154771725,0.8976369098898481,0.6476695725255516
-95.8813623692151,-113.34720689212463,0.5846437769296898,341,316,341,912,0.34649122807017546,0.46321201931282463,0.44361171032965696,0.9095531864702412,0.6150917512063535
-113.62567118488738,-113.48919836680204,0.5885674859424302,299,350,320,912,0.38377192982456143,0.43818374114843006,0.42462798488574327,0.8877926538096655,0.6173554331908708
-142.08808497012015,-113.76945806221077,0.5849851270089563,273,374,313,912,0.4100877192982456,0.4193808566026605,0.43355574079472975,0.8998754923168865,0.6141706634132136
-136.02110174341462,-114.0136405492782,0.5811871957681841,304,364,344,912,0.3991228070175439,0.4340917565162917,0.44751609434297923,0.9090694903040158,0.6560825065641691
-88.18556755020215,-114.00334234399389,0.5769120874593473,369,308,370,912,0.33771929824561403,0.3781996332528739,0.42638050273868894,0.9044928410389027,0.6364582997818146
-138.47486810016113,-114.10421003141717,0.5776361036580531,271,391,277,912,0.42872807017543857,0.39956925807817195,0.4460526377915071,0.8815916520400003,0.6332481155664103
-77.87245639461943,-113.74995633915918,0.5769946810005369,361,299,394,912,0.32785087719298245,0.3875717715760318,0.4242769099337401,0.9026766644709788,0.6361160417434895
-74.42616013096784,-113.25184871221532,0.5811798982191602,381,315,402,912,0.34539473684210525,0.3806022831976618,0.4482271805282435,0.9183876481799876,0.6356130637548288
-108.32387015926952,-113.27915141610406,0.5787022995010422,306,339,344,912,0.3717105263157895,0.4489992485994462,0.39081128673473725,0.9075964318506102,0.6433739821513083
-126.7659051851083,-113.7286447308557,0.5781629810784409,286,353,364,912,0.38706140350877194,0.44401392573218124,0.43018513859697133,0.9103257365226893,0.6491480616273096
-149.20770065600706,-113.85318789414706,0.5755780669112531,290,372,313,912,0.40789473684210525,0.44842384941570734,0.4512022814570511,0.8774893100860158,0.645234121325894
-116.6152474734095,-113.9840141451593,0.57779611522175,322,338,358,912,0.3706140350877193,0.40046567664996735,0.43947381714176686,0.9121521967098105,0.6422329208329481
-100.15052887803935,-113.56728608733353,0.5826711491598057,337,330,356,912,0.3618421052631579,0.3808329984463302,0.4090338523573089,0.9064493727503896,0.617334951004708
-149.94109313564684,-114.05992160053368,0.5838633703212027,281,375,311,912,0.41118421052631576,0.428741384824901,0.4279761657774794,0.8810567888047783,0.632682071145424
-112.4698915271693,-114.22725924063302,0.5750391454152219,332,346,391,912,0.3793859649122807,0.40928243850707896,0.43349007681594626,0.8885583387324726,0.6464626605275025
-104.19897603409336,-114.26836952814631,0.575050119707917,343,324,382,912,0.35526315789473684,0.4171357797206679,0.43335345273033005,0.9047094405686033,0.6116082041380434
-80.7307025392995,-114.28959247977791,0.570628984333801,386,301,409,912,0.3300438596491228,0.4137274954388541,0.44488541784703695,0.9059261392210365,0.626600832733972
-185.74341408597073,-115.07486790228033,0.5703216715204127,162,433,171,912,0.47478070175438597,0.4627751528900247,0.4665568121234282,0.8395418929412921,0.6705984402381381
-149.32007225417166,-115.63207494096311,0.5737409509121214,276,383,328,912,0.4199561403508772,0.47427086683698083,0.4240124193862255,0.9222892859127915,0.6403048128115866
-141.1664455927898,-115.7472363934221,0.5691920453540399,269,373,272,912,0.40899122807017546,0.49097839288782574,0.44460326141468803,0.8845806898125036,0.6135765995126045
-88.43255950268457,-115.73070282683422,0.5742015824728222,376,307,377,912,0.3366228070175439,0.4391529566135965,0.4309860942627625,0.8946794351593992,0.6306964037719284
-81.80328902347382,-115.62335352249373,0.5791055788891001,396,307,411,912,0.3366228070175439,0.43292929094942084,0.44539965372823787,0.8982765148123755,0.6337980688558957
-71.73867743557871,-115.43655656706383,0.5603162006417459,412,277,436,912,0.30372807017543857,0.4473655779915281,0.43149483962018725,0.9270880007206572,0.6302510272813443
-122.43361620552862,-115.52727527354259,0.5586393692264786,336,329,337,912,0.3607456140350877,0.48038897449403895,0.42056074639574104,0.9021555788287036,0.666006681415821
-129.63699746662093,-115.32418794275598,0.5596676457462714,300,354,321,912,0.3881578947368421,0.4721186943215512,0.4575212985492778,0.8933490534615816,0.6418036093893829
-125.44914081834418,-115.14956674929786,0.5557421780009713,314,347,319,912,0.38048245614035087,0.4325844351835258,0.47075159942038675,0.9090882929638413,0.5875626320858512
-131.15668960405787,-115.29278617574897,0.5586384121194954,305,359,317,912,0.39364035087719296,0.44760934001087305,0.43355440986596033,0.8851785833103767,0.6678995471965558
-114.488913982581,-114.8529983289295,0.555173963333566,300,338,352,912,0.3706140350877193,0.41860314961895234,0.41319271997232715,0.8771933327152933,0.6426883727506519
-131.67609278368997,-114.67612972456598,0.5590485131211396,270,357,322,912,0.39144736842105265,0.42142301520812936,0.40499862080882165,0.9123947539746963,0.6418314642493637
-119.94282820020742,-114.61475942559356,0.5678798449362873,310,336,347,912,0.3684210526315789,0.4226111202556426,0.451252035812403,0.8932895200956797,0.6514091741360734
-110.95695152631376,-114.43470818207352,0.5670764503487026,335,342,362,912,0.375,0.43897202287378806,0.4392879720942578,0.8930840592684421,0.6769715709634069
-103.32677461817282,-114.16461696878626,0.5662709532026069,360,313,382,912,0.3432017543859649,0.4254032440092059,0.44340016056314874,0.9095126342643721,0.6359673594411742
-148.11571692156173,-114.69054023694571,0.56401152073186,221,386,283,912,0.4232456140350877,0.4557241844490334,0.42686387648891455,0.8964585336122995,0.6087909669950534
-118.09710129875887,-114.76856005062179,0.5564112891918793,329,341,357,912,0.37390350877192985,0.43300362876019677,0.40895425702185695,0.9150591682963295,0.6433219743416645
-121.32045010650288,-114.86836582981705,0.5553201839085239,293,358,320,912,0.3925438596491228,0.4433565178164128,0.4533262276982525,0.8916531564706554,0.6321167831381217
-116.93046428682902,-114.96994608004884,0.5608513504032757,342,339,342,912,0.3717105263157895,0.410055923638236,0.43409766392493543,0.9065934982349443,0.6244621127366555
-138.791295353721,-115.46658525187864,0.5720750661278287,315,364,330,912,0.3991228070175439,0.4128934009780192,0.4368984111243974,0.8757023484886104,0.6494199540534561
-113.98577407530709,-115.3770368628159,0.571764456685208,344,328,354,912,0.35964912280701755,0.41273613764495104,0.42642731639298936,0.9125177448513746,0.619336411459547
-112.47432456855368,-115.54382427766436,0.5625011764652509,316,337,390,912,0.36951754385964913,0.4272519426757346,0.4020241932150233,0.923476852485919,0.6309278336129541
-122.94156205183015,-115.39178541474973,0.5619751568089386,312,361,343,912,0.3958333333333333,0.4487736616111099,0.4175284803687399,0.9011737938882854,0.6517252446578621
-80.27628538568558,-114.9229590613434,0.5634924992170811,385,290,434,912,0.31798245614035087,0.4458504698925378,0.41490532664901375,0.9238421235832281,0.6268573383387815
-106.12046742532351,-114.77913274005348,0.5541797687272108,389,323,411,912,0.3541666666666667,0.4137064127019059,0.470442141358636,0.9155426817168686,0.6699656786645599
-119.21501574452222,-114.93677692854499,0.5363194937314009,340,339,384,912,0.3717105263157895,0.48636543332885807,0.4400361055691325,0.8730259942540325,0.6373920595939363
-100.98919031676566,-114.8367857565967,0.537406055731283,365,312,384,912,0.34210526315789475,0.48561111069979795,0.45363613714440304,0.9063004152262278,0.6276249779884985
-125.89390113513726,-115.17068872142636,0.5405140253149786,306,343,375,912,0.37609649122807015,0.4806289534056528,0.4090868721597946,0.8998633985696385,0.6177717829665798
-133.8487960845921,-115.41802089719735,0.5448638239343271,300,371,317,912,0.4067982456140351,0.39983333997421777,0.4301290944614748,0.8986980858309613,0.676119904500379
-148.06664691991804,-115.57831608802279,0.5474339687801593,272,402,296,912,0.4407894736842105,0.43122981836744767,0.40586700646223356,0.8787668811531395,0.6341751566727792
-102.01966286724064,-115.42796743799337,0.549331247935987,344,320,358,912,0.3508771929824561,0.4253542837622618,0.4189613890573481,0.8726572312588171,0.6420424320629567
-109.16699627758904,-115.24943166493084,0.547415788493081,347,335,365,912,0.3673245614035088,0.4375275998537011,0.4090578232957676,0.9048613431881631,0.653459031109186
-103.57471893583482,-115.37062864618487,0.5470180814500525,369,323,372,912,0.3541666666666667,0.4685245030551248,0.40862607641543947,0.911390899015339,0.6181792870813588
-119.60795582739614,-115.5184309462671,0.5454510415387019,350,340,386,912,0.37280701754385964,0.45425777212749424,0.4342301770788599,0.9371105465525312,0.6502867293314089
-71.71093197602517,-115.14346897738466,0.5421974950726866,382,290,449,912,0.31798245614035087,0.48291098593964354,0.4148827194567791,0.918819943882437,0.6501488619127086
-90.6448293087523,-114.74258718463864,0.5412935154474586,355,329,382,912,0.3607456140350877,0.46077730696538577,0.4253160509880681,0.9038396274181536,0.6409739134905267
-160.2807085377022,-115.14454344690233,0.5382772850000237,229,402,230,912,0.4407894736842105,0.4827959396375303,0.4570655448987359,0.8713449240300272,0.5608922996582653
-120.16866301200928,-115.52919365127168,0.5382114120546504,313,349,357,912,0.3826754385964912,0.4724772797250403,0.4446383336048765,0.9222316317022377,0.6556505118015321
-133.58273927409917,-115.53809695811631,0.5430071656902284,278,386,293,912,0.4232456140350877,0.4695287478325384,0.41903506955956565,0.8565079385714968,0.6190830041949235
-115.39752337456687,-115.52324305525867,0.5400538477669414,324,334,336,912,0.36622807017543857,0.42299340144690417,0.43275537103377204,0.8915294479962649,0.6340451323508055
-98.52886825693042,-115.53921858084799,0.5441579825638425,364,323,376,912,0.3541666666666667,0.4284638776159853,0.43990126725252693,0.9221257340154182,0.6366083792999889
-101.50736545518984,-114.8536986979518,0.5460374239271327,332,333,344,912,0.3651315789473684,0.4014559157396539,0.39990457279306246,0.9106316152900013,0.6314894016201659
-136.92233649573006,-115.04691544410433,0.5538824861226808,251,393,270,912,0.4309210526315789,0.38769977251679993,0.4558368352680966,0.8942048192496522,0.6351589652879407
-109.44675928072836,-114.67123965295441,0.5570143355618551,316,337,321,912,0.36951754385964913,0.3801344993920327,0.4115099831368008,0.8764376730639839,0.584655586045974
-124.65547892244483,-114.412062723821,0.55787751221741,268,373,303,912,0.40899122807017546,0.4107994458607569,0.4406797414493982,0.8750901460266558,0.6325297306492114
-157.68118802189193,-114.92674196546633,0.5534116184083346,260,399,261,912,0.4375,0.4806858191136523,0.43634330989071946,0.8914172292000929,0.620363127250087
-93.78835341493235,-114.49885962375458,0.5557763876917002,355,323,403,912,0.3541666666666667,0.44750527922436983,0.45536179157461637,0.8975374727453002,0.6164055753127364
-130.75614686168552,-114.89678638474173,0.5437913125941796,325,354,342,912,0.3881578947368421,0.45947443966933044,0.4540793643833497,0.9060572438220098,0.6267927104824248
-109.92925708581934,-114.82571496595193,0.5476152192342113,336,346,345,912,0.3793859649122807,0.44452896078838283,0.4313476264368116,0.8739659539328563,0.6293932920282528
-120.28618714794821,-114.93291305735168,0.5550659928378537,318,356,331,912,0.39035087719298245,0.3825672759779822,0.4367824649071606,0.8971701206905949,0.6363400382799581
-161.66835034406682,-115.79592123920155,0.5520773367036335,243,407,261,912,0.44627192982456143,0.4374735459326457,0.4461034382414453,0.8563363602948247,0.6286700344238131
-99.16471865324367,-115.78677901012823,0.5513003636265192,362,321,378,912,0.3519736842105263,0.4059190188134005,0.4426762166953668,0.8939641767909564,0.6297801064398034
-86.92797129718272,-115.50097699356229,0.5548847092301495,392,290,417,912,0.31798245614035087,0.4547118006002379,0.4404075387443411,0.9152105248968665,0.6448779760878512
-92.45014005202148,-115.66306014300157,0.5543448752926143,354,322,405,912,0.3530701754385965,0.4879878993684071,0.4204883301707376,0.8949818749022849,0.6488794053975392
-107.47575945576935,-115.72735579608732,0.5590965799040405,355,325,411,912,0.35635964912280704,0.4585891379634082,0.4316618798944618,0.8975948801097213,0.6519299953516011
-97.83505229431336,-115.64842739759678,0.5561621484882497,342,316,369,912,0.34649122807017546,0.43623487799144695,0.4144592182926738,0.893360642665992,0.6330660062195439
-146.18752229700445,-116.14098662719216,0.5510918492579404,266,388,311,912,0.42543859649122806,0.4406383205826394,0.42235908068651595,0.9138202757353904,0.6320703834631314
-103.93058712462395,-116.15202026661137,0.5583456272376577,339,315,402,912,0.34539473684210525,0.45893609743183045,0.45119272220588613,0.9072742386346709,0.6506345560398263
-111.03102701909167,-116.44978041139794,0.5615641062228538,315,337,360,912,0.36951754385964913,0.4234548140656513,0.4303380120798642,0.897674289207591,0.6166785812927235
-130.8834894097825,-116.75772030931144,0.557908285482787,285,355,310,912,0.3892543859649123,0.47812660896255005,0.4321393777154653,0.8864271843989179,0.6462099547054001
-54.11465192038737,-116.16641962507802,0.5739769680038246,436,263,459,912,0.2883771929824561,0.4401497945824502,0.4208985688075121,0.9247161079624729,0.6398793622428728
-109.61353211439435,-115.52741566661011,0.5639279986748683,357,314,377,912,0.3442982456140351,0.4679512775938636,0.4265653593985268,0.9083441975298779,0.6502854070695138
-79.44142379733661,-115.10861833790278,0.5570606469853587,370,291,444,912,0.3190789473684211,0.4556594034678807,0.4521408881488073,0.904507142368615,0.6293226561734192
-97.26493303616832,-114.74657030653736,0.5688027102742046,375,306,404,912,0.3355263157894737,0.45493334676850444,0.4231194702753918,0.9156346712465298,0.6430187878518586
-115.8068369621795,-114.45318550998307,0.5697883592044555,361,330,403,912,0.3618421052631579,0.46107571310744844,0.42700326538317945,0.9238711840487541,0.6382581092694709
-107.39237348114423,-114.32884428325525,0.5702005759175001,324,317,369,912,0.3475877192982456,0.4331964686671701,0.44217934519787844,0.8994447247454175,0.6353946920811336
-116.92060747308949,-114.4467728268034,0.5755821392209087,327,325,352,912,0.35635964912280704,0.45929213874731556,0.4118443894887463,0.9103996365955357,0.6013479122463292
-126.87507706542472,-114.2427246282252,0.5757652827046651,317,353,343,912,0.38706140350877194,0.4357398612120636,0.45377393102579894,0.8911028714690481,0.6569191150504956
-120.05643968904837,-114.41218548450932,0.5885642118885512,315,341,335,912,0.37390350877192985,0.44380267547571484,0.44673886444501243,0.9075858581226771,0.6309986843582075
-115.66136981085958,-114.57182221676865,0.5946966887223163,315,338,325,912,0.3706140350877193,0.4289452684898319,0.40512275264410696,0.8875855848456444,0.6544167905622474
-158.2770502551169,-114.84102394997115,0.6109828683321036,265,405,274,912,0.4440789473684211,0.433123279968981,0.4033557976805321,0.903188098594919,0.6285389061382539
-104.12711747118833,-114.74114689288638,0.6205761485906711,325,334,326,912,0.36622807017543857,0.41228869250957034,0.44528226510034,0.9118226483750226,0.6364104416101886
-144.66478469850847,-114.93262197451647,0.6188084476613859,280,383,344,912,0.4199561403508772,0.42889457117641,0.44949549134692207,0.894943529796098,0.631367112099572
-101.68602335143137,-114.66719478796665,0.616358284719491,363,331,380,912,0.36293859649122806,0.44086545478659867,0.4192000417217791,0.8999883932088079,0.624030955182129
-100.05637047050273,-114.70337764070446,0.6239445873881931,384,307,405,912,0.3366228070175439,0.4296341232953635,0.42567946225064757,0.9203724087312942,0.6420564749854428
-155.4206957912451,-114.95339238332451,0.6293530621522915,259,392,268,912,0.4298245614035088,0.4388505405757162,0.4511100362722658,0.8977547591476452,0.6564329929475874
-104.74627900295188,-115.13697090080572,0.6220199042077483,336,344,347,912,0.37719298245614036,0.3936474088167488,0.45120938377155434,0.8907167520535069,0.6431248636683332
-110.90295634943433,-114.93468071409397,0.6398291348433126,341,333,341,912,0.3651315789473684,0.41905898400659625,0.44236860369978565,0.9096011028508594,0.6199144931599871
-143.1068873366263,-115.53231625367381,0.6407631354827948,273,386,284,912,0.4232456140350877,0.4227527406935369,0.4322288168724187,0.9026082907178514,0.6443047174793314
-102.41289629948822,-115.3787743394455,0.6430543662190901,348,320,356,912,0.3508771929824561,0.44050615751059846,0.41957677826407963,0.9107482721798567,0.6315564762276596
-68.81011113461783,-115.00364052549034,0.6423648991362811,405,273,437,912,0.2993421052631579,0.4388968624745913,0.4349536651965985,0.9210873130927729,0.6210133341383205
-92.12215831024895,-114.94563807336394,0.6402349335216203,362,302,405,912,0.33114035087719296,0.42431650897586837,0.4332263686065779,0.8948418736692116,0.6589708306297345
-86.38689355792661,-114.92397400467762,0.6407137115142519,365,305,417,912,0.3344298245614035,0.4389835802106953,0.4375793566675422,0.9189056846250795,0.6232808168782277
-97.70271271292579,-114.94218750811473,0.6443329358939418,338,331,363,912,0.36293859649122806,0.44142127122449343,0.4455863873382709,0.9099099817731018,0.6280359404949054
-110.41521746410334,-114.91008297090688,0.636687962802821,342,320,384,912,0.3508771929824561,0.44414669911814114,0.42400179098113,0.8962488596558336,0.6233710576030971
-134.4593912267583,-114.83379603347328,0.650877292704595,318,348,337,912,0.3815789473684211,0.43488194361994337,0.4425786809110882,0.8917609292486959,0.6445858880236344
-83.68086295448447,-114.31039364558397,0.6533503901600519,386,305,423,912,0.3344298245614035,0.44124175385550735,0.424846362185322,0.9100308586462459,0.664673677072304
-106.35594664968143,-114.49209743657877,0.6544179431632366,341,319,349,912,0.34978070175438597,0.43656779752453817,0.42133454401273285,0.8992771426926578,0.6264829793912073
-95.42850932231129,-114.06163384880027,0.6483280432816494,360,301,402,912,0.3300438596491228,0.4308893552592484,0.4231433239388906,0.8911453121157762,0.6167652051645162
-101.59281653191064,-114.29883745017315,0.6586148705083719,368,318,389,912,0.34868421052631576,0.40920625648176123,0.4455390214293513,0.9011674406020654,0.6269888895511567
-107.58722004129132,-114.6304480492764,0.6559209315453383,343,329,390,912,0.3607456140350877,0.3980673598025926,0.45451686104973316,0.925505502741344,0.6257353324586329
-79.87389987559453,-114.34594834643966,0.6559149985576548,374,286,419,912,0.31359649122807015,0.40166082989998236,0.4356085093139957,0.9113261511759339,0.63539700688708
-89.68380544700308,-113.9751273490586,0.6547114163447186,356,320,385,912,0.3508771929824561,0.40733257423344993,0.42990068223732314,0.9068706439242887,0.6337115428522719
-109.64398529963307,-113.57949019549486,0.6544808501653158,342,324,380,912,0.35526315789473684,0.4546926872554586,0.4367671068524254,0.9334847895329214,0.6176040657222338
-136.3663636352467,-113.77700135711324,0.6574150273839653,305,349,323,912,0.3826754385964912,0.4702681595351313,0.4404249531349737,0.9062178788329401,0.6310781252046236
-67.81938563182771,-113.45368992465113,0.6533590789166723,443,259,453,912,0.28399122807017546,0.4188557047712202,0.45154925905760684,0.9008741649746946,0.6362642493041066
-142.33508330133316,-113.37762982630798,0.6655462597484538,289,369,331,912,0.40460526315789475,0.45292606027581467,0.4554604070676016,0.905689966796147,0.637102272819641
-89.56270786397572,-113.14855798967606,0.6699707212417519,336,311,369,912,0.34100877192982454,0.37012843799457523,0.43138031941908345,0.904774192642964,0.6472364588954623
-148.2563209785581,-113.5891314391207,0.6714166622126264,268,374,276,912,0.4100877192982456,0.4328494565140507,0.44826139313163504,0.904195195601813,0.6250090381363446
-113.93081475907105,-113.92113256131843,0.6751168435958351,327,345,341,912,0.3782894736842105,0.42358333218140154,0.4081452314714779,0.8741344256269223,0.6415648262561024
-115.37352285913381,-113.21743364905004,0.6841632584989228,329,335,362,912,0.3673245614035088,0.41254008643528045,0.4486921452689212,0.9075304780785692,0.6437968009306076
-161.454614007431,-113.33877906658263,0.6834372341265197,268,382,303,912,0.41885964912280704,0.4458652133741079,0.41121105323502416,0.8868353266174421,0.6794659290843313
-134.84117174505582,-113.27552632810529,0.6878954704598974,304,358,311,912,0.3925438596491228,0.4173565382046609,0.4302404789527544,0.8621919042691254,0.5931817137526895
-130.40437166955692,-113.69524444977402,0.6836165231284765,299,352,324,912,0.38596491228070173,0.42323765197653246,0.44137687882330795,0.9170866138538679,0.6322701061961759
-105.4968007942281,-113.93217956748157,0.6757141722715818,309,327,357,912,0.35855263157894735,0.4532574071754096,0.4294055777881445,0.9191758841883438,0.6260497693248996
-175.29710090834203,-114.96776380220918,0.6824613840344439,216,424,217,912,0.4649122807017544,0.45269957599103355,0.42245292250170585,0.8853087254979904,0.6500581991945249
-136.85568863507447,-115.11198452650464,0.6843348789240192,234,387,294,912,0.4243421052631579,0.440811361972229,0.4513561911780558,0.9206481481452697,0.6405303790354903
-144.96602786400774,-115.2652748304785,0.6802290453665104,267,395,307,912,0.4331140350877193,0.4366895128986896,0.43243453726451136,0.882579218351666,0.6151561747726217
-158.42285049109282,-115.595011927206,0.685761418488017,270,404,290,912,0.44298245614035087,0.4096408682455949,0.446299729593996,0.8934534261697431,0.6080174366377876
-158.04883709299204,-115.86393340209536,0.6824816772593958,240,408,261,912,0.4473684210526316,0.4474318066855717,0.42186684561145066,0.8864046870201313,0.6244597684188286
-122.9820905996581,-115.94886516826612,0.6894363467185616,293,357,337,912,0.39144736842105265,0.42331681506753766,0.4271283492962222,0.8841068632340204,0.637487536281563
-128.65969581458543,-115.91870119857509,0.6841578978644199,282,362,325,912,0.3969298245614035,0.4373345441001385,0.4596926132202607,0.8904662155761702,0.6212836871364461
-121.23931799567049,-115.93166609652971,0.6760442732190364,339,356,342,912,0.39035087719298245,0.42255370435528355,0.4380299386622661,0.9108683663160885,0.6106764893160491
-134.69243442761373,-116.1690209255427,0.6808927528808342,323,352,359,912,0.38596491228070173,0.40380356038764215,0.40733823656846363,0.9253923496014497,0.6226442354184026
-132.46548354921586,-116.46040801485313,0.6860286225787919,291,375,319,912,0.41118421052631576,0.4328261497441573,0.45978234657318684,0.8805999795586904,0.6270821788971436
-101.82137919888385,-115.99746463762635,0.6826096890710529,342,343,386,912,0.37609649122807015,0.4377498123507116,0.42274648905272527,0.892252394338548,0.6474235859033503
-118.09391200202536,-115.99743274465902,0.6828093032856215,331,343,382,912,0.37609649122807015,0.3973712075263696,0.41370390406146346,0.9108672742317832,0.6532104594915545
-101.31318647131364,-115.79736010830713,0.6802513389981715,351,332,384,912,0.36403508771929827,0.4089220373895092,0.43680836069589085,0.9195506757397128,0.6291769786558546
-122.0562922564327,-115.84861838800315,0.6796978013701738,306,368,346,912,0.40350877192982454,0.41397152940187965,0.44093787273108476,0.8995707875593119,0.6470779668019185
-143.5823871585164,-115.89652930605111,0.6702851490642885,300,376,330,912,0.41228070175438597,0.40552597749359337,0.43267229227039083,0.9085906404538298,0.652189375075022
-92.0711693946761,-115.67738325924479,0.6701608079652653,319,324,375,912,0.35526315789473684,0.4127352637537896,0.4418851775278664,0.9010669314386665,0.6307224767423464
-133.11557252121585,-115.88379573877143,0.666494892222823,286,371,298,912,0.4067982456140351,0.44190142732148785,0.45498899267215875,0.8673634693732707,0.6393388628356037
-151.030016171039,-116.16468027996349,0.6667789600969085,274,386,315,912,0.4232456140350877,0.40559149273078504,0.4248898125782738,0.9062500535334643,0.631522870984094
-119.50135853704772,-116.55693101147712,0.6670839986425999,335,328,339,912,0.35964912280701755,0.3998044742943788,0.4425056451598544,0.9030827079176628,0.6396250614469873
-128.05836458840048,-116.77630998310788,0.6702804726777554,285,365,317,912,0.40021929824561403,0.4037954623322818,0.40840265425806344,0.8922573935693183,0.6463983428822742
-96.4363356052039,-116.5485231817147,0.6759682502621738,338,328,369,912,0.35964912280701755,0.42786646148920954,0.449433668843954,0.9184014565163631,0.640016391329267
-106.40303882821536,-116.6026616668292,0.6763513769227312,336,343,381,912,0.37609649122807015,0.38570929534403153,0.43080117326640177,0.9128544606171883,0.6343440632526544
-116.288814950051,-116.50661080497835,0.6730463742918397,328,323,362,912,0.3541666666666667,0.46397802166308977,0.44248585300670773,0.8903121856150347,0.6437725317395245
-136.7196740247753,-116.53531958438018,0.6641433948850225,286,356,320,912,0.39035087719298245,0.4873036426950362,0.4620380496116142,0.8929330587288833,0.6330797460695364
-89.12764961772494,-115.94592961135827,0.6520097330379983,381,293,410,912,0.32127192982456143,0.4379781913344037,0.4056281498306129,0.8985020638019847,0.6421056207399573
-97.69177682494755,-115.90265075093534,0.6471855823464083,355,297,418,912,0.3256578947368421,0.45847151006058356,0.42909067166104253,0.9053556025374734,0.680386109284394
-129.52560130693885,-116.10623680122885,0.6483903111401452,263,377,284,912,0.4133771929824561,0.4285448654918477,0.4475609245196405,0.8813620865863535,0.6176578162534287
-111.03663127206727,-116.18085592459114,0.6576141114828776,356,326,387,912,0.3574561403508772,0.4270423274424491,0.4221556804256667,0.906865103212259,0.639793590080055
-86.29948350492683,-115.84777120136647,0.6607686082513954,367,308,400,912,0.33771929824561403,0.4513023246018387,0.4445257264753471,0.9100936171832644,0.6284952965550322
-116.01610528860137,-116.29082293449223,0.6690989647131008,347,318,391,912,0.34868421052631576,0.4300774000808549,0.4181681117378605,0.9303061745563329,0.6142894169883054
-160.14328552553062,-116.98580749666,0.6714147812113572,252,394,252,912,0.43201754385964913,0.4636499676698354,0.4113490490736193,0.9052007365472418,0.5988729098916589
-107.46808224605336,-116.4576812337435,0.6718364486880833,330,332,357,912,0.36403508771929827,0.4451358541121287,0.4667133523631271,0.8988398783847199,0.6251073630070406
-82.4975325974196,-116.08096992959761,0.6706307632528304,371,278,453,912,0.3048245614035088,0.4330722355367102,0.4235809490078384,0.9215412965512638,0.6218727164438044
-135.51859926775956,-116.10032852953422,0.6696800768759686,301,366,329,912,0.40131578947368424,0.48420308260213757,0.43638094478058775,0.9038695869932724,0.630484269347333
-99.98284721670326,-115.94618176795558,0.6656004030826382,388,300,426,912,0.32894736842105265,0.4647237856895026,0.4339428362404465,0.9228383851045416,0.6419189218202441
-105.49351702679135,-116.01582825565418,0.6624172794461834,369,320,384,912,0.3508771929824561,0.44364931175696604,0.4307043133168029,0.9091299356265089,0.6108494601838631
-146.02590671637552,-116.46101366826605,0.6606429373562567,257,368,294,912,0.40350877192982454,0.43794576429676574,0.44958211396429576,0.9157005834426412,0.6656917922106307
-100.79474424809837,-116.09973774578974,0.659855432890986,375,317,416,912,0.3475877192982456,0.40703721765996137,0.4031612543478262,0.9223829822711652,0.6688351043293016
-96.8264691311804,-115.97353484429422,0.6563307232200059,326,339,346,912,0.3717105263157895,0.426982199166453,0.41321281367103074,0.8789371861133191,0.6304204638894749
-124.0465483843392,-115.96744553891318,0.6552681461083485,324,361,357,912,0.3958333333333333,0.43365269162316433,0.3948878197075062,0.9272277990608219,0.649640559556393
-97.71590568615723,-115.36779271555584,0.6564140854947428,368,317,423,912,0.3475877192982456,0.45604598183584516,0.44023117541760176,0.9309267195207895,0.6583675406512713
-86.40646923627213,-115.29397387376925,0.6508516502200259,397,290,436,912,0.31798245614035087,0.44231874376540903,0.42868186097990174,0.9120652999343265,0.6328842224619893
-129.40805708910548,-115.28049297604345,0.6557894609316349,310,340,322,912,0.37280701754385964,0.39673451854593905,0.422798533664737,0.8982742795879698,0.6529124077590827
-110.21406129773108,-115.28334101816256,0.6526994031513549,324,341,341,912,0.37390350877192985,0.3890996220771589,0.4277352859376273,0.8906212306213198,0.6216442546628691
-110.65578684880958,-115.18703701517117,0.6457685473411775,336,335,347,912,0.3673245614035088,0.40342586481953274,0.40339342043366516,0.9332345943999044,0.6238894310897906
-147.9193957421799,-115.04954746915229,0.6502599360537512,224,409,297,912,0.44846491228070173,0.42382242510027845,0.4269325028151468,0.8767228117793909,0.6252753672702468
-88.14375985666449,-114.93933788118652,0.6482599366497978,377,308,417,912,0.33771929824561403,0.4505562158204899,0.42462508967197554,0.9265347541283556,0.6455168553757149
-159.7299450198336,-115.667357618413,0.6373816612682347,264,393,269,912,0.4309210526315789,0.4740442658920673,0.44404476891076644,0.9209332519325546,0.634265586435924
-67.78720122869834,-115.42072823017979,0.6388957438514484,426,268,455,912,0.29385964912280704,0.43818573110915876,0.4396743142275075,0.8918734982587605,0.6150973277650401
-136.81285591109497,-115.71409919473307,0.6342152275059112,288,360,297,912,0.39473684210526316,0.45030065416742115,0.44509168220371476,0.9033192969024447,0.6554023324659245
-149.24609058798285,-116.22820957766977,0.6364199994892664,291,373,338,912,0.40899122807017546,0.4395147310901714,0.45493883533849244,0.9145241306836908,0.6222476385723968
-113.20069875005817,-115.89834134220031,0.6521330027595156,336,334,341,912,0.36622807017543857,0.44443313726231803,0.44992642081057904,0.8995257900278756,0.6408237049160264
-140.6797266549813,-116.2658327375039,0.6437405368183177,289,363,316,912,0.3980263157894737,0.44552561693102816,0.3948585237366117,0.8858510592528304,0.6529936448801316
-104.96505039608404,-116.20517297127381,0.6388202953481315,332,317,364,912,0.3475877192982456,0.43114731506963033,0.43219941317016797,0.9113977931972571,0.6709240464903141
-122.84316504411774,-116.12476972761715,0.637296187412189,302,339,347,912,0.3717105263157895,0.43012539385397947,0.42599994173292366,0.9012000785839159,0.6171228151366707
-156.86548615401617,-117.15227806995343,0.6251846301294193,269,377,286,912,0.4133771929824561,0.44123230772725575,0.40335387648095844,0.8667568809103509,0.6554289281385454
-133.8858075315132,-117.39500082412462,0.6264593799233441,304,365,314,912,0.40021929824561403,0.44746025129148903,0.4387805301657036,0.8961265181774385,0.6531158095443209
-85.82338181836569,-117.45882040433489,0.6352503748940346,359,305,398,912,0.3344298245614035,0.43433928556257007,0.4273613463205467,0.8912954536673002,0.6471736163349532
-133.27148716754039,-117.81888594564862,0.6239179696316932,294,352,298,912,0.38596491228070173,0.4578076027279068,0.42849272375224645,0.9022541563267,0.6394935774467635
-114.99017003222644,-117.81071927634908,0.6271266264576505,325,351,349,912,0.3848684210526316,0.4167251216167538,0.4467010750301768,0.9131351143537301,0.6000562483980784
-154.9746342700008,-118.28654188423765,0.6244885820821675,260,402,273,912,0.4407894736842105,0.45023939418768466,0.4491223268221449,0.8817333809010711,0.698832155633839
-131.05334614715017,-118.42786927097825,0.6224338753122729,304,348,327,912,0.3815789473684211,0.4329028356382635,0.4697947705764576,0.8996202273302313,0.6368352867411192
-104.45939152585733,-118.20371241558257,0.6226010298722565,334,336,372,912,0.3684210526315789,0.45115003981662777,0.42881161475983737,0.9036948053790228,0.6631014787421212
-104.71147381802925,-118.05026275687239,0.6154848829414895,345,332,346,912,0.36403508771929827,0.42781121840581465,0.4472999543510586,0.9068181689039879,0.6344041119784607
-136.86560643201892,-118.26230512308399,0.6110592015067312,287,357,335,912,0.39144736842105265,0.40712984164262705,0.4045228336223976,0.9368585387091902,0.627911175161926
-94.41160754329401,-117.62365069596576,0.5951340098465965,340,313,372,912,0.3432017543859649,0.42840207172850797,0.43920760412740545,0.912209405484563,0.6541375631284948
-112.43465098481994,-117.70672603110208,0.577042245396298,322,348,332,912,0.3815789473684211,0.44521526766889913,0.422401829902951,0.8954819092168583,0.6298297504367619
-114.7949423619316,-117.40802760773632,0.5825757388951407,321,329,354,912,0.3607456140350877,0.41308076488473416,0.42522944145464925,0.9171459367044285,0.6334804353144217
-99.8019339808745,-117.38918671403074,0.582881355192575,372,312,402,912,0.34210526315789475,0.3904425455447417,0.4364567615511219,0.8933242318741034,0.6305067871987976
-103.03402731687835,-117.41896328249452,0.5795388714334462,303,346,315,912,0.3793859649122807,0.40140043138115733,0.4157670776268109,0.89187592702815,0.627964889200952
-145.6965717992473,-117.32172204257454,0.5805923370933435,311,362,318,912,0.3969298245614035,0.4090841902614333,0.44296883986548413,0.915541628948855,0.6183521134659994
-110.23592020104255,-117.37661845455544,0.5897694849016907,313,339,313,912,0.3717105263157895,0.3731879385161674,0.4604562248435401,0.8977279376733946,0.6329179899705953
-182.68631956781906,-118.0944520867393,0.5733310961931185,173,448,195,912,0.49122807017543857,0.4277823147097731,0.4201648041155705,0.9150389115404313,0.6086701732962462
-106.18619296156811,-117.72524514298871,0.5689704485927309,349,318,374,912,0.34868421052631576,0.4217720137796256,0.3734425576635707,0.9138011965524924,0.6340503922556037
-111.18148155482831,-117.8129309955421,0.5664290280056653,323,329,338,912,0.3607456140350877,0.4309478859624284,0.45908923594577966,0.9188310630612405,0.6251775997735775
-141.35080159755213,-118.53833790017143,0.5907484276016091,276,371,320,912,0.4067982456140351,0.460975775420617,0.42302432465431616,0.8877433754798982,0.6698684942007179
-112.52998763020081,-118.74241619337094,0.5935063735347486,337,345,349,912,0.3782894736842105,0.42819554153634776,0.454021389876708,0.8851408670899978,0.6145986057195797
-124.86113718923774,-119.12715862968406,0.6018391545509669,301,343,340,912,0.37609649122807015,0.4567765638689032,0.439698133532925,0.8946605941351713,0.6617537968595114
-118.07862337996285,-119.33091773635444,0.6036124078893763,332,352,343,912,0.38596491228070173,0.4046350366540147,0.41798121335390565,0.9029951428796302,0.6308505731133792
-104.10233967274311,-119.26778895844085,0.6052079772458271,346,323,348,912,0.3541666666666667,0.4239712530601979,0.4528453323389213,0.9009358453261554,0.6412501253952678
-125.05536888226597,-119.17374873499591,0.5939254741102746,333,355,357,912,0.3892543859649123,0.42841688442799114,0.4027227960629252,0.8969324582852778,0.6590062423981574
-86.86999930454466,-119.20564009849652,0.5928046596049354,358,299,359,912,0.32785087719298245,0.3945945287450056,0.4331687874790748,0.9360635620627894,0.6398063943990202
-134.78181798819534,-119.48989881188164,0.5887186576172262,288,361,304,912,0.3958333333333333,0.4136056386971508,0.40072039769095436,0.8521384305601781,0.6304556808223035
-111.75710478001633,-119.65318476645871,0.5901491013367735,357,344,392,912,0.37719298245614036,0.4068338357979687,0.4175972863741802,0.9232253555053437,0.6735442958354659
-92.70498859393582,-119.56430648707894,0.5844144540423962,394,290,404,912,0.31798245614035087,0.4239974363379708,0.45108630183230625,0.9069973652163971,0.6462643241431093
-120.40054799992363,-119.69243976666529,0.5836025026002648,278,347,310,912,0.38048245614035087,0.430397992660514,0.41645042959904577,0.8972592950356683,0.6113283656978797
-119.57217209275859,-120.0894224888369,0.5807677044967845,348,330,371,912,0.3618421052631579,0.431126527100417,0.4594611957985454,0.9058924575715032,0.6763863589887641
-74.69320764515223,-119.9395165108184,0.5774795663456123,396,290,429,912,0.31798245614035087,0.4215876432474526,0.44380390875706965,0.9240533612542402,0.6282096562134885
-158.50106888831843,-120.42808734670524,0.5709343260936044,249,400,265,912,0.43859649122807015,0.4613911127773773,0.43961577913160077,0.8803731954136658,0.6122633836031336
-134.03191859827584,-120.40474289633552,0.5658163088921984,320,360,322,912,0.39473684210526316,0.4469984164526307,0.4427179539518664,0.8966555782127229,0.597944451170972
-120.51761578806573,-120.93172519789792,0.5666978898753677,305,350,330,912,0.38377192982456143,0.401753777292984,0.4283808371288034,0.9176083439133031,0.6395843923440808
-98.67118634518658,-120.49508622833645,0.5577584399899677,347,318,360,912,0.34868421052631576,0.4083740703862131,0.439936712964855,0.9154498533924724,0.6584580703852461
-123.21235282557764,-120.83158267795248,0.5551980893234467,322,350,332,912,0.38377192982456143,0.4094702923066426,0.4313875288731261,0.909519761704939,0.6245816280163876
-134.24227711019358,-120.69144223926884,0.5552687888794966,309,353,329,912,0.38706140350877194,0.44382767428927394,0.43100982059468246,0.9270285591891545,0.5904903138828003
-117.63995389193558,-120.7285336305975,0.5530251184026743,329,349,343,912,0.3826754385964912,0.4329771937860397,0.44063682300938506,0.9092508948349239,0.6381639258734746
-88.84820484881533,-120.46328045049431,0.5432075033936531,395,307,423,912,0.3366228070175439,0.42564310609259287,0.43846832652833095,0.9109163946267732,0.6593146470042233
-141.18716132495666,-120.26060592366956,0.5427589303559687,295,359,339,912,0.39364035087719296,0.4406843493535394,0.4226699537740018,0.8978749716677942,0.6354591248267771
-102.65134439055298,-119.93870765012453,0.5398173730927031,340,335,369,912,0.3673245614035088,0.4141005728186912,0.41217850818630347,0.8947647228986848,0.6458256455064478
-139.64104733698923,-120.03107440679885,0.5421911615579169,285,369,299,912,0.40460526315789475,0.45724317149204874,0.45759231145318197,0.8831309101281472,0.6226143998273082
-100.7450099983923,-119.9835564988405,0.5442289966128903,373,322,391,912,0.3530701754385965,0.42101299441452744,0.4364174192217941,0.9077084038753428,0.6543785687982245
-107.16547475703207,-119.30224023732738,0.539758227461457,346,330,369,912,0.3618421052631579,0.4231399381322561,0.4556718673285019,0.9030560129372827,0.6546797399550924
-123.5493269828574,-119.16917662080522,0.5404632649473767,313,342,340,912,0.375,0.4095394418493112,0.4487452499386443,0.8968017522331312,0.6297624492509275
-142.60007055813227,-119.14551704774647,0.5495206895539345,275,384,308,912,0.42105263157894735,0.4246541337352574,0.45656993474333546,0.8948858914235996,0.6277151830596848
-120.71827035854099,-118.76847124642092,0.545884950760358,326,356,336,912,0.39035087719298245,0.42828544439422506,0.43964380157243366,0.8856132795305278,0.6252771898787776
-126.63273641245591,-118.45431023961557,0.5435594485308366,337,332,367,912,0.36403508771929827,0.4378310822516939,0.4051474583104104,0.906959633735636,0.6508934204854885
-118.34974904598612,-118.40798682407888,0.5379311638312761,301,348,369,912,0.3815789473684211,0.4893322263749225,0.46301181013887666,0.9061257687251808,0.6291422899101261
-121.26922973188202,-118.33408216325184,0.541480481390867,334,344,371,912,0.37719298245614036,0.45622602486103725,0.44255143312167405,0.877455928835268,0.6560013662134412
-108.55191891530254,-118.20720817244818,0.5410313896896534,348,314,396,912,0.3442982456140351,0.44432849344709746,0.4400852366246072,0.9267235879191601,0.6475041419590388
-127.63294456128482,-118.13661327378487,0.5389320356298941,322,350,350,912,0.38377192982456143,0.4340097199613445,0.42420137474480824,0.9095266714184399,0.6495228937045109
