-68.67352780182536,-68.67352780182536,70.78376751277199,565,177,731,912,0.19407894736842105,0.8313656435725347,0.4146140828526687,0.8853155432623984,0.6303371993803377
-57.548831225293476,-63.11117951355942,79.37977256684218,593,160,740,912,0.17543859649122806,0.8226857130681454,0.41734011608348476,0.8694801609143346,0.6324558346848637
-64.56682289040614,-63.59639397250833,82.3731143236257,614,149,737,912,0.16337719298245615,0.8352233904633746,0.4186760201075206,0.8918198196839757,0.623666648153199
-71.22433812872706,-65.50338001156301,81.97577762091237,593,165,737,912,0.18092105263157895,0.8313656435725347,0.41561263798644077,0.8582783134225366,0.6483994908479027
-63.60911869662031,-65.12452774857448,84.75098368579657,606,150,736,912,0.16447368421052633,0.8342589537406646,0.4194043334578974,0.8847729904908977,0.6195896710367765
-65.76284909513174,-65.23091463966735,81.95378435967262,564,183,749,912,0.20065789473684212,0.827507896681695,0.4248514667726004,0.8733711609388783,0.6287204774940528
-60.69360358005656,-64.58272734543723,81.4272134124412,606,149,738,912,0.16337719298245615,0.8361878271860845,0.4244361695035716,0.8713065648173487,0.6390625820441341
-64.95745740977591,-64.62956860347957,79.9812864655352,584,176,727,912,0.19298245614035087,0.8217212763454355,0.41662096324941766,0.8847722114509641,0.6237410465723209
-67.72781764377581,-64.97381849684581,77.51311993925941,596,168,729,912,0.18421052631578946,0.8332945170179547,0.42163271695502524,0.8820567938973852,0.6337163307659656
-67.44156292267701,-65.22059293942894,76.09938570742473,603,158,735,912,0.17324561403508773,0.8304012068498248,0.42359775917064085,0.8820113844553177,0.6339814129594794
-77.16137065780532,-66.30611818655406,75.77687863814371,606,159,727,912,0.17434210526315788,0.8410100107996342,0.4287521495506584,0.8827147005184676,0.6285000863409149
-68.66045284980756,-66.50231274182518,75.73245692275457,588,169,736,912,0.18530701754385964,0.8332945170179547,0.4336666285620435,0.8819052043441055,0.6204883957599269
-64.6865397735351,-66.36263789811056,74.01086853987603,593,166,745,912,0.18201754385964913,0.8313656435725347,0.42776681251755355,0.8780658438691629,0.6255119827461846
-74.27741192361054,-66.92797889993199,75.33636276767436,573,179,731,912,0.1962719298245614,0.8352233904633746,0.42431627458512594,0.8790290338294936,0.6295114672303498
-66.60896966940558,-66.90671161789689,75.55019312006098,577,183,729,912,0.20065789473684212,0.8381167006315045,0.42407396908482,0.8733038543304731,0.6258061759359697
-69.94744469743112,-67.09675743536779,75.07479467839929,626,148,734,912,0.16228070175438597,0.8371522639087945,0.42667685514856896,0.8807261095030509,0.63585194209536
-66.37324226353766,-67.05419771937778,75.84002837453887,572,162,732,912,0.17763157894736842,0.8313656435725347,0.41762110823855475,0.8813067022716412,0.6251485825118853
-60.50857672344015,-66.69055210849235,76.63512723958303,594,157,740,912,0.17214912280701755,0.8342589537406646,0.423374294901632,0.873185912451015,0.6375849913536941
-70.66440875304919,-66.89970245820588,77.66884568070563,612,158,731,912,0.17324561403508773,0.8390811373542142,0.4237880915008924,0.8781994337104441,0.6304730502507027
-70.03853160597043,-67.0566439155941,76.88839328853001,589,179,730,912,0.1962719298245614,0.8352233904633746,0.42217153583177325,0.8772449378473408,0.6307482770724336
-66.57397062057296,-67.03365947297405,76.72474636742542,585,183,741,912,0.20065789473684212,0.8410100107996342,0.41841253935194633,0.8733299619761982,0.6210991987705996
-65.6083616440478,-66.96887320802286,76.17179416150579,585,174,741,912,0.19078947368421054,0.8265434599589851,0.4186514717238859,0.882999830201569,0.6301312107894678
-74.70181071377145,-67.30508788218583,76.35822910392699,561,187,741,912,0.2050438596491228,0.8332945170179547,0.4253583364169624,0.8697138083960209,0.6321835941156883
-69.97632418394345,-67.41638939475907,76.81279404664056,571,171,723,912,0.1875,0.828472333404405,0.4115010010655125,0.8782622510995387,0.6352228044468254
-59.950165563176796,-67.11774044149578,76.31867419826267,609,146,757,912,0.1600877192982456,0.8304012068498248,0.4296586375518448,0.8933069722118293,0.6214657216230212
-73.17155912893607,-67.35057962178195,76.15487126129847,568,178,717,912,0.19517543859649122,0.8381167006315042,0.42363847627097145,0.8728508157495947,0.6290772691744305
-69.10029474283726,-67.41538388552473,75.37816371505676,563,180,731,912,0.19736842105263158,0.8294367701271149,0.4180752347930978,0.8831128179847777,0.6201329864827382
-63.370323968241564,-67.27091745990748,75.25722063254157,567,180,733,912,0.19736842105263158,0.8275078966816951,0.41391886714726184,0.8770437963702093,0.6340303960674514
-68.53998978674251,-67.31467857462593,75.11648121834746,559,182,733,912,0.19956140350877194,0.8390811373542144,0.4250855344444585,0.89034009790484,0.6213698524622032
-61.57421649995235,-67.12332983880349,75.67872409482828,581,163,751,912,0.1787280701754386,0.8332945170179547,0.4181873644173932,0.8732215374758936,0.6297601885028696
-70.03591412812406,-67.21728417071705,75.69101679619489,567,182,728,912,0.19956140350877194,0.8400455740769242,0.4207218582603236,0.8823020384577537,0.6337026450798713
-59.411662712171456,-66.9733585001375,75.55854151960546,616,148,743,912,0.16228070175438597,0.8323300802952447,0.4177032114540038,0.8850111664631607,0.6255111810810957
-68.03229654080019,-67.00544753167273,75.3007617143245,564,185,731,912,0.20285087719298245,0.8361878271860845,0.42166205060402906,0.8731979120004923,0.629841013959984
-65.63618589177541,-66.96517513049928,75.1875571917071,601,166,732,912,0.18201754385964913,0.8342589537406646,0.4233751626358945,0.8752331883855903,0.6382870060204339
-77.24384054235867,-67.25885128512384,75.11796435609642,574,172,727,912,0.18859649122807018,0.8400455740769243,0.4340314752216638,0.8759734628338687,0.6346164289391137
-65.0036304681361,-67.19620626242973,74.78279334468635,579,167,746,912,0.18311403508771928,0.8352233904633746,0.4195110852141406,0.8828055108768851,0.6198170819225587
-59.70221051923773,-66.99366583693805,74.45060318414434,569,188,733,912,0.20614035087719298,0.8294367701271149,0.4157682355676192,0.8732785832750031,0.632832658303412
-57.92393362346731,-66.75498867342567,74.06726540331877,586,163,738,912,0.1787280701754386,0.8323300802952447,0.41279086654406466,0.8821379135994899,0.6251702638285955
-64.21889553985304,-66.6899606443597,74.39845776509962,581,172,751,912,0.18859649122807018,0.8371522639087945,0.42078219965077573,0.8796104044254314,0.6312444737770422
-68.59335696823534,-66.7375455524566,74.27479151960547,593,164,735,912,0.17982456140350878,0.8304012068498248,0.41793430494496076,0.8827321534302586,0.6333724077173035
-62.043171893805386,-66.6230486339529,74.48437679300663,595,159,748,912,0.17434210526315788,0.8361878271860845,0.42315237075794654,0.8761927843108085,0.6250577091025056
-69.78543428974987,-66.6983435305195,74.3076011035825,571,175,741,912,0.19188596491228072,0.8304012068498248,0.42661625981342816,0.8776893792338386,0.6429094547849562
-63.28046559283644,-66.61885799708502,74.59272172277949,604,161,743,912,0.17653508771929824,0.8313656435725347,0.41706490375581623,0.8801725065161925,0.6328926413107289
-61.7174526930617,-66.50746242199358,74.43288254356162,599,153,734,912,0.16776315789473684,0.8313656435725347,0.4138575459073663,0.8917373658512077,0.6220967934905103
-80.52802006023047,-66.81903036950995,74.6025471032392,586,177,737,912,0.19407894736842105,0.8400455740769243,0.41822000272887705,0.8840718371913344,0.6297089204912516
-75.531812755752,-67.00843868225435,74.63239994057993,585,177,740,912,0.19407894736842105,0.8361878271860845,0.4157483332712278,0.8768742573946179,0.6293332612195296
-66.05697157085982,-66.98819470116085,74.70745095965681,605,158,729,912,0.17324561403508773,0.8371522639087943,0.4259600026094743,0.8787128571152191,0.6312692499737702
-70.60313368641152,-67.06350593002021,74.91337401059378,586,170,748,912,0.18640350877192982,0.827507896681695,0.4195778596658211,0.877975856325809,0.6420356223215058
-74.10100651794625,-67.20712839099829,75.02485163529416,581,170,726,912,0.18640350877192982,0.8352233904633746,0.41952654836636033,0.8792965644285871,0.6243592016214384
-64.235043318654,-67.1476866895514,75.27171035716933,602,160,724,912,0.17543859649122806,0.8361878271860845,0.41414823630255054,0.8764330853561993,0.6290807344132285
-69.0103913367279,-67.18421031008428,75.4739075562988,621,152,744,912,0.16666666666666666,0.8342589537406646,0.4183387514043016,0.8879390387903037,0.630715102447178
-68.84552255000499,-67.21615862239045,75.3237898673133,570,178,741,912,0.19517543859649122,0.8400455740769243,0.41868505554873214,0.8740571946897986,0.6335733136038968
-60.22432126959685,-67.08423716290378,75.5304311456831,610,164,753,912,0.17982456140350878,0.8304012068498248,0.4191168271009456,0.8838642552786952,0.6285836833813426
-70.6946654261969,-67.15109694555736,75.410900524854,551,202,731,912,0.22149122807017543,0.8352233904633746,0.4128098981261796,0.8919544980778111,0.6195120835716738
-67.69508966765291,-67.16098772232273,75.61877175264709,586,162,743,912,0.17763157894736842,0.8381167006315045,0.4258003860531231,0.8807593516939624,0.6395773052989437
-76.39270123784117,-67.32583974938557,75.68886186516185,596,165,728,912,0.18092105263157895,0.8439033209677641,0.42669667792655713,0.8688316256915681,0.6402552626693008
-71.48325863028661,-67.3987769227347,75.9130535469845,619,153,742,912,0.16776315789473684,0.828472333404405,0.4181470449561998,0.8820985182335453,0.6333974166328078
-70.96844705714852,-67.46032295953495,75.4295144811581,577,182,734,912,0.19956140350877194,0.8390811373542142,0.4202343057684031,0.8782842923853708,0.633007536305021
-70.68652639624092,-67.5150043737164,75.26602724440579,565,180,737,912,0.19736842105263158,0.828472333404405,0.40864287119881404,0.8847423312575744,0.6261164926838664
-62.99234407290324,-67.43962670203618,75.23952308401424,595,142,741,912,0.15570175438596492,0.8332945170179547,0.427184956659898,0.882077767701756,0.6307041354349989
-61.79160328368572,-67.34703615419437,74.88765840429126,558,188,744,912,0.20614035087719298,0.8323300802952447,0.40685979126092514,0.8782567966166295,0.6133146735443336
-68.76096901457282,-67.36984152291015,74.65953194702,589,175,749,912,0.19188596491228072,0.8342589537406646,0.4241466351891819,0.875235390992115,0.6264797089249278
-70.58894615533154,-67.42093842183748,74.59128219924499,602,157,745,912,0.17214912280701755,0.8323300802952447,0.4132990502099123,0.8817814656270428,0.6363016214069713
-69.53321974239581,-67.45394281747119,74.48454025608794,570,178,739,912,0.19517543859649122,0.8361878271860845,0.41757074382362686,0.8846763335255744,0.6330296068370904
-65.52396013168935,-67.42425077615145,74.24582098644125,564,181,737,912,0.19846491228070176,0.8313656435725347,0.4224571817834498,0.8711969171436381,0.6441608792089717
-71.17956006098146,-67.48114940167919,74.41760805502201,595,156,721,912,0.17105263157894737,0.8352233904633746,0.4116974766050043,0.8855848240890775,0.6189323085975772
-67.81468159335762,-67.4861274940923,74.47071506346813,597,167,724,912,0.18311403508771928,0.8332945170179547,0.42102972361502394,0.8763338523407568,0.6362273629968996
-66.01574199343173,-67.46450417790612,74.31331907325615,601,166,734,912,0.18201754385964913,0.8304012068498248,0.41675659342098936,0.8818371237440693,0.6371016028077964
-66.06296205330563,-67.44419197320175,74.21300658530508,584,173,738,912,0.18969298245614036,0.8332945170179547,0.4175930455517408,0.8810793193722959,0.626512002425131
-69.11743954719897,-67.46809550997315,74.02367503176062,575,163,734,912,0.1787280701754386,0.8304012068498248,0.4214558384097004,0.880880227200764,0.6247417438543408
-65.4098448032892,-67.43910606340013,74.097535773976,570,178,731,912,0.19517543859649122,0.8342589537406646,0.426554781351206,0.8788606352773899,0.623346534591361
-71.24301999252934,-67.49193820130472,74.01517816224094,585,177,730,912,0.19407894736842105,0.8361878271860845,0.4133472246736174,0.8751033600568957,0.6324927578139257
-69.02993896848606,-67.51300670496474,74.1278992566414,552,180,726,912,0.19736842105263158,0.8332945170179547,0.420726038166211,0.891139116372249,0.6139839879476997
-67.51318098232792,-67.51300906006423,74.36481680502725,591,185,741,912,0.20285087719298245,0.8342589537406646,0.42223801178955545,0.8800620026788691,0.6355490868630939
-72.27294051516854,-67.57647481279896,74.29696294923905,597,168,722,912,0.18421052631578946,0.8255790232362751,0.41037550471937323,0.870893213157463,0.6362101255216909
-65.75743191686568,-67.55254003785247,74.38221051070843,592,152,741,912,0.16666666666666666,0.8352233904633746,0.4257570730911063,0.8755503204001934,0.6365216306257419
-74.92522173425874,-67.64828915079282,74.3715298266368,573,181,736,912,0.19846491228070176,0.8332945170179547,0.41682945931365095,0.8738469997361581,0.6395729732596978
-61.98852649154655,-67.57572809105889,74.34425147057061,591,163,747,912,0.1787280701754386,0.8294367701271149,0.4172140916057975,0.8796974387018556,0.6365038394411718
-67.3310948442162,-67.57263146768112,74.48768851044835,562,195,733,912,0.2138157894736842,0.8275078966816951,0.4177282013387259,0.8775481627722487,0.6342223820067624
-67.71864111070667,-67.57445658821896,74.49339012973618,599,157,728,912,0.17214912280701755,0.8332945170179547,0.4234436797448163,0.8762567253484749,0.6307195042257249
-67.06745485044665,-67.56819730750573,74.71519763229738,601,164,729,912,0.17982456140350878,0.8352233904633746,0.4156040572127474,0.8757438350261175,0.6257133366004616
-67.6850722518957,-67.5696226117056,74.76818056162536,610,153,735,912,0.16776315789473684,0.8361878271860845,0.4255449389642162,0.8843421534093331,0.6280115239534665
-59.77195322778377,-67.47567478780292,74.59318824225004,572,179,740,912,0.1962719298245614,0.8352233904633746,0.42081772470418266,0.8921137827252164,0.6195321263431331
-67.63791024779856,-67.47760616232668,74.6522194291915,609,162,735,912,0.17763157894736842,0.8313656435725347,0.4221553831614243,0.8857756287228461,0.6160083829903048
-68.84392631115608,-67.49368051701879,74.62515576467553,585,168,730,912,0.18421052631578946,0.8332945170179547,0.4285390075653882,0.8846478221206784,0.6241970604985121
-65.79897287692819,-67.47397461422703,74.49872148770645,571,178,732,912,0.19517543859649122,0.8371522639087945,0.4231089171085316,0.8870260478168684,0.6245662565016211
-64.9084106479122,-67.44448537323491,74.35680294124238,569,178,751,912,0.19517543859649122,0.828472333404405,0.42100916670497734,0.8640169686850049,0.6455233765661664
-72.84309416100653,-67.50583320036868,74.49083708901615,603,164,747,912,0.17982456140350878,0.8361878271860845,0.42226774498532127,0.8741719323213527,0.6282274010398216
-67.90758933058738,-67.51034731419136,74.35116249068106,587,162,735,912,0.17763157894736842,0.8390811373542144,0.41408591870549183,0.8843639207109212,0.6260362349323688
-65.25019121205449,-67.48523446861206,74.10756999933743,537,197,724,912,0.21600877192982457,0.8332945170179547,0.4239217075586401,0.8800276289109421,0.6226309782230215
-63.76106347160913,-67.44430951260105,74.13258315882572,586,164,723,912,0.17982456140350878,0.8400455740769243,0.4190553211923633,0.8759979717826404,0.6379126654065349
-66.58660262008246,-67.43498661159542,74.07718364798647,575,175,753,912,0.19188596491228072,0.8361878271860845,0.42200135167177794,0.8893685767379993,0.631604795234768
-68.64066531964428,-67.44795089877874,74.17600734778289,587,166,723,912,0.18201754385964913,0.8381167006315042,0.41643067188789984,0.8782586728319903,0.6365895467140957
-64.3678943513869,-67.41518433976394,74.2003879901368,607,146,731,912,0.1600877192982456,0.8381167006315045,0.421645651863311,0.889379109685915,0.6323680321725348
-67.21610502321116,-67.41308876801074,74.3653920915134,583,167,750,912,0.18311403508771928,0.8400455740769242,0.4268771771753264,0.8823791018189558,0.6263366678960457
-59.209068761839305,-67.32763022627978,74.18200048469757,567,175,737,912,0.19188596491228072,0.8323300802952447,0.4267286543856253,0.8773779062362822,0.628525620110686
-67.80983514448752,-67.33260141100358,74.1525761319662,573,156,742,912,0.17105263157894737,0.8371522639087945,0.4301886229118626,0.8677583890150298,0.6393513926245352
-67.10052444878532,-67.33023327873605,74.145506965693,577,172,736,912,0.18859649122807018,0.828472333404405,0.4222727107849992,0.8802058200547588,0.6328352562418528
-69.932287365869,-67.35651665335355,74.18395445033583,580,172,744,912,0.18859649122807018,0.8332945170179547,0.41873777745463625,0.8783593328747606,0.6335139115856059
-70.47511501806726,-67.38770263700069,74.125792783123,581,177,733,912,0.19407894736842105,0.8371522639087945,0.4258763700549508,0.8735980020735016,0.6422670682710837
-67.42480324573604,-67.37521539143978,74.18447318744862,587,165,740,912,0.18092105263157895,0.8352233904633746,0.42777953551269626,0.8768872059977677,0.6246273446504412
-72.08549933131671,-67.52058207250003,74.08347318744863,576,175,731,912,0.19188596491228072,0.8332945170179547,0.41748874015793497,0.8749423088760663,0.6398931350977705
-77.10615515848785,-67.64597539518086,73.92939328853002,577,185,730,912,0.20285087719298245,0.8352233904633746,0.41856135047176624,0.8828513321430099,0.6255388549469383
-64.5560215657912,-67.5792922295515,73.75707369285564,589,162,734,912,0.17763157894736842,0.8371522639087945,0.41802791864028854,0.8764781118076718,0.6344011606040252
-74.55431741241102,-67.6887442167094,73.68739328853003,609,164,730,912,0.17982456140350878,0.8304012068498248,0.4180893487583956,0.8736171520897348,0.6313642435387539
-62.05208608686727,-67.65163658662675,73.70355308636724,569,181,734,912,0.19846491228070176,0.8265434599589851,0.4159347580881856,0.8709340451238002,0.622510832346249
-69.9470473238976,-67.74417102406517,73.75055308636723,591,166,738,912,0.18201754385964913,0.8400455740769243,0.4224439172810093,0.885702917769852,0.6314745486376311
-74.89834173443087,-67.8435798673117,73.93355308636723,563,187,729,912,0.2050438596491228,0.8294367701271149,0.41730891444363916,0.880108155237191,0.6307552110366836
-64.12297787058255,-67.80753146957979,74.01539328853003,588,164,733,912,0.17982456140350878,0.8400455740769243,0.417413192352505,0.8874336070164107,0.6336450367611671
-65.83836721769423,-67.79149951252994,73.90715359177425,558,193,750,912,0.21162280701754385,0.8429388842450541,0.418881256010203,0.8802412895562953,0.6238501069067768
-65.09366652305184,-67.67082247118242,73.84447318744863,570,170,736,912,0.18640350877192982,0.8352233904633746,0.4197165015607841,0.8692884828672329,0.6333666372951198
-69.943496184888,-67.68365290453322,73.71871288420442,577,176,732,912,0.19298245614035087,0.8410100107996342,0.4188975451304252,0.8787630149557956,0.6349467755714845
-67.1334268336565,-67.70812177513444,74.0170324798788,574,182,737,912,0.19956140350877194,0.8313656435725347,0.4161775306894561,0.870977858208152,0.6340552450644198
-68.96500828172458,-67.65499773871556,73.8988726820416,580,168,740,912,0.18421052631578946,0.8323300802952447,0.41618528699245105,0.880899210385243,0.6308309222347736
-68.37841725293983,-67.67269221455092,73.9799525809602,579,174,724,912,0.19078947368421054,0.8332945170179545,0.4179121523949965,0.8864517339914441,0.6255213625789411
-71.83913994317285,-67.69160916700832,73.88511237879739,594,170,750,912,0.18640350877192982,0.8410100107996342,0.42223503354522973,0.8735019279712407,0.6209132667266138
-74.95887910504469,-67.7774655354234,73.93995258096021,562,185,745,912,0.20285087719298245,0.8332945170179547,0.4273323609047775,0.871034531334527,0.63553442891185
-64.01190611995509,-67.81249882938855,73.7353520755532,563,181,742,912,0.19846491228070176,0.828472333404405,0.4144778723347697,0.8787210170525638,0.6393096864191904
-65.76910632258003,-67.76354580508387,73.3341123787974,575,175,742,912,0.19188596491228072,0.8361878271860845,0.4279189651301159,0.8818313869539013,0.619818331400723
-74.29447968114015,-67.80610528583554,73.289192277716,545,199,740,912,0.21820175438596492,0.8361878271860845,0.41452741908649965,0.8763805159153283,0.6206362000614615
-70.8395193126864,-67.84876077275668,73.41435207555318,584,178,730,912,0.19517543859649122,0.8371522639087945,0.42119206669191145,0.8906825525210552,0.6197353007037806
-66.94220011931424,-67.86209915750936,73.71951187339036,579,179,750,912,0.1962719298245614,0.8323300802952447,0.41850953774164645,0.8708913949323324,0.6203953503368992
-74.97178503316486,-67.86479890070328,73.41267167122756,566,196,716,912,0.2149122807017544,0.8332945170179547,0.4182949705292666,0.8789690850918769,0.6291701898686588
-68.34778421334549,-67.8485135009973,73.34467167122756,575,181,741,912,0.19846491228070176,0.8419744475223441,0.42479903578288464,0.8829750872601814,0.6234291835417206
-66.65251682128138,-67.91553701357834,73.57859177230897,583,182,736,912,0.19956140350877194,0.8342589537406646,0.4336180242864625,0.8766741791975634,0.6402301901660615
-69.37817449164352,-67.87760316720542,73.67775157014617,593,172,730,912,0.18859649122807018,0.8381167006315042,0.42703251216430294,0.8837043353108801,0.6280904401145405
-73.25433161677415,-67.91914353594478,73.71467167122756,576,181,731,912,0.19846491228070176,0.8304012068498248,0.4194683676786452,0.8788694539983393,0.6332233018382706
-66.06743238730053,-67.94611462013539,73.85235207555318,593,177,744,912,0.19407894736842105,0.8352233904633746,0.421549169735973,0.8597849676124419,0.6310339536201051
-69.27928313688155,-67.95350755363678,73.83651187339038,603,166,739,912,0.18201754385964913,0.8332945170179547,0.415762218807565,0.8818717180917416,0.6287423865353687
-66.42197311136499,-68.00198511975091,73.65751187339038,573,177,733,912,0.19407894736842105,0.8294367701271149,0.4159654153994183,0.8740915800052226,0.6264693717996398
-65.31076750241436,-67.9547336534938,73.59067167122757,552,184,736,912,0.20175438596491227,0.8352233904633746,0.42054283272767373,0.8766846868929884,0.6210563672503013
-71.59937449035516,-68.07661077127564,73.65807116582056,578,174,743,912,0.19078947368421054,0.8255790232362751,0.4194892859204805,0.8645037660016971,0.6372662892181298
-70.0483839165148,-68.09677164503279,73.90431086257634,584,170,728,912,0.18640350877192982,0.8313656435725347,0.4178314094804922,0.8730241409038321,0.6340821804528425
-74.57731451414543,-68.1861829312565,74.06447066041353,601,167,724,912,0.18311403508771928,0.8390811373542144,0.42417559751463807,0.8697078348803443,0.6322355636410509
-66.18367580420407,-68.07558128387494,74.00755055933213,600,166,741,912,0.18201754385964913,0.8371522639087945,0.42266038648188936,0.8893099274309143,0.6195500210512482
-68.2530181447332,-68.10807516064091,74.15047066041353,567,179,750,912,0.1962719298245614,0.8323300802952447,0.4238872092581684,0.8834483587728322,0.6267158039112795
-60.924956706907565,-68.12030262251761,74.28123096365775,580,168,748,912,0.18421052631578946,0.8304012068498248,0.42161148503523455,0.8752581810778312,0.6180800469186796
-68.6299580626433,-68.22736286690936,74.32423096365774,577,183,732,912,0.20065789473684212,0.8400455740769243,0.42429986829865496,0.8463260444821271,0.6233235440149628
-64.79670163299582,-68.2331409278408,74.06715106473915,575,176,732,912,0.19298245614035087,0.8323300802952447,0.4183744463954473,0.8755782724969153,0.6356862841663068
-59.827435138522105,-68.14548170954367,74.01439076149494,595,172,732,912,0.18859649122807018,0.8332945170179547,0.41896504928614886,0.8682421358021136,0.6352005838301277
-72.199496482945,-68.24704495543507,74.04831086257634,560,185,728,912,0.20285087719298245,0.8371522639087945,0.4124944487168119,0.8777506761018987,0.6277424201469878
-69.90768121090106,-68.24826742464657,74.19631086257635,587,178,740,912,0.19517543859649122,0.8294367701271149,0.4192731017199768,0.8713111955721101,0.6381219660311982
-63.894147368581415,-68.25440424240402,74.01639076149495,564,184,741,912,0.20175438596491227,0.8371522639087945,0.4329708158896573,0.883743328060084,0.629985826069403
-66.6559861612198,-68.30378957708561,74.09039076149493,589,167,738,912,0.18311403508771928,0.8352233904633746,0.4262902254825562,0.8748253903109902,0.640839423186339
-70.75854716009134,-68.20609484808422,73.74715106473916,580,171,740,912,0.1875,0.8342589537406646,0.4204724240829951,0.8826088448644002,0.6379531107127461
-73.45269234136374,-68.18530364394033,73.60015106473915,565,202,733,912,0.22149122807017543,0.8381167006315045,0.4243015401847624,0.8766902129440667,0.6322974196914892
-65.65795969122095,-68.18131352514393,73.65907116582055,604,164,736,912,0.17982456140350878,0.8419744475223442,0.40918557466470845,0.8736614941004225,0.625855146283207
-69.05512925638664,-68.1658334808437,73.46975157014617,557,191,733,912,0.20942982456140352,0.8332945170179547,0.4156009874304851,0.8798463913575528,0.6268081214752725
-67.41294439720066,-68.09895285963624,73.3655118733904,567,182,739,912,0.19956140350877194,0.8313656435725347,0.42771254956978577,0.869317153152342,0.6293176513053291
-55.72811701654407,-68.01388359661514,73.0124319744718,593,162,751,912,0.17763157894736842,0.8332945170179545,0.4206486175605225,0.8784084238724253,0.628884490855668
-60.470361032029174,-67.92848329356815,72.68011237879742,567,179,736,912,0.1962719298245614,0.8304012068498248,0.42176868954166447,0.8700048824542153,0.6353066526225369
-69.90310819902474,-67.93905915005836,72.815192277716,598,151,721,912,0.16557017543859648,0.826543459958985,0.4116503923807691,0.8889372789280104,0.6236369587832922
-66.92361919589912,-68.00605212932138,72.79819227771601,581,178,733,912,0.19517543859649122,0.8371522639087945,0.42371694412624084,0.8828695229453293,0.6254717615409067
-62.37263139391314,-67.92283178899855,72.94703247987881,582,166,738,912,0.18201754385964913,0.8332945170179547,0.4229833964965371,0.884005653560536,0.6282687160662356
-70.94524072820408,-67.95533329960405,72.9093520755532,591,162,743,912,0.17763157894736842,0.8371522639087945,0.4205902633931295,0.8923720103610506,0.6209278863432806
-74.26611567393759,-67.93406744396502,72.88359177230899,605,158,732,912,0.17324561403508773,0.8429388842450541,0.418353798417744,0.8800218190426407,0.635411088278707
-69.81495008690563,-67.91738435853121,72.74951187339039,594,162,742,912,0.17763157894736842,0.8352233904633746,0.42310511114078614,0.883539930632444,0.632595121775291
-59.775799705112675,-67.80545788501085,72.8224319744718,572,173,746,912,0.18969298245614036,0.8304012068498248,0.4150308201656286,0.8851369282429782,0.6274479740329246
-70.78657018636686,-67.8064583229121,72.89035207555321,560,183,720,912,0.20065789473684212,0.8304012068498248,0.4137638264845964,0.8763990506557499,0.6088132653929836
-64.14139964477346,-67.8179488786308,72.7913520755532,605,150,735,912,0.16447368421052633,0.8400455740769243,0.427005951285892,0.8861748097632636,0.6250452195416202
-66.68209884665143,-67.86685383426047,73.1482721766346,603,166,736,912,0.18201754385964913,0.8313656435725347,0.4212470021282433,0.8764162720461769,0.6307128542192778
-62.281462278612025,-67.80205876690084,73.3013520755532,593,159,749,912,0.17434210526315788,0.8332945170179545,0.42196941272402805,0.8828792013214551,0.6271503115347016
-60.1691069444466,-67.69786037479201,73.2053520755532,572,183,731,912,0.20065789473684212,0.8304012068498248,0.41423110181778633,0.8729410485257247,0.6248118596855196
-62.139389831825234,-67.62392207568631,73.36435207555319,607,155,741,912,0.1699561403508772,0.8323300802952447,0.4171721290087371,0.8863050240017935,0.6317045231086236
-60.8239131392469,-67.57692160576187,73.50935207555317,604,152,732,912,0.16666666666666666,0.8313656435725347,0.4281971890716711,0.8869388328001491,0.6219757773970023
-76.04318940045701,-67.62555789915663,73.43503247987879,574,178,734,912,0.19517543859649122,0.8448677576904741,0.4224171723706143,0.8834338269633065,0.6177791977825137
-63.6404186288265,-67.58381526951132,73.21395258096021,589,177,758,912,0.19407894736842105,0.828472333404405,0.4155382309448631,0.872852415780922,0.639078853669337
-66.11603575858528,-67.58481820716284,73.3820324798788,588,166,735,912,0.18201754385964913,0.8294367701271149,0.4194816025431469,0.8786508905176144,0.6365568847964518
-75.25364073166303,-67.67672499394642,73.60879278312301,604,162,731,912,0.17763157894736842,0.8400455740769243,0.41697375440677303,0.8835231246639453,0.6274598411932547
-72.06263904321536,-67.70617698890658,73.88887268204161,576,182,733,912,0.19956140350877194,0.8361878271860845,0.4209650996868557,0.8666033920283058,0.641524381230835
-53.977368927497444,-67.59185223014866,73.6979525809602,612,155,753,912,0.1699561403508772,0.8323300802952447,0.4228684296868803,0.887420533457523,0.623150341529413
-74.62771255527747,-67.62569915577616,73.8549525809602,586,171,736,912,0.1875,0.8400455740769243,0.4261623548116133,0.8846075726923015,0.6380756230537914
-64.39285608939076,-67.5793283269852,73.8433520755532,549,193,713,912,0.21162280701754385,0.8342589537406646,0.4219587325690975,0.870684076192326,0.6324656113801697
-70.06084594900412,-67.60480497665196,73.7832721766346,586,167,730,912,0.18311403508771928,0.8390811373542144,0.41848137961982074,0.8693130124597374,0.6380402904326098
-57.05329651099119,-67.4526085366102,73.72511237879739,580,158,743,912,0.17324561403508773,0.8332945170179547,0.4126227432212936,0.888426856340514,0.6154555339619382
-63.07097648264647,-67.425743982268,73.7479525809602,580,161,745,912,0.17653508771929824,0.8352233904633746,0.4266233733112887,0.8888232436471505,0.6281218228296902
-61.88726908755045,-67.29536445580092,73.61371288420442,566,174,748,912,0.19078947368421054,0.8313656435725347,0.4124770415052242,0.8661305453498754,0.6419698428031588
-70.16999824578076,-67.37717917334325,73.81787268204161,590,168,745,912,0.18421052631578946,0.8371522639087945,0.4231492811248729,0.8728902891192253,0.6322834460829524
-69.72847940251428,-67.40115301892624,73.69279278312301,597,156,736,912,0.17105263157894737,0.8313656435725347,0.4280079668481246,0.878708611270358,0.6301456822830163
-69.37441289885692,-67.41771073680775,73.8941123787974,611,141,745,912,0.15460526315789475,0.8352233904633746,0.4188009889777086,0.8747906302160002,0.6398297635280628
-75.61590063081137,-67.5031951946114,73.8402721766346,594,170,729,912,0.18640350877192982,0.8371522639087945,0.41859555055280867,0.8747980407734438,0.6297269899757583
-66.41182627397303,-67.49046273483218,73.58443197447178,536,193,735,912,0.21162280701754385,0.828472333404405,0.4143652322915306,0.8669534788666872,0.6203215061824854
-62.974612369196976,-67.5224893262463,73.6925118733904,595,162,743,912,0.17763157894736842,0.8371522639087945,0.41503426475455313,0.8871218621183256,0.6304626294349228
-65.61128435436721,-67.50222306731197,73.43559177230898,578,175,737,912,0.19188596491228072,0.8332945170179547,0.4183313544414811,0.8786857305887058,0.6349064329216123
-73.99975424193566,-67.55378134661977,73.45383146906478,553,188,732,912,0.20614035087719298,0.8255790232362752,0.41655433591366986,0.8651332741080514,0.6297615611749574
-65.866438994001,-67.5544560077905,73.63015106473915,571,180,729,912,0.19736842105263158,0.8332945170179547,0.4186785497865139,0.8817694513032978,0.6219925605319626
-66.24033026923438,-67.56777520400374,73.82723096365774,589,169,747,912,0.18530701754385964,0.8371522639087945,0.4218197405562751,0.881303808875631,0.6275373393158572
-66.5212585714007,-67.50455684810768,73.74947066041352,558,185,748,912,0.20285087719298245,0.8304012068498248,0.4186366395297135,0.8777342159436116,0.6237727063962514
-66.73535084525531,-67.49283446325435,73.86047066041353,560,183,735,912,0.20065789473684212,0.8304012068498248,0.42343763806129486,0.8711702062940985,0.6289937673155724
-56.34351651327913,-67.40376771626659,74.06687015500651,611,147,760,912,0.1611842105263158,0.8371522639087945,0.4266434122435505,0.884321424154951,0.6228861568672043
-66.50897343212964,-67.43124681587179,74.05063045825072,580,188,746,912,0.20614035087719298,0.8361878271860845,0.4207843563555837,0.8896987846770926,0.6214274207099337
-73.05512781372265,-67.4959320678082,74.20795005392512,562,178,724,912,0.19517543859649122,0.8313656435725347,0.4239263846654135,0.876696050773447,0.6307455111620012
-66.74675324690753,-67.47699294708083,73.84887015500652,570,195,742,912,0.2138157894736842,0.8381167006315045,0.42101476783891567,0.8861791062780173,0.6255369670881261
-66.88547247247365,-67.5021687282917,73.55395005392512,547,198,743,912,0.21710526315789475,0.8323300802952447,0.4152710186552881,0.873174608844193,0.6318882823041173
-65.6320108517785,-67.48632778657736,73.34202995284372,568,180,745,912,0.19736842105263158,0.8323300802952447,0.41235472290998954,0.8741565881999991,0.6284426443957523
-71.34421392844223,-67.6076792382434,73.69995005392512,590,174,728,912,0.19078947368421054,0.8361878271860845,0.4182706878205491,0.8719907145962321,0.6266510533677581
-63.977237536366836,-67.5693532621622,73.7694294474367,580,167,738,912,0.18311403508771928,0.8352233904633746,0.41813615569211954,0.8829719631347809,0.6254144162715217
-63.317244723767374,-67.53152046491203,73.6792696495995,568,184,736,912,0.20175438596491227,0.8361878271860845,0.4209052039210772,0.8678195089431355,0.6295978776385633
-67.92282887768793,-67.51142588003022,73.65518975068092,568,169,753,912,0.18530701754385964,0.8410100107996342,0.42189672234669773,0.8735911332175029,0.627657093387864
-63.264306622614214,-67.43931779607568,73.81510985176233,591,171,733,912,0.1875,0.8342589537406646,0.41708202537582667,0.8770436666490514,0.6306917448327776
-69.19871141672508,-67.45705687778558,73.96218975068092,572,177,744,912,0.19407894736842105,0.8361878271860845,0.4265537446162426,0.8794817885238922,0.6217616684604305
-68.60092844220769,-67.42221116889448,73.85318975068091,561,191,744,912,0.20942982456140352,0.8294367701271149,0.41516554686995016,0.88040387589326,0.6307984134170134
-60.350328287477986,-67.2546529001844,73.86526964959951,578,168,748,912,0.18421052631578946,0.8342589537406646,0.4247975178562377,0.8745261081711719,0.6242329330188376
-69.60711161792486,-67.30516380070571,73.8882696495995,607,155,735,912,0.1699561403508772,0.8342589537406646,0.418021155926245,0.8670695459715706,0.6291169629285708
-64.58030172453603,-67.20542364382696,73.77902995284371,589,176,733,912,0.19298245614035087,0.8390811373542142,0.4241688134820051,0.8835326870670005,0.6347480835594533
-70.98298421179513,-67.29473262507625,73.7588701550065,578,166,729,912,0.18201754385964913,0.8361878271860845,0.41314891883383936,0.8729129096052483,0.6508453580794055
-74.65833207815457,-67.3418454726188,73.84395005392511,623,149,725,912,0.16337719298245615,0.8381167006315045,0.4187539915832962,0.8796827662647445,0.6344533820564687
-55.955652570027866,-67.1524185809748,73.77595005392511,593,162,749,912,0.17763157894736842,0.8390811373542144,0.4263804260236568,0.8868119422594868,0.6213086347198917
-72.46131462269297,-67.23580194849588,73.7362696495995,569,177,737,912,0.19407894736842105,0.8332945170179547,0.4298152549125818,0.8762538494745845,0.6300963544761699
-62.25002799631269,-67.19991855628207,73.75442944743669,589,176,750,912,0.19298245614035087,0.8313656435725347,0.40963711816597326,0.8680948153232535,0.6395013763883998
-67.59348312497511,-67.2249167223013,73.9523495485181,583,177,736,912,0.19407894736842105,0.8294367701271149,0.42291758689339987,0.884315262220754,0.6379781561233022
-70.9395604638832,-67.23487736509125,74.0462696495995,567,181,733,912,0.19846491228070176,0.8323300802952447,0.41868517595579796,0.8665649126264016,0.6303647290495117
-72.86200115089612,-67.29216310826365,74.04602995284371,597,163,740,912,0.1787280701754386,0.8352233904633746,0.4172099148095786,0.8717519075252552,0.6400467833395772
-69.39481718035863,-67.29646119725,73.8541098517623,562,179,727,912,0.1962719298245614,0.8255790232362752,0.4219480269914329,0.8775235710479968,0.6197771734718686
-69.51405966366413,-67.30781762135723,73.80518975068091,599,155,741,912,0.1699561403508772,0.8332945170179547,0.43079294547947544,0.8816759137428578,0.6315733738741355
-70.41054472355651,-67.29353166916106,74.0282696495995,579,172,732,912,0.18859649122807018,0.8381167006315045,0.42510629052306464,0.8884549169997938,0.6199680259130044
-63.900481117706576,-67.18294768928769,73.70502995284372,591,170,745,912,0.18640350877192982,0.8304012068498248,0.41882568557565303,0.8837347551300688,0.6372140490099718
-72.55080119366598,-67.26833664002478,73.83463045825073,579,167,750,912,0.18311403508771928,0.8352233904633746,0.42632977831430846,0.8853993375863065,0.630670102839158
-66.19828141051266,-67.27262839090412,74.1399500539251,594,167,751,912,0.18311403508771928,0.8352233904633746,0.4295821523510738,0.8937041300895848,0.6190530480191656
-61.8445482289236,-67.14812907638195,74.0268701550065,573,177,741,912,0.19407894736842105,0.828472333404405,0.4134768404121213,0.8796267962752359,0.6274913474999121
-70.62555948527783,-67.14598947810788,74.0089500539251,565,174,724,912,0.19078947368421054,0.8313656435725347,0.41391979036784293,0.868184000692274,0.6406794747073525
-65.95525377910569,-67.1361200147058,73.83987015500651,572,173,735,912,0.18969298245614036,0.8371522639087945,0.4184088532041733,0.8735701837482767,0.6331845917980373
-63.09318707777875,-67.01733403515192,74.02355055933214,584,171,740,912,0.1875,0.8304012068498248,0.42283391041798135,0.8802031588029485,0.6181872370542554
-66.80203112889282,-67.0018765043074,73.88955055933214,571,179,731,912,0.1962719298245614,0.828472333404405,0.4200018997722021,0.8735863154307132,0.6341721153060589
-66.1165295336251,-66.99651663143084,73.60963045825073,588,170,741,912,0.18640350877192982,0.828472333404405,0.4190747445614125,0.877447430499828,0.6378174241655659
-72.33663610763786,-67.02610124759077,73.30947066041354,570,184,727,912,0.20175438596491227,0.8313656435725347,0.4187422067862009,0.8868096546612033,0.6302689607015374
-71.74376509287285,-67.01099558235177,73.49139076149494,565,181,749,912,0.19846491228070176,0.828472333404405,0.4223209290390969,0.8831586587401296,0.6172840536635925
-69.40307467084769,-67.04435200518725,73.21223096365775,577,176,734,912,0.19298245614035087,0.8342589537406646,0.4256366733847887,0.86819402576851,0.6426329152223308
-73.40287731868351,-67.08558794700527,73.23399126690195,554,191,740,912,0.20942982456140352,0.8294367701271149,0.4117894721547301,0.8905406648736213,0.6266542126999458
-65.76308798751073,-67.07899909576672,73.15715106473914,572,174,735,912,0.19078947368421054,0.828472333404405,0.4180372939342546,0.8624006787419324,0.6367708499183827
-66.53479281589655,-67.09123934890154,72.96399126690197,574,183,748,912,0.20065789473684212,0.8304012068498248,0.42794400478608724,0.8841535584018966,0.6275456297636675
-69.01279854111466,-67.06537358940913,72.98775157014616,593,161,744,912,0.17653508771929824,0.8361878271860845,0.4145798094495474,0.8834090568014853,0.621215361585662
-68.52053569365853,-67.05009510718057,72.63275157014617,595,157,747,912,0.17214912280701755,0.8332945170179547,0.4229027575678756,0.8828748217765771,0.6325475982374096
-67.32635015722246,-66.97758546361133,72.63283146906477,600,150,747,912,0.16447368421052633,0.8361878271860845,0.4218104126117106,0.8825621228623058,0.6271347184391219
-69.44742759240576,-67.01022298149336,72.48583146906476,557,190,726,912,0.20833333333333334,0.8304012068498248,0.41831485905735805,0.8802195280844499,0.6310571934405492
-63.977647659451506,-66.96746927664054,72.42091136798336,594,164,747,912,0.17982456140350878,0.8255790232362751,0.42343026883124574,0.885065911805563,0.6291982530852022
-74.23791774872304,-67.10059888705871,72.35467167122758,580,179,724,912,0.1962719298245614,0.8400455740769243,0.4204597952434773,0.8722077209938573,0.636818675554227
-64.39074859965197,-67.05820679242879,72.40243197447178,573,175,729,912,0.19188596491228072,0.8410100107996342,0.43020036996837835,0.8818267750772782,0.61918621760441
-63.672540986244044,-67.04696518596127,72.55727217663458,579,179,741,912,0.1962719298245614,0.8352233904633746,0.4192124629161721,0.8899838404257968,0.613856968290647
-60.665273771998095,-67.05534357229604,72.35127217663458,542,198,742,912,0.21710526315789475,0.8255790232362751,0.4190178823366364,0.8788145762308158,0.6234317851867504
-65.11499943529552,-66.98449860181954,72.28519227771598,571,184,725,912,0.20175438596491227,0.8313656435725347,0.4199581835341849,0.8815953116365045,0.6326918127170018
-70.85921519766462,-66.99401394168716,72.13111237879738,537,202,724,912,0.22149122807017543,0.8361878271860845,0.4209582702053778,0.8874018705680893,0.6082098209057066
-67.06025156838818,-67.02567498368524,71.9249525809602,569,188,733,912,0.20614035087719298,0.8371522639087945,0.42326800437611706,0.8735147423612005,0.6455163367485746
-61.76876990469569,-66.97680282111999,71.85403247987878,585,162,753,912,0.17763157894736842,0.8313656435725347,0.42048638543673067,0.8878164840033782,0.6234740519359243
-62.35539547484089,-66.89277130426748,72.0359525809602,584,164,744,912,0.17982456140350878,0.8332945170179547,0.4201116482876167,0.88223499336764,0.6336187316378559
-68.89427291655886,-66.84718711001945,72.31103247987879,600,160,728,912,0.17543859649122806,0.8313656435725347,0.4241796113353562,0.8803142926936743,0.6414395439606638
-72.7543112214507,-66.91815062532174,72.11811237879739,571,185,733,912,0.20285087719298245,0.8352233904633746,0.4204052331621959,0.8742258300473861,0.6327654862014841
-64.69700977989143,-66.87456943055679,72.11219227771599,523,207,731,912,0.22697368421052633,0.8294367701271149,0.41678225054901213,0.8658741962386406,0.6346202180821514
-58.89520605765475,-66.78939204716133,72.0984319744718,584,175,747,912,0.19188596491228072,0.8371522639087945,0.4162653541857866,0.8840706668898058,0.6275624210745198
-68.40742808084583,-66.91618515780434,72.38243197447179,581,182,738,912,0.19956140350877194,0.8304012068498248,0.41748771398269185,0.8808135571623423,0.636797349184271
-69.91185122854944,-67.01060005976954,72.43159177230899,598,163,726,912,0.1787280701754386,0.8381167006315042,0.4140028193599536,0.8749855482980206,0.6338673181640654
-61.58576141688905,-66.92742659194819,72.2925118733904,591,164,744,912,0.17982456140350878,0.8419744475223442,0.41861894936972316,0.8784308610461307,0.6289320757855771
-66.27744152655222,-66.92096481525472,72.2474319744718,560,185,732,912,0.20285087719298245,0.8342589537406646,0.42607501512464946,0.8636386484872838,0.645105845593501
-72.01027887528308,-67.01734129006843,72.34659177230897,596,150,742,912,0.16447368421052633,0.8371522639087945,0.4194505841957034,0.8778251588887483,0.6272297973135065
-61.09531706478651,-66.91884205343423,72.34035207555318,585,162,738,912,0.17763157894736842,0.828472333404405,0.4151255920433539,0.8730975825752463,0.6262398384686717
-61.037217395271064,-66.78655307064757,72.17435207555319,591,167,741,912,0.18311403508771928,0.8342589537406646,0.4131811620115315,0.8717698100867682,0.6398369198775874
-65.01919310086527,-66.73859550078717,71.96135207555318,576,172,741,912,0.18859649122807018,0.8352233904633746,0.41803677053125265,0.8806768812564368,0.6289971082678905
-77.15639868846813,-66.91240149062074,72.1644319744718,593,174,734,912,0.19078947368421054,0.8429388842450541,0.4148510056336657,0.8802150768433169,0.6334422541424314
-69.30797964296278,-66.89761558518668,72.28219227771598,588,171,737,912,0.1875,0.8342589537406646,0.4221809631722492,0.8789417969557739,0.6322434280498597
-67.75493106368496,-66.93375089937581,72.13003247987879,554,187,732,912,0.2050438596491228,0.8352233904633746,0.4238256056261577,0.8747156157227446,0.6261526808629111
-67.3901633501508,-66.9408315444108,72.03187268204161,606,151,746,912,0.16557017543859648,0.8352233904633746,0.42276797624883394,0.8842153849281748,0.6326651263352385
-65.13117565314036,-66.96932867815609,71.9421123787974,600,159,733,912,0.17434210526315788,0.8390811373542144,0.4169419230763777,0.8687114971941039,0.635994927271803
-62.21721358757974,-66.9898097445874,71.9760324798788,585,168,724,912,0.18421052631578946,0.8313656435725347,0.42557315025626485,0.872651566014769,0.6287994132100398
-69.75066334449404,-67.0659224797141,71.74387268204161,575,176,737,912,0.19298245614035087,0.8342589537406646,0.4238180555128513,0.8926152690658674,0.6190749541412429
-71.30688239269202,-67.17075217224856,71.65279278312302,583,180,734,912,0.19736842105263158,0.8246145865135651,0.41960901000784945,0.8745987232448259,0.6333996187667595
-71.99237639091237,-67.13024404215312,71.64995258096022,579,183,739,912,0.20065789473684212,0.8332945170179547,0.4170814084168015,0.8694693630162166,0.6361540906209836
-66.89309206943967,-67.16277077655924,71.81211237879741,575,183,733,912,0.20065789473684212,0.8361878271860845,0.41684410789824405,0.8776634926339785,0.621643110723877
-70.10546131003687,-67.20266503207375,71.75179278312302,602,158,734,912,0.17324561403508773,0.8352233904633746,0.41129964642576994,0.8790978280466396,0.6432211009681661
-72.12731208764679,-67.17140174563359,71.46995258096021,557,185,738,912,0.20285087719298245,0.8361878271860845,0.4246257213629836,0.8675888562636844,0.63492251125325
-65.29501656911431,-67.10372552089258,71.34487268204163,576,173,733,912,0.18969298245614036,0.8361878271860845,0.4225943566415002,0.8698846795395548,0.6334554190473152
-64.06218269058905,-67.2045736585235,71.21779278312302,582,170,732,912,0.18640350877192982,0.8323300802952447,0.41854589323209274,0.8740650325547891,0.6348754796921913
-62.61209140466486,-67.08441744701737,70.92671288420442,553,201,745,912,0.22039473684210525,0.8361878271860845,0.4273200992318784,0.8725549995338753,0.6215306622447939
-74.71570366324256,-67.1876459227559,70.89271288420443,576,187,735,912,0.2050438596491228,0.8342589537406645,0.42332763512478017,0.8892956151634138,0.6216730040813925
-60.72728109566309,-67.09431027422248,70.62379278312302,539,185,753,912,0.20285087719298245,0.8342589537406646,0.42327988498704455,0.8749281550221011,0.6325473915407264
-67.59533557435661,-67.19973066485613,70.87003247987882,594,164,728,912,0.17982456140350878,0.8332945170179547,0.4165975107865267,0.8721962612425408,0.6308730626299587
-73.27838954370557,-67.30180479546672,70.82287268204162,594,173,722,912,0.18969298245614036,0.8371522639087945,0.43063695608950403,0.8767029850332632,0.6342872018543497
-68.48870175096778,-67.36781912210091,70.913192277716,574,172,738,912,0.18859649122807018,0.827507896681695,0.41015114244886525,0.87106984788013,0.6358624820045065
-66.90477984617587,-67.33516693810486,70.61327217663461,563,196,727,912,0.2149122807017544,0.8304012068498248,0.4114066988669462,0.867368531469431,0.6341622514032667
-69.57980669785489,-67.33368021105827,70.47111237879741,601,179,746,912,0.1962719298245614,0.8294367701271149,0.41866965577507176,0.8702182282831387,0.6436685658362387
-70.84999587033965,-67.34843604077308,70.16495258096023,587,160,727,912,0.17543859649122806,0.8342589537406646,0.4258586426017139,0.8757181226178186,0.6337200797680344
-65.31527033202438,-67.24542973778522,70.05479278312303,575,183,732,912,0.20065789473684212,0.8323300802952447,0.4179361480842703,0.879217313017393,0.6312921435701226
-69.45700957276777,-67.27588157077317,70.22479278312304,582,168,738,912,0.18421052631578946,0.8294367701271149,0.42302199905790233,0.875178368833588,0.6340215253385163
-69.9803242451246,-67.34593868953243,70.25311237879743,556,185,729,912,0.20285087719298245,0.8371522639087943,0.41560386982750264,0.8771964205317179,0.6384568793950156
-76.13398341494981,-67.45116568013826,70.19919227771602,546,185,741,912,0.20285087719298245,0.828472333404405,0.41541987302112343,0.8543776101608467,0.6430707330590539
-74.78635447291352,-67.45903168244803,70.30727217663461,546,198,726,912,0.21710526315789475,0.8361878271860845,0.42052688012036227,0.8793619292616911,0.6304968837419281
-70.3488969963666,-67.50385626247169,70.19619227771602,596,162,720,912,0.17763157894736842,0.8361878271860845,0.4272259226148266,0.8722468452129807,0.6354142125261241
-64.84503124233228,-67.48990327220265,70.05835207555322,548,193,719,912,0.21162280701754385,0.8246145865135652,0.4179531214831711,0.853938781528155,0.6441252345014926
-64.42708623542447,-67.4689615488429,69.93927217663462,556,186,735,912,0.20394736842105263,0.8352233904633745,0.43014059236199953,0.8583866878897447,0.6295457300679757
-68.59872101458755,-67.48759525053623,70.0262721766346,567,184,742,912,0.20175438596491227,0.8352233904633746,0.41345840109752036,0.8808022644599615,0.6213206027157425
-64.61845114776932,-67.57034459688113,69.91511237879742,567,180,736,912,0.19736842105263158,0.8342589537406646,0.4239235595319326,0.8769586553182149,0.6315355682218866
-66.1402552443777,-67.56665741500362,69.86403247987883,605,164,742,912,0.17982456140350878,0.8361878271860845,0.42589445994358294,0.8923851871013534,0.6279071922853444
-70.5454743554773,-67.54156088042117,69.70011237879743,580,187,735,912,0.2050438596491228,0.8275078966816951,0.4175243219209397,0.8767438229580221,0.6368424407774106
-64.0634320764135,-67.51472766871622,69.98111237879743,566,189,737,912,0.20723684210526316,0.8304012068498248,0.4202615420981373,0.8830501780515182,0.6295426243456526
-58.843391130006395,-67.43430685529155,70.24595258096024,611,151,744,912,0.16557017543859648,0.8294367701271149,0.4211737548584676,0.8768949408344432,0.6353298426204376
-68.90810656730743,-67.46706781244684,70.18379278312305,565,184,737,912,0.20175438596491227,0.8400455740769243,0.42831893226756035,0.8734623310776558,0.6366522821431845
-66.80003204913503,-67.42162599365376,69.93395258096024,587,169,744,912,0.18530701754385964,0.8294367701271149,0.4148178948901438,0.8661063927896876,0.63419129182952
-57.0723604460498,-67.35257722275058,69.91687268204164,597,147,751,912,0.1611842105263158,0.8197924029000155,0.4077151069058309,0.8748215243510377,0.6318221596090469
-60.21179470441841,-67.3215227225571,69.85995258096024,597,169,756,912,0.18530701754385964,0.8323300802952447,0.419821274604204,0.8839717575257925,0.6339233616795933
-63.92961524247405,-67.28159058620497,69.75111237879743,578,163,738,912,0.1787280701754386,0.8371522639087945,0.42416995186317624,0.8806991121528239,0.6244127671742972
-68.52328365691557,-67.33418035654799,69.76135207555323,595,165,748,912,0.18092105263157895,0.8332945170179547,0.4154532688300115,0.8771497994619547,0.6393551614145558
-65.15640206287408,-67.29375726300947,69.59751187339043,582,170,746,912,0.18640350877192982,0.828472333404405,0.42076410207940523,0.8732258384854666,0.6366915910184882
-61.77560983163881,-67.22550407690377,69.76235207555324,627,133,730,912,0.14583333333333334,0.8352233904633746,0.4201163080397761,0.8849647051152064,0.6291533908918449
-67.03695667015103,-67.29237036073052,69.66727217663464,581,169,735,912,0.18530701754385964,0.842938884245054,0.42373694422289365,0.8768129868266543,0.6384653906099572
-72.98290044727229,-67.32612824902398,69.65851187339042,579,178,721,912,0.19517543859649122,0.8352233904633746,0.41769252246806937,0.8723125907143089,0.63238151536958
-61.56858006279261,-67.29601103240655,69.50167167122763,562,178,739,912,0.19517543859649122,0.8284723334044051,0.41888739677602593,0.8830094203678039,0.6326631185576315
-63.221915344919495,-67.2184003437378,69.50951187339042,611,151,726,912,0.16557017543859648,0.8342589537406646,0.42669281885348526,0.8799690620020301,0.6455395444583845
-61.887676350727695,-67.09069378646353,69.20051187339043,583,171,750,912,0.1875,0.828472333404405,0.4262861427834332,0.8788549681538331,0.6381792597583072
-65.96350960305641,-67.1907723567938,69.20751187339044,575,175,738,912,0.19188596491228072,0.8342589537406646,0.41829141234610495,0.8789379250687906,0.6226658730230695
-62.57517812272094,-67.0919109917941,69.42119227771605,576,168,750,912,0.18421052631578946,0.8352233904633746,0.41808189179755284,0.873286800745173,0.6323879508871008
-63.22147185506777,-67.10162543038163,69.70927217663464,574,180,727,912,0.19736842105263158,0.8304012068498248,0.4246523386345907,0.8927282475936092,0.6163602020604008
-62.40013491283636,-67.04969194826025,69.57019227771605,603,160,738,912,0.17543859649122806,0.8313656435725347,0.4125401598192493,0.8879400457418845,0.6249517281912974
-63.73544730186872,-66.97765081664011,69.61219227771605,575,173,737,912,0.18969298245614036,0.828472333404405,0.4177821477142199,0.8673760550071319,0.6406976696909696
-68.36031146793475,-66.9326339198105,69.26135207555323,556,180,728,912,0.19736842105263158,0.8313656435725347,0.41752993695178503,0.8957652542436302,0.6093047691424781
-69.20041168405257,-66.93068986484744,69.20451187339042,554,195,715,912,0.2138157894736842,0.8255790232362751,0.4225684691666289,0.8869990801460227,0.6275245112096107
-61.49117959357586,-66.85046106414656,69.04643197447183,605,149,739,912,0.16337719298245615,0.8371522639087945,0.41714836962307367,0.8846433778321369,0.6287827610661926
-61.0431272141303,-66.7567868890523,69.05635207555324,586,178,742,912,0.19517543859649122,0.8361878271860845,0.421868415280521,0.8709290078722903,0.6236311508366843
-66.24097754744933,-66.78019185334972,69.16451187339044,580,166,735,912,0.18201754385964913,0.8342589537406646,0.4220743091086517,0.8715583417242172,0.6436971804085524
-72.12570809911858,-66.77594092240425,69.18559177230904,592,164,727,912,0.17982456140350878,0.8361878271860845,0.42156064485861633,0.8865828339761639,0.6248907208330586
-73.11044865252573,-66.84506259482437,69.03543197447185,597,166,740,912,0.18201754385964913,0.8419744475223442,0.4246522799909155,0.8727178141285697,0.6395005955515515
-64.88306609057315,-66.87544777344087,69.15167167122765,587,174,732,912,0.19078947368421054,0.8352233904633746,0.4160360226606101,0.8885935623160256,0.6236100918923048
-69.08611126853779,-66.86005329127347,69.07959177230904,576,164,734,912,0.17982456140350878,0.8323300802952447,0.4174952333526891,0.8862832851886054,0.6316832515256717
-65.42271009727624,-66.85472785445518,69.01467167122763,587,169,731,912,0.18530701754385964,0.8255790232362752,0.420859229213365,0.8791526462502769,0.6296280140589952
-60.723445881518366,-66.83103044249258,69.11483146906482,587,171,739,912,0.1875,0.8342589537406645,0.4189767436586057,0.8897093075382013,0.6240141238903858
-62.31197070607575,-66.7861298382644,69.23651187339044,593,164,746,912,0.17982456140350878,0.8332945170179547,0.4242432589002159,0.8749803319727332,0.6315456508194245
-67.77631205170432,-66.8027276634452,69.49067167122763,598,172,751,912,0.18859649122807018,0.8352233904633746,0.42146973642528895,0.8775538546467216,0.6388145838121967
-70.12510768394067,-66.78061237920824,69.7269113679834,573,169,731,912,0.18530701754385964,0.8342589537406646,0.4218926045003511,0.8797860076925251,0.620914406507582
-71.20417864120914,-66.77521651469159,69.76675157014621,592,166,725,912,0.18201754385964913,0.8304012068498248,0.419793644668283,0.8795483102411282,0.6306987549769794
-72.1997802616547,-66.80318357059966,69.8990711658206,581,176,745,912,0.19298245614035087,0.827507896681695,0.41983024035420224,0.8752670420837796,0.6345894301133858
-67.22747169603967,-66.74142951437322,69.869991266902,609,156,743,912,0.17105263157894737,0.8332945170179547,0.42576399035148565,0.8818428384473297,0.6260238162362307
-70.318486850145,-66.78698350299956,70.07767167122762,590,168,734,912,0.18421052631578946,0.8352233904633746,0.4209400382278773,0.883914227182518,0.6261884713383744
-63.567648885446296,-66.75731206369505,70.2887515701462,614,144,742,912,0.15789473684210525,0.828472333404405,0.41952933964033157,0.8731275861512969,0.6358663445675453
-71.3571135472533,-66.78075521375644,70.18983146906481,600,158,727,912,0.17324561403508773,0.8371522639087943,0.42552196170717527,0.8727664557901719,0.634598252481528
-64.11313042650102,-66.73668116108485,70.20451187339043,547,199,739,912,0.21820175438596492,0.8332945170179547,0.42133701122335837,0.8575723020136815,0.6341451344534654
-65.89739274772214,-66.72239158698986,70.13743197447184,580,172,733,912,0.18859649122807018,0.8294367701271149,0.41982088187813094,0.8780812963286468,0.6402121830758851
-65.17489755066197,-66.67966628657241,70.34243197447185,571,172,745,912,0.18859649122807018,0.8294367701271149,0.42445465855440295,0.8868864050762109,0.6229334064917734
-63.72301593800391,-66.67711996935795,70.32775157014625,580,185,733,912,0.20285087719298245,0.8371522639087945,0.4301975084122152,0.8535512114369531,0.6463236419392527
-70.74246728584711,-66.64216546472917,70.15999126690203,532,198,737,912,0.21710526315789475,0.8352233904633746,0.41194689191832057,0.8603384028474079,0.6170638256338753
-63.37927855707134,-66.63205076430339,70.00207116582062,606,158,737,912,0.17324561403508773,0.8323300802952447,0.42046210052738364,0.8797098802761817,0.6338318159006445
-61.0513074374754,-66.6058384288157,69.9092309636578,589,168,748,912,0.18421052631578946,0.8342589537406646,0.4245576147561309,0.8680363885717642,0.6372466975075356
-72.09654031584155,-66.72015109425413,70.19491136798342,574,177,743,912,0.19407894736842105,0.8439033209677641,0.42686066816366847,0.8761286926981082,0.6253453623930051
-67.55883029127017,-66.74458940281389,70.02023096365781,542,189,730,912,0.20723684210526316,0.8352233904633746,0.420740486908476,0.8817465143268807,0.6162109977331315
-63.441738490026005,-66.6704146357375,70.048390761495,585,169,730,912,0.18530701754385964,0.8304012068498248,0.42045459269097246,0.8685663678779525,0.6404270203186346
-62.257479502542516,-66.62238691507903,70.17215106473921,561,177,729,912,0.19407894736842105,0.8323300802952447,0.4264842075992516,0.8913947325930153,0.6170947532979639
-65.97533021857866,-66.66445251821787,70.3352309636578,581,176,737,912,0.19298245614035087,0.8304012068498248,0.4163494175396933,0.8789131200144441,0.6226847883782248
-59.496518072907655,-66.63586374419853,70.49463045825078,612,150,736,912,0.16447368421052633,0.8332945170179547,0.41520329998981426,0.8762482622432023,0.6327428992212877
-66.45473531366629,-66.6114683681696,70.287390761495,595,164,724,912,0.17982456140350878,0.8332945170179547,0.4214956893227884,0.8788118203474378,0.6334494542698663
-65.22774089540735,-66.53620266490918,70.25347066041358,550,201,735,912,0.22039473684210525,0.8352233904633746,0.41416390497633326,0.8822798058952461,0.6172213661197306
-74.47995986368696,-66.63403216574714,70.44723096365779,593,167,734,912,0.18311403508771928,0.8439033209677641,0.41791031318187283,0.8759976618411033,0.6446481802978882
-63.85821600037387,-66.68366226517432,70.46231086257639,601,166,738,912,0.18201754385964913,0.8352233904633746,0.4169335196996059,0.8800728340613487,0.6362702811208546
-73.71008786010046,-66.73668886296687,70.34315106473919,579,177,735,912,0.19407894736842105,0.8419744475223441,0.4229456822076087,0.8689783735857238,0.6332043638202977
-57.92129678955367,-66.6167833185769,70.33515106473921,563,188,754,912,0.20614035087719298,0.8332945170179547,0.42359974400397826,0.849722180036031,0.6367408495358677
-67.2276049962838,-66.67320175437085,70.41999126690202,577,167,730,912,0.18311403508771928,0.8342589537406646,0.42157044903550817,0.8937033531831869,0.6194109315891678
-66.11826670805135,-66.67161000618584,70.27475157014624,591,169,737,912,0.18530701754385964,0.8294367701271149,0.4192360016336536,0.8787337028299689,0.6387447643220051
-71.2115706563915,-66.66362292399694,70.08251187339044,586,165,739,912,0.18092105263157895,0.8332945170179547,0.4238606427893916,0.8737768355308027,0.633213451427277
-66.95701795099552,-66.72223993285903,70.05959177230903,610,156,733,912,0.17105263157894737,0.8342589537406646,0.4148288753626601,0.8809413382057567,0.6373238936275272
-71.10808923719682,-66.82294865127828,69.97559177230904,538,193,711,912,0.21162280701754385,0.8352233904633746,0.41951599217544655,0.8546580117965638,0.6433557130814304
-70.8604471632426,-66.88136119190206,70.15359177230904,592,173,727,912,0.18969298245614036,0.8361878271860845,0.4246626842249067,0.8743432283334315,0.6363428628887006
-57.670988115008655,-66.68650708616747,69.95059177230905,571,179,751,912,0.1962719298245614,0.8352233904633746,0.41865904102549806,0.8814240854830738,0.6156839957763046
-68.11270261067035,-66.67455431584455,69.84983146906484,561,184,725,912,0.20175438596491227,0.8342589537406646,0.4219242237010386,0.8798590093812965,0.6249279068776258
-72.9552778949256,-66.72655778415695,69.98507116582061,535,202,730,912,0.22149122807017543,0.827507896681695,0.4228031707602677,0.8728534745992004,0.6295744539078597
-56.46412206119065,-66.61729737126736,69.64323096365783,575,171,755,912,0.1875,0.8323300802952447,0.4180327526072612,0.8762109012340198,0.6144791525975665
-75.97434281344691,-66.72572904287041,69.59507116582064,579,180,728,912,0.19736842105263158,0.8371522639087945,0.42334831587571276,0.8778984479647686,0.6336521586143813
-71.99070225699538,-66.82346392956455,69.87999126690204,567,181,724,912,0.19846491228070176,0.8400455740769243,0.42536181178898463,0.8816994432203374,0.6308113595781967
-62.19326883402565,-66.74788998445987,70.00523096365782,586,171,751,912,0.1875,0.829436770127115,0.41829676337514776,0.8875522134654067,0.6276563075529573
-72.21262157925209,-66.75694737632548,70.117390761495,575,171,742,912,0.1875,0.8342589537406646,0.43010605855568934,0.8825292322484893,0.6291540357857458
-64.3374579967989,-66.68039819238435,70.15823096365781,572,179,743,912,0.1962719298245614,0.8294367701271149,0.41880753929699877,0.871141353117831,0.631911649067922
-68.04124242138866,-66.69187969590384,70.35083146906483,564,174,734,912,0.19078947368421054,0.8371522639087945,0.4257943947005636,0.8722228213916455,0.6264621145897769
-58.03509387986543,-66.57117602160211,70.29799126690203,570,182,755,912,0.19956140350877194,0.8294367701271149,0.41205893277470584,0.8726568401306515,0.6321822262436585
-68.98644828567957,-66.53976738358244,70.50367167122765,575,179,731,912,0.1962719298245614,0.8342589537406646,0.41778091194718,0.8753921789933473,0.6302982276052022
-62.890300588153266,-66.51572022377283,70.26675157014624,567,181,721,912,0.19846491228070176,0.828472333404405,0.418743232508495,0.8790838696589693,0.6394828407952775
-73.381336426087,-66.60891176112781,70.53083146906482,592,169,745,912,0.18530701754385964,0.8294367701271149,0.42225181187008665,0.8733854632666004,0.6321391828137396
-58.8628824630966,-66.57141967171214,70.63815106473922,575,180,756,912,0.19736842105263158,0.828472333404405,0.4230047725493252,0.8624665503660731,0.6332313751250938
-65.22391996568595,-66.47650183473657,70.74115106473921,614,150,748,912,0.16447368421052633,0.8342589537406646,0.4122371089215238,0.8963649563112915,0.6245998302346024
-74.89606043453314,-66.61818962812528,70.81915106473922,593,176,730,912,0.19298245614035087,0.842938884245054,0.4201337281292189,0.8788129474309699,0.6346634993398046
-67.46631404267637,-66.61689941280846,70.50791136798343,557,191,729,912,0.20942982456140352,0.8400455740769243,0.4249036375033264,0.8753807527851775,0.631580733997906
-71.0732213209438,-66.59484773058085,70.4182309636578,570,184,726,912,0.20175438596491227,0.8304012068498248,0.4183508553709688,0.8814223227122119,0.6268426621597002
-72.78527879149442,-66.63781350098613,70.50615106473921,591,173,742,912,0.18969298245614036,0.8352233904633746,0.4283794009046656,0.8734793630209756,0.6265418931542321
-69.78813240459297,-66.6666470265703,70.56915106473922,631,150,736,912,0.16447368421052633,0.8371522639087945,0.4265997165151531,0.8769953082503007,0.6349874907023757
-68.4048085647532,-66.65489704523927,70.75231086257641,546,192,730,912,0.21052631578947367,0.826543459958985,0.4180124105244574,0.8815069265578162,0.6432536222276372
-65.00278216215459,-66.59642490815742,70.688390761495,567,180,743,912,0.19736842105263158,0.8313656435725347,0.42013873855362,0.8671415260382799,0.6422798532314661
-67.5638512274757,-66.61891071711193,70.60947066041359,585,168,746,912,0.18421052631578946,0.827507896681695,0.4127372192218049,0.8908738008347141,0.6196325695894797
-69.46393979344943,-66.61898001931876,70.7443108625764,586,169,738,912,0.18530701754385964,0.8390811373542144,0.421346820002058,0.879011199319677,0.6265635403291491
-61.83218451428039,-66.5374986220103,70.74607116582061,577,171,744,912,0.1875,0.828472333404405,0.42076196417679823,0.8798350854209441,0.6207525682859006
-75.7323902281119,-66.53348269014194,70.97399126690202,553,186,719,912,0.20394736842105263,0.8381167006315045,0.4216414346161704,0.8853193812184997,0.6250700528809537
-63.92496100020195,-66.42486875541482,70.98375157014623,575,172,735,912,0.18859649122807018,0.8361878271860845,0.4241050083836199,0.8792649135487673,0.6184649680863958
-72.37106265181785,-66.44509041196933,71.03475157014623,566,172,737,912,0.18859649122807018,0.8313656435725347,0.4147888898269048,0.8679080105195589,0.6320881627476194
-67.23118303378575,-66.46895192988387,70.91975157014623,546,187,734,912,0.2050438596491228,0.8342589537406646,0.4161038557420009,0.8782793327707129,0.6320286519871884
-69.41146258589788,-66.5187956933886,70.97475157014622,567,177,738,912,0.19407894736842105,0.8361878271860845,0.42514139413031293,0.8680593372656059,0.628417932985076
-66.88068817866072,-66.50161536502932,70.98091136798342,602,167,737,912,0.18311403508771928,0.8410100107996342,0.4232667886875749,0.8814482755232619,0.6332018640571991
-64.74194487810803,-66.50285030233273,71.1801510647392,598,164,742,912,0.17982456140350878,0.8323300802952447,0.40999652529142827,0.8863344738053419,0.6273035073467801
-70.22058698966364,-66.54365361978559,71.0242309636578,591,171,720,912,0.1875,0.8390811373542144,0.4257780733508255,0.8776050408320858,0.6301045718347315
-69.86572652232056,-66.53685614145401,70.95707116582062,576,178,734,912,0.19517543859649122,0.8390811373542144,0.4205925636651968,0.8786960184445848,0.6317921611014692
-61.37887283488406,-66.51001054903871,70.8513108625764,562,183,738,912,0.20065789473684212,0.8304012068498248,0.41642752125933774,0.8774793066226599,0.6272071264988144
-57.62397090215394,-66.49781634676019,70.72739076149499,592,158,751,912,0.17324561403508773,0.8323300802952447,0.4219626920666736,0.8821284412983514,0.6237276989012345
-66.83816468867239,-66.47711692797384,70.69839076149499,566,181,748,912,0.19846491228070176,0.8323300802952447,0.4262837830620626,0.8658072073597237,0.6084681896597061
-72.52514236849083,-66.53436803116739,70.5602309636578,557,189,733,912,0.20723684210526316,0.8381167006315042,0.4202384957553273,0.8756957442713821,0.6395123746371939
-67.954821766541,-66.6431926443723,70.271390761495,571,182,739,912,0.19956140350877194,0.8342589537406646,0.4119238701721503,0.8707105403845006,0.6328592056094253
-66.80097260294278,-66.70908442335755,70.54247066041358,589,168,733,912,0.18421052631578946,0.8342589537406646,0.4148205070505982,0.8792049927183752,0.625418842256987
-68.07415925214232,-66.75052986345423,70.40347066041359,551,191,733,912,0.20942982456140352,0.8323300802952447,0.42065255266842994,0.8669361691752856,0.6385636388885457
-64.19735588485507,-66.70727058573362,70.1460711658206,561,187,755,912,0.2050438596491228,0.8332945170179547,0.4291572832223398,0.8768651418557113,0.6125075204671825
