-65.05653149987047,-65.05653149987047,58.543818053474126,587,169,723,912,0.18530701754385964,0.8323300802952447,0.4193589547911287,0.8762107134820125,0.6286055612358684
-60.4790223577729,-62.76777692882169,59.497812999403884,562,184,748,912,0.20175438596491227,0.8332945170179547,0.4243013022585965,0.8761469897228215,0.6244593290942643
-72.55349430611243,-66.02968272125194,62.32380120657343,600,167,740,912,0.18311403508771928,0.8323300802952447,0.41823171264908665,0.8717333725817312,0.6348291225839693
-73.39046949198917,-67.86987941393625,69.88679531015813,613,157,739,912,0.17214912280701755,0.8304012068498248,0.4218301332853345,0.8809861871494288,0.6365690602407748
-75.70180832095825,-69.43626519534065,73.56618975068088,602,170,737,912,0.18640350877192982,0.8342589537406646,0.42109910990558774,0.8789144367118996,0.6133215229495138
-68.14369767546894,-69.22083727536203,73.9971261164563,582,174,744,912,0.19078947368421054,0.8361878271860845,0.4178726362826739,0.8788874268604882,0.6398205648169353
-68.36760176637989,-69.09894648836459,73.25121918852145,573,180,726,912,0.19736842105263158,0.828472333404405,0.4171107355828305,0.8801925157217277,0.624519753603692
-80.36786499635859,-70.50756130186383,75.06579025608788,586,179,733,912,0.1962719298245614,0.8419744475223441,0.41823294248320897,0.8817436573348713,0.6317869778112268
-63.171491493610496,-69.69244243428012,74.3095688762107,557,205,734,912,0.22478070175438597,0.8361878271860845,0.4190506461713192,0.867919068001401,0.6265260870463051
-73.39494055558143,-70.06269224641025,75.87459177230895,599,169,736,912,0.18530701754385964,0.8371522639087943,0.42352224738306704,0.8802133272781028,0.6374266346988218
-61.594742011845604,-69.29287858872256,75.82924503127286,580,174,746,912,0.19078947368421054,0.8332945170179547,0.4183928263890724,0.8781704606503039,0.6261613845609705
-60.34104008936277,-68.54689204710924,74.75679109843291,594,174,735,912,0.19078947368421054,0.8313656435725347,0.4202576173543626,0.8782332222862688,0.6215265557483344
-69.88990898039168,-68.65020104197713,73.33456007001907,573,176,733,912,0.19298245614035087,0.8352233904633746,0.4260033973644136,0.8735533217972234,0.6323540328708385
-72.0467035066879,-68.89280836088504,74.3303613236543,575,172,721,912,0.18859649122807018,0.8332945170179547,0.41583893000769373,0.8726226525639166,0.6212950909803111
-70.8829144219107,-69.02548209828676,73.81392173626217,565,182,740,912,0.19956140350877194,0.8361878271860845,0.41536347589951844,0.853875648436213,0.6271841337132303
-67.80994829819407,-68.94951123578096,73.8365377290528,545,187,731,912,0.2050438596491228,0.8352233904633746,0.41468724678851365,0.871014034387262,0.6278496794059326
-71.80102284056709,-69.11724721253309,73.8903771535399,580,169,743,912,0.18530701754385964,0.8332945170179547,0.4165087073694612,0.8822209549854446,0.619340399109964
-66.67214229239033,-68.98140805030295,72.78867830263177,592,170,747,912,0.18640350877192982,0.8352233904633746,0.4281804445898514,0.8697803577282803,0.6393083039570759
-64.89081074100991,-68.76611345507699,71.23536774043602,542,201,738,912,0.22039473684210525,0.8313656435725347,0.42204608261011173,0.8751456652970638,0.617237889297355
-66.26048514309326,-68.64083203947781,71.59698873986686,570,183,734,912,0.20065789473684212,0.8361878271860845,0.41277460594274024,0.8853752926453545,0.6160541974986371
-64.2971207067434,-68.43398864268094,71.62817060679383,600,161,733,912,0.17653508771929824,0.8361878271860843,0.42698496413785264,0.8808270273207857,0.6293650525934619
-61.83641770631523,-68.13409905466432,71.93833594036381,581,165,735,912,0.18092105263157895,0.826543459958985,0.4222700036375228,0.8874345073162194,0.6130439239187009
-62.396289745240814,-67.88462908468938,71.14396427900246,543,195,736,912,0.2138157894736842,0.8294367701271149,0.4195407675120152,0.8547162581660417,0.6334365346909884
-62.63204512917578,-67.6657714198763,71.74395818627211,574,189,745,912,0.20723684210526316,0.8352233904633746,0.42685021774276943,0.8796033378670477,0.6228457202967416
-69.11479553102531,-67.72373238432226,71.98459177230895,576,179,726,912,0.1962719298245614,0.8371522639087945,0.41924438110711887,0.8759445009781426,0.6349208756262635
-64.50866922277932,-67.6000761088783,72.5031762321837,576,170,746,912,0.18640350877192982,0.8294367701271149,0.41959893068059295,0.8760186569466873,0.6250945381431622
-70.16003163388012,-67.69488927647096,71.60527332866553,562,184,735,912,0.20175438596491227,0.8304012068498248,0.4213792653714097,0.8785406361533621,0.6230708412997048
-71.61911501377746,-67.83504019566048,71.4396488429651,561,181,733,912,0.19846491228070176,0.8323300802952447,0.4192871531680238,0.8846951640622506,0.6301193746195632
-61.91454413046373,-67.63088515892956,70.91013569364809,566,188,740,912,0.20614035087719298,0.8342589537406646,0.41253407077897186,0.8828801603274395,0.6271226890475269
-72.29014695084678,-67.7861938853268,71.00232375789024,585,172,730,912,0.18859649122807018,0.8313656435725347,0.41709564829914203,0.8870771408885626,0.644526975584048
-62.0211423912902,-67.60022448229337,71.00095195399679,593,175,741,912,0.19188596491228072,0.8352233904633746,0.41383101045093384,0.8897360865230857,0.6132630189032479
-68.6006710335719,-67.6314884370208,70.79341588784668,565,180,727,912,0.19736842105263158,0.8342589537406646,0.42263451305656025,0.866702681891072,0.6484775649945977
-68.37105094654974,-67.65389942215803,71.11312504438082,595,167,741,912,0.18311403508771928,0.8304012068498248,0.41804159314927397,0.885826678588522,0.6286209272521561
-59.26866925619045,-67.40727500551193,70.7382621821653,561,187,734,912,0.2050438596491228,0.8294367701271149,0.42023481863935097,0.8750509756553174,0.6267475446291121
-64.05720228174337,-67.3115586419757,70.81647690898664,576,167,735,912,0.18311403508771928,0.826543459958985,0.4233931280485084,0.8741535073504337,0.6319221678554684
-69.16558893938664,-67.36305948357044,70.7095688762107,556,179,731,912,0.1962719298245614,0.8332945170179547,0.4221374712301248,0.8681215120397942,0.6314504879479983
-70.42019639123522,-67.44568480539921,71.21654776412535,573,179,724,912,0.1962719298245614,0.8332945170179547,0.4146355198869708,0.8729710619682898,0.6265753660849168
-60.17034081993863,-67.25422838472919,71.06526460530765,614,150,751,912,0.16447368421052633,0.8332945170179547,0.41706979376673003,0.8856855872766273,0.6317455605542764
-73.02704310767697,-67.4022492750612,71.02686776232676,591,161,736,912,0.17653508771929824,0.8419744475223442,0.4210768553963473,0.8777924312896702,0.6335068897611867
-72.04054196681533,-67.51820659235506,71.21729151960545,586,175,728,912,0.19188596491228072,0.8332945170179547,0.4244927950839593,0.8704084685027187,0.642318441558472
-68.82995835221931,-67.5502005377176,71.53091313183245,565,185,728,912,0.20285087719298245,0.8275078966816951,0.4213097476250886,0.885714030907678,0.6254694860505592
-69.589370787031,-67.5987522103203,70.95064848196009,587,171,728,912,0.1875,0.8361878271860845,0.41923571366643075,0.8725595971760748,0.6389492821996235
-56.83177274999708,-67.34835733914998,71.0372793921683,557,184,734,912,0.20175438596491227,0.8400455740769243,0.4165667735918246,0.8734272637795994,0.6383094686863046
-66.42666581590322,-67.32740980453075,71.33606321309111,588,170,740,912,0.18640350877192982,0.8390811373542144,0.4185819551164033,0.8757120892978106,0.6362225771793518
-58.59348905564626,-67.13332267677775,70.95401332065518,583,171,749,912,0.1875,0.8381167006315045,0.41329726805729516,0.8771909878126122,0.6389093454302498
-68.54936829028263,-67.16410627707134,71.023704288406,608,162,728,912,0.17763157894736842,0.8352233904633746,0.42523911355660615,0.8737407865206572,0.6249742432530007
-71.4566873436107,-67.25543778912537,71.32906755079975,594,168,731,912,0.18421052631578946,0.8352233904633746,0.41866451920488174,0.8794731467737523,0.635679916371756
-61.164530350791196,-67.12854388416007,70.87537464235254,564,188,748,912,0.20614035087719298,0.8342589537406646,0.4197890233658019,0.8681718298424599,0.6291990484612211
-63.661203436249934,-67.05778183420273,70.93407736282154,579,178,731,912,0.19517543859649122,0.8419744475223441,0.42001171706925444,0.8771733336018492,0.6305593582941543
-67.09648362373017,-67.05855586999328,71.1881123787974,574,171,742,912,0.1875,0.8390811373542144,0.42345901114020684,0.8749313100326023,0.6294611881857377
-60.091889573007464,-66.92195457005238,70.60732169939064,582,170,746,912,0.18640350877192982,0.8342589537406646,0.42104565259603244,0.8890877643877467,0.6229634607937915
-61.2607251673685,-66.81308477384692,70.26456104195566,560,188,743,912,0.20614035087719298,0.8342589537406646,0.41407538718952464,0.8911731547093596,0.6130267066447902
-67.8220906629266,-66.8321226208107,70.48001776782012,599,155,730,912,0.1699561403508772,0.8332945170179547,0.4189861075303263,0.8820611937941449,0.6341364281701227
-70.1599958201618,-66.89374990228015,70.835642763097,590,176,738,912,0.19298245614035087,0.827507896681695,0.4215011504200018,0.8901446353885852,0.6261060302768525
-63.721429377360984,-66.83607134728162,70.6327361241482,571,173,744,912,0.18969298245614036,0.8294367701271149,0.4242799608760125,0.8875752012587359,0.6264167226176514
-60.36580583732426,-66.72053089174666,70.47757687288616,593,159,745,912,0.17434210526315788,0.8342589537406646,0.42770226467962236,0.8844641205871775,0.6312856729216936
-69.40238292304919,-66.76758092738355,70.51965057021995,585,162,743,912,0.17763157894736842,0.8361878271860845,0.420771243871804,0.8850075944709582,0.6358291581364197
-63.234212664508874,-66.70666078492019,70.17034276447811,571,182,740,912,0.19956140350877194,0.8294367701271149,0.4193734945760201,0.8772744949632717,0.6338926431510249
-69.13727003920917,-66.74785755194205,69.96677420638855,550,205,731,912,0.22478070175438597,0.8352233904633746,0.42603510263526445,0.8699730730359226,0.6213178665575732
-69.15714695054481,-66.7880123752521,70.3584577650996,602,161,742,912,0.17653508771929824,0.8342589537406646,0.423758998843071,0.8733101169707685,0.6300582923686819
-67.20881483799279,-66.79491077628062,70.06995514333065,599,157,735,912,0.17214912280701755,0.8342589537406646,0.4189150371653395,0.8831595601553155,0.6287852911449511
-65.93681157173049,-66.78107046652981,70.18927502374554,598,168,743,912,0.18421052631578946,0.8342589537406646,0.428702343853144,0.8737335206588924,0.6328967257033055
-63.39235824382856,-66.72728138362979,70.33934713532852,592,161,743,912,0.17653508771929824,0.8390811373542144,0.42239316459703674,0.8753980734392557,0.623282461540268
-68.2183316576662,-66.75057904416161,70.35541651960546,561,185,739,912,0.20285087719298245,0.8381167006315045,0.429688478363237,0.8781765899970665,0.6368486409691417
-63.496133150617865,-66.7005106457994,70.26151484923204,587,171,735,912,0.1875,0.8304012068498248,0.420081925180883,0.8739229849706235,0.6315210996361604
-65.28845339266996,-66.6791158389338,70.34306489778116,596,159,743,912,0.17434210526315788,0.8352233904633746,0.4228928483349669,0.8887898818133272,0.6282429659292486
-64.99301064075503,-66.65395008970724,70.19441866815416,562,197,737,912,0.21600877192982457,0.8294367701271149,0.41952221360242364,0.8824738878407924,0.6329192892104751
-59.701654557651324,-66.55171044952995,70.00737982922413,564,182,744,912,0.19956140350877194,0.8352233904633746,0.4168122831078313,0.878343974092559,0.6260475609241499
-70.0891636485433,-66.60297788719681,69.92842936557152,579,179,727,912,0.1962719298245614,0.8342589537406646,0.42204280409783723,0.8756145998191781,0.637357679877367
-69.7458721488216,-66.6478763766486,69.99207705338867,552,189,736,912,0.20723684210526316,0.8294367701271149,0.4231576217642811,0.8682574654729333,0.6329783269605237
-71.68770802725379,-66.71885992102331,70.09466438532563,551,197,718,912,0.21600877192982457,0.8332945170179547,0.42305519522212126,0.8675380315468705,0.6292898108233694
-60.33023197664693,-66.63012897735143,70.04451303987351,569,175,742,912,0.19188596491228072,0.8361878271860845,0.42550892087559383,0.8863661254724623,0.6294656149410746
-65.5254695591615,-66.61499665655431,70.0969961163261,597,161,738,912,0.17653508771929824,0.8304012068498248,0.4218804992095147,0.8811500542859293,0.6219621947181309
-77.27757702643646,-66.75908558047163,70.33038519217375,595,164,723,912,0.17982456140350878,0.8390811373542144,0.4079782218534266,0.8714791212304803,0.6300502810504228
-65.67270972273407,-66.74460056903513,70.32677736077402,554,188,739,912,0.20614035087719298,0.8323300802952447,0.41062998820200786,0.867285952741427,0.6392862462853678
-65.42878356277438,-66.7272871873738,70.59431710388479,614,152,746,912,0.16666666666666666,0.8304012068498248,0.41754363811641015,0.8877726114286637,0.6353190300718743
-63.274195585401685,-66.68244184189365,70.56410243667918,563,178,736,912,0.19517543859649122,0.8294367701271149,0.41487170440558535,0.862756844184711,0.6345427184889842
-68.91656158565883,-66.71108440271115,70.78486737355216,554,188,722,912,0.20614035087719298,0.8323300802952447,0.4155541543571719,0.8661071723504855,0.6391707811626998
-59.61428044629625,-66.62125144123755,70.95427142868509,618,148,741,912,0.16228070175438597,0.8342589537406646,0.41933884776151503,0.87827573428027,0.6296918585851159
-67.21447414444685,-66.62866672502767,71.01924063514318,581,177,746,912,0.19407894736842105,0.8332945170179547,0.42015874513961715,0.8667574265449619,0.6423061992670348
-59.99085026830194,-66.54671837371006,70.82714874874874,583,169,753,912,0.18530701754385964,0.8323300802952446,0.4255591284236517,0.8837825269150383,0.6277885094175157
-60.501622833274084,-66.47299769638768,70.7993032524649,599,165,731,912,0.18092105263157895,0.8361878271860845,0.420582555053464,0.873258243118792,0.6419065892408424
-60.34050899441947,-66.39911229033987,70.8723212595098,581,167,750,912,0.18311403508771928,0.8371522639087945,0.42443772989262984,0.8712546412705476,0.6328922553388745
-66.7821535410241,-66.40367230522897,70.87126704823912,528,196,713,912,0.2149122807017544,0.8313656435725347,0.41227835015186665,0.8811877442327555,0.622978317883292
-74.51867011321315,-66.49914286767584,70.98769670330752,616,144,731,912,0.15789473684210525,0.8390811373542144,0.424614877441654,0.8794118028020684,0.6354389830321593
-68.15744422905335,-66.51842544164535,71.04309334565666,584,162,729,912,0.17763157894736842,0.8313656435725347,0.42508483371078293,0.8885077846379336,0.6274439328870537
-66.44264416158344,-66.51755439244923,71.03169926059547,594,161,736,912,0.17653508771929824,0.8304012068498248,0.4238063168629371,0.8869536694281629,0.6279169155110292
-54.33595029464199,-66.37912707315596,71.12424560559909,630,148,747,912,0.16228070175438597,0.8352233904633746,0.4192906696003425,0.8840771933015605,0.6311444820134732
-65.65648685927003,-66.37100752019096,71.19983619368598,611,168,736,912,0.18421052631578946,0.8361878271860845,0.4262016193166147,0.8897688220621366,0.6289496593195865
-68.82619180853231,-66.39828734561698,71.32076876389806,584,167,759,912,0.18311403508771928,0.8342589537406646,0.4321161833577291,0.8731191454786501,0.6366116769723612
-66.82746790628686,-66.40300361551445,71.47201050839118,577,180,731,912,0.19736842105263158,0.8313656435725347,0.42461482625055125,0.878708246575564,0.6251364615196441
-61.63073309313005,-66.35113110983636,71.17731254457381,563,176,731,912,0.19298245614035087,0.8390811373542144,0.4243779549492926,0.8649343394972083,0.6361830428601882
-71.18787426114541,-66.40313910071065,71.34710260032091,599,161,740,912,0.17653508771929824,0.8342589537406646,0.434469393412069,0.8899286233216049,0.6256426686233615
-69.19465023846458,-66.43283602770802,71.36983307811293,578,167,733,912,0.18311403508771928,0.8361878271860845,0.4218176453052642,0.8783088424663865,0.6419002775927876
-73.19319316207815,-66.50399768175403,71.23086417970178,568,176,729,912,0.19298245614035087,0.8323300802952447,0.42304917963562816,0.8722302922773548,0.6384207566924315
-72.07060562305463,-66.56198318114257,71.17899901059377,568,188,720,912,0.20614035087719298,0.8294367701271149,0.42278646241102485,0.8709374686072949,0.6383031848878763
-72.36885062567386,-66.62184779397278,71.29133693441149,612,153,742,912,0.16776315789473684,0.8400455740769243,0.42674534680993664,0.875907988478173,0.6281365036448381
-73.65364279331153,-66.69360080417012,71.35836204566436,592,166,743,912,0.18201754385964913,0.8352233904633746,0.4198800123904054,0.8746221306141124,0.6329850636320531
-65.71982397452179,-66.68376467457772,71.56839685273172,603,164,737,912,0.17982456140350878,0.8352233904633746,0.4217742682070518,0.878734508788671,0.6353196470344143
-66.63395223126113,-66.68326655014454,71.52539076149493,551,188,726,912,0.20614035087719298,0.826543459958985,0.4178336762717435,0.8751185883591529,0.6267170722534027
-69.34535926456334,-66.72615482779148,71.53771035716933,543,192,735,912,0.21052631578947367,0.8323300802952447,0.4229142194301153,0.8853895425219744,0.6306993090712644
-69.62194830079059,-66.81758408722166,71.47987015500652,558,185,739,912,0.20285087719298245,0.8342589537406646,0.42558660533099374,0.8728406929237235,0.6237855926368662
-57.761382315167666,-66.6696629673122,71.51063045825073,589,176,739,912,0.19298245614035087,0.8332945170179547,0.4234757367473877,0.8802619950420897,0.6321904269438064
-71.0159743824704,-66.64591801621702,71.23347066041354,584,168,729,912,0.18421052631578946,0.8381167006315045,0.4169102532094325,0.8736635154766761,0.6184863836170049
-69.42914131113051,-66.58319134611875,71.24931086257635,611,158,730,912,0.17324561403508773,0.8371522639087945,0.4196530064763437,0.8809998948616395,0.6276482240900482
-64.9008494566553,-66.5507628639306,71.14063045825074,598,160,738,912,0.17543859649122806,0.8342589537406646,0.41197827818126165,0.8816335444463167,0.6261796946256518
-66.45278106266517,-66.53161465689345,71.32639076149495,579,173,740,912,0.18969298245614036,0.8361878271860845,0.42352253221524394,0.8796334357143692,0.6295092470913826
-63.16688706026324,-66.3596048775325,71.05239076149495,567,185,716,912,0.20285087719298245,0.8342589537406646,0.4222992047064024,0.8753034174500688,0.6274492294833051
-76.0246202660348,-66.48813616525673,71.14931086257634,581,167,747,912,0.18311403508771928,0.8361878271860845,0.4195570835289433,0.8890349042712384,0.629575703490208
-64.7231410676612,-66.40141817037755,70.89339076149494,550,192,745,912,0.21052631578947367,0.828472333404405,0.4153136509683255,0.8717647180807635,0.6350907566562478
-64.23108721262847,-66.42778162238537,70.91739076149496,575,168,742,912,0.18421052631578946,0.8313656435725347,0.4104890649303658,0.8692637339517518,0.6398767573096656
-70.91967523102802,-66.53356797380202,71.09439076149495,596,170,720,912,0.18640350877192982,0.8323300802952447,0.4164352683488781,0.8856888892017357,0.6363848962564956
-68.33031300561298,-66.51797201405424,70.99639076149496,592,168,742,912,0.18421052631578946,0.8332945170179547,0.42739563390828283,0.8716107983510395,0.6412886995937254
-69.26115150029543,-66.49011649399031,70.88539076149496,547,192,718,912,0.21052631578947367,0.827507896681695,0.42441445024327057,0.8818652954904377,0.6239513591809489
-65.73331559277729,-66.43862050569898,70.94423096365776,592,166,745,912,0.18201754385964913,0.826543459958985,0.42089058688315906,0.8767699908532863,0.63928177717696
-65.08936785019775,-66.41141470121902,70.87799126690197,565,173,742,912,0.18969298245614036,0.8323300802952447,0.42328466397989406,0.8802494410049452,0.6144848633545418
-69.4850753578634,-66.38825522639198,70.88107116582057,617,160,731,912,0.17543859649122806,0.828472333404405,0.41505431970006795,0.8730536584069304,0.6317536669973235
-69.17369266745469,-66.41327073014263,70.98331086257636,586,177,723,912,0.19407894736842105,0.8332945170179547,0.4243646309832756,0.8633641287436715,0.637328589374681
-70.36261206530241,-66.46798874338556,71.09823096365776,571,183,750,912,0.20065789473684212,0.8304012068498248,0.41967287016678545,0.8801919875866661,0.6298462512522002
-67.20864633761708,-66.4774703553308,70.86631086257636,568,177,732,912,0.19407894736842105,0.8332945170179547,0.42424964302839197,0.8787759930815146,0.6382259392258438
-60.03421897649041,-66.43484133802826,70.72747066041354,565,176,751,912,0.19298245614035087,0.828472333404405,0.42504597273500366,0.8733042080990092,0.6395543288788922
-66.59215118027802,-66.4823986727679,70.64263045825075,587,166,735,912,0.18201754385964913,0.8352233904633746,0.426830651505399,0.8782217824258319,0.6240236645333467
-73.31425294299734,-66.59157830474545,70.94987015500654,574,181,746,912,0.19846491228070176,0.8342589537406646,0.41966982160191957,0.8883880457014909,0.6273252991952464
-68.79047107631241,-66.65316256421681,70.59618975068094,524,203,733,912,0.2225877192982456,0.826543459958985,0.4174600820093799,0.8490046849892631,0.6392056871938409
-70.1324322710836,-66.6633389316174,70.73726964959953,593,171,726,912,0.1875,0.8371522639087945,0.4099945218481049,0.8738848159353668,0.6337807679063476
-63.287389541729794,-66.65112613480692,70.77218975068092,563,180,739,912,0.19736842105263158,0.8294367701271149,0.41779953167187567,0.8721133623418064,0.6364576392965763
-64.15364845373723,-66.59106230300547,71.04318975068094,600,166,729,912,0.18201754385964913,0.828472333404405,0.4151049111766934,0.8895043821797248,0.6216552348177186
-63.28758446159484,-66.50774699748365,71.26110985176234,577,180,739,912,0.19736842105263158,0.8361878271860845,0.42276022279639824,0.8682270846545354,0.6417632606104466
-61.42855661805069,-66.50288712235952,71.47787015500654,572,175,728,912,0.19188596491228072,0.8265434599589851,0.42144155511432524,0.8743307418428556,0.6258750699876455
-65.0973939272927,-66.43095959212398,71.30463045825076,573,182,739,912,0.19956140350877194,0.8304012068498248,0.4227855784989086,0.8648924032621675,0.6276258135546108
-68.15723629416426,-66.49232053115271,71.54779025608795,609,151,742,912,0.16557017543859648,0.8323300802952447,0.4036430769310283,0.8788772719801341,0.6322006562871233
-61.7470701694874,-66.42378452251188,71.50095005392514,603,152,747,912,0.16666666666666666,0.8323300802952447,0.42608028740817727,0.8740723609742579,0.6324526648907809
-75.78923368606823,-66.49796634990707,71.48726964959953,595,163,724,912,0.1787280701754386,0.8342589537406646,0.4193464334257859,0.8811488847771285,0.6255946116493106
-64.55620024462162,-66.55084165979137,71.5875093463553,579,173,743,912,0.18969298245614036,0.8313656435725347,0.4166759274307314,0.8688830120904977,0.6396475987176458
-65.58852569938746,-66.56615489396782,71.62750934635532,567,181,731,912,0.19846491228070176,0.8255790232362751,0.4177562538116489,0.8780574843742412,0.6227730020320333
-59.42481949515131,-66.46874719952547,71.47066914419251,595,168,752,912,0.18421052631578946,0.8342589537406646,0.41985013782176034,0.8804774094675536,0.6119180741802214
-66.10516709223533,-66.42559690653546,71.07358924527391,540,192,752,912,0.21052631578947367,0.8352233904633746,0.4160911409869002,0.8723393602619892,0.6191780652317087
-72.44112748045555,-66.54830477314063,71.29942944743672,586,165,726,912,0.18092105263157895,0.8352233904633746,0.42222187270268857,0.8606533978571601,0.6225408115746268
-60.32154634459091,-66.42124980550977,71.15618975068094,594,166,752,912,0.18201754385964913,0.828472333404405,0.42280150943454375,0.8826052866204649,0.6292982214009676
-67.50332077928607,-66.37587759363447,70.91250934635532,575,177,740,912,0.19407894736842105,0.8313656435725347,0.41742908368782794,0.8899759528342311,0.6266304136298263
-65.68491978983015,-66.34442720801059,70.77150934635532,599,162,740,912,0.17763157894736842,0.8352233904633746,0.40810992446490757,0.8817360975878201,0.6327852522531936
-67.10456475318686,-66.31957914767214,70.88058924527392,597,165,724,912,0.18092105263157895,0.8323300802952447,0.4197656529053992,0.8786929898422952,0.6333354792951663
-65.03110966808792,-66.40157251685304,70.77534954851812,587,171,743,912,0.1875,0.8381167006315045,0.41663793175715624,0.8826143724761453,0.6354491414843905
-64.34759773087433,-66.38078183600277,70.58110985176233,578,177,742,912,0.19407894736842105,0.8313656435725347,0.41705762571489036,0.8692414262453045,0.647478514089883
-73.54913745347024,-66.530338319981,70.88634954851813,607,156,726,912,0.17105263157894737,0.8390811373542144,0.42254830273629057,0.878966938373004,0.6352933869531265
-67.94830943669929,-66.52432773144518,70.99250934635533,570,182,734,912,0.19956140350877194,0.8371522639087943,0.4249746783315553,0.8778280384622485,0.6194404751658907
-67.43593200519487,-66.484120178061,70.96442944743673,584,172,729,912,0.18859649122807018,0.8304012068498248,0.41319532096727246,0.8866040331887103,0.6241950521389917
-71.08333785871008,-66.5833082531402,71.12242944743673,563,186,732,912,0.20394736842105263,0.8390811373542144,0.4194205400918501,0.8714399524604112,0.62828296030508
-71.63451202127779,-66.66304133899048,71.16742944743673,564,176,722,912,0.19298245614035087,0.8342589537406646,0.42451324079825087,0.8744097460913576,0.6355504086178433
-66.93592825156222,-66.66143578526881,71.13458924527392,612,154,747,912,0.16885964912280702,0.8361878271860845,0.4284322915294752,0.8846621421057573,0.6305568927455907
-67.99256564532924,-66.74044254599202,71.42874904311111,556,181,734,912,0.19846491228070176,0.8304012068498248,0.419673371191595,0.88416634350884,0.62286995546458
-64.92877193630683,-66.7771230136814,71.61358924527391,610,157,737,912,0.17214912280701755,0.8313656435725347,0.4223267635645767,0.8746871446416584,0.6322417858187532
-57.922498287452306,-66.67812708992666,71.38450934635532,593,161,747,912,0.17653508771929824,0.8400455740769243,0.41495132575674776,0.8713688022275127,0.627829957368334
-55.674220685748786,-66.53326933858253,71.24318975068094,608,167,746,912,0.18311403508771928,0.8352233904633746,0.4202215463639477,0.8871688506300802,0.629193038475988
-66.26125761057845,-66.5586676209147,71.35610985176234,585,178,746,912,0.19517543859649122,0.8332945170179547,0.4267531097414124,0.871098325477876,0.6269433205891443
-71.75117840705826,-66.67252134661204,71.47018975068094,596,161,733,912,0.17653508771929824,0.8371522639087945,0.4260914311392135,0.8722419568337433,0.6430612201839747
-62.789766266842115,-66.60639518004997,71.31410985176234,570,172,733,912,0.18859649122807018,0.8342589537406646,0.4229423339778771,0.8758418381898232,0.6368156523810012
-50.813087349145235,-66.48218392689634,71.13218975068092,562,189,765,912,0.20723684210526316,0.8352233904633746,0.41322106773111966,0.8549377595801643,0.6482565907347689
-67.14535755214929,-66.46226480202574,71.41926964959951,607,159,750,912,0.17434210526315788,0.8352233904633746,0.4199338078056852,0.8826054889649845,0.625253166664754
-63.881389590040754,-66.40950722842071,71.28718975068092,587,166,733,912,0.18201754385964913,0.8381167006315045,0.42750386010334596,0.8761093043885322,0.6374493937388478
-65.54821130588593,-66.39290119309963,71.50434954851812,570,167,720,912,0.18311403508771928,0.828472333404405,0.42577928820047756,0.8893623612129825,0.6190202946113629
-73.32700461625818,-66.4668031235449,71.53726964959952,568,174,732,912,0.19078947368421054,0.8361878271860845,0.4150719311175827,0.8754808211048116,0.6318135293706856
-66.91407355859691,-66.50202027669259,71.41734954851812,608,156,751,912,0.17105263157894737,0.8352233904633746,0.4209602206298577,0.8867042324299034,0.6296625804710896
-74.55636050339028,-66.56540056514984,71.38226964959954,566,184,739,912,0.20175438596491227,0.8332945170179547,0.42661235303574485,0.8732264133767652,0.6374466316732522
-60.56830882734294,-66.53612232191708,71.38750934635532,568,180,740,912,0.19736842105263158,0.828472333404405,0.4234456915796923,0.8846189176315628,0.6239927166632145
-67.91429751130953,-66.56238076310348,71.26266914419251,576,167,728,912,0.18311403508771928,0.8304012068498248,0.42146071239838767,0.8655779459389654,0.6329162547314414
-72.05047207648904,-66.63295537746082,71.24458924527393,594,180,750,912,0.19736842105263158,0.8361878271860845,0.41237846849175214,0.8833215934563157,0.6297345299936903
-62.39622507565557,-66.65990108264086,71.27350934635533,573,182,744,912,0.19956140350877194,0.8294367701271149,0.41983538349989435,0.879036206400393,0.635109984528787
-69.69689219085461,-66.65597836806397,71.43566914419252,601,162,732,912,0.17763157894736842,0.8361878271860845,0.4233332782814143,0.882423662766446,0.6355252523764676
-61.86005900479752,-66.57712023662373,71.3615892452739,592,157,739,912,0.17214912280701755,0.8332945170179547,0.4202624065056653,0.885359034063299,0.6222314972391405
-66.61090619092485,-66.52635221826044,71.27642944743673,576,172,744,912,0.18859649122807018,0.8352233904633746,0.4203611199565156,0.8798563456118615,0.6264877635925864
-70.77544442844871,-66.63080434277845,71.27226964959954,589,161,743,912,0.17653508771929824,0.8429388842450541,0.4228094941869621,0.8860953160608577,0.6305890692882568
-70.33590199291322,-66.67890866711596,71.22718975068092,571,178,728,912,0.19517543859649122,0.8323300802952447,0.424088140212251,0.8758787428617755,0.6350607217997815
-73.53055338221978,-66.6414384306738,71.15510985176233,595,164,729,912,0.17982456140350878,0.8342589537406646,0.420285981453676,0.8796284150042393,0.6399789000756497
-64.16551927769663,-66.62636652622345,71.09702995284374,577,179,725,912,0.1962719298245614,0.8361878271860845,0.4266443958432893,0.8778746520560299,0.6316758834657074
-73.64353244118793,-66.70851401500758,70.88702995284375,570,179,707,912,0.1962719298245614,0.8400455740769243,0.4123900934758622,0.8681102525354684,0.635552774963425
-58.668751028590414,-66.66245956943946,70.79810985176236,589,173,753,912,0.18969298245614036,0.8342589537406646,0.4210343008502671,0.883958840284257,0.6265435662457541
-70.25973447813429,-66.6758912983642,70.72979025608797,597,161,742,912,0.17653508771929824,0.8410100107996342,0.41963956803119534,0.870911871154758,0.6385077719931099
-63.99109386645337,-66.71965943256579,70.67463045825077,596,158,744,912,0.17324561403508773,0.8294367701271149,0.417953251816242,0.8869745913802243,0.6217243961306024
-63.88775690029045,-66.68639226012422,70.60055055933218,579,163,738,912,0.1787280701754386,0.8323300802952447,0.4129938977283971,0.8799029806052259,0.6275114381361987
-67.27641591590081,-66.7592479166002,70.70163045825076,562,175,725,912,0.19188596491228072,0.8361878271860845,0.41616161801858575,0.863133430663883,0.6387056793467772
-65.36358487307054,-66.80786753699817,70.76979025608796,591,163,741,912,0.1787280701754386,0.8323300802952447,0.4136018424715335,0.8829204115172292,0.6232194723669863
-70.56333698355279,-66.91009581688951,70.73779025608796,584,171,731,912,0.1875,0.8294367701271149,0.4247147054024247,0.8843012904189598,0.6273806020605647
-65.75561016357172,-66.89983038311499,70.80647066041358,592,171,746,912,0.1875,0.8332945170179547,0.42418963620557537,0.8816176027889288,0.6351250485528771
-67.49904177374506,-66.82963409972031,70.53855055933218,579,168,742,912,0.18421052631578946,0.8304012068498248,0.42571543071714296,0.876328915542484,0.6249469522077208
-71.94032226064475,-66.86746288003623,70.59979025608796,567,194,738,912,0.21271929824561403,0.8313656435725347,0.4137608186084194,0.8694582337859923,0.6353214991562007
-61.943243371382636,-66.82246887213421,70.53487015500656,593,160,739,912,0.17543859649122806,0.8342589537406646,0.4220019598962064,0.888329199935443,0.6292099795708874
-66.70850743666523,-66.94619444355445,70.48987015500657,571,181,736,912,0.19846491228070176,0.828472333404405,0.41441986637325234,0.8817565147221994,0.6298490636259398
-74.83600250025137,-67.03798959996425,70.38602995284377,572,176,729,912,0.19298245614035087,0.8294367701271149,0.4246924424833158,0.8864943550467145,0.6185658815818784
-67.46687500011299,-67.02439643188006,70.09079025608797,571,180,735,912,0.19736842105263158,0.828472333404405,0.4209720618337616,0.875638150962637,0.6348285650581846
-68.9445274771781,-67.04556702758897,70.0216304582508,586,158,743,912,0.17324561403508773,0.8371522639087945,0.4232704827476063,0.8619067750645674,0.64313401180346
-69.37737564422227,-67.1230334530999,70.28063045825078,588,173,737,912,0.18969298245614036,0.8332945170179547,0.41576284587162204,0.874774575274683,0.6349560621624881
-68.76186061983995,-67.09877331668685,70.21071035716939,536,186,744,912,0.20394736842105263,0.8313656435725347,0.4171326295570323,0.8773941503705277,0.6324321160382983
-73.65260666392994,-67.1433528809415,70.07355055933219,540,204,724,912,0.2236842105263158,0.8313656435725347,0.4178024896349485,0.8712760989528094,0.6524724365726842
-62.22075204353121,-67.03362846975602,70.21147066041358,606,149,748,912,0.16337719298245615,0.8371522639087945,0.4178592597197111,0.8811417152447154,0.6301294501347682
-67.37086289582105,-66.9866310424837,70.26147066041358,566,185,744,912,0.20285087719298245,0.828472333404405,0.4225349570189215,0.8858588592822323,0.6325580745504952
-68.76165471864577,-66.9505590834134,70.029390761495,554,196,724,912,0.2149122807017544,0.8313656435725347,0.4210228848747189,0.8721319212214933,0.6382649461698192
-69.39086796159653,-66.90793133509625,70.0563108625764,585,179,743,912,0.1962719298245614,0.8332945170179547,0.4257182378038076,0.8852374274712876,0.6288349545077276
-64.25503789944399,-66.89328347434547,69.80931086257638,569,172,733,912,0.18859649122807018,0.828472333404405,0.4231083931831214,0.8841566577962102,0.629779329186859
-57.647098579992736,-66.80341493783278,69.6483108625764,597,165,753,912,0.18092105263157895,0.828472333404405,0.4262250393510723,0.8825724650962088,0.6271162653560368
-68.04333318002375,-66.7903946769874,69.7852309636578,546,188,740,912,0.20614035087719298,0.8323300802952447,0.4202729275327031,0.8809163805889808,0.623936838803712
-63.03173466102122,-66.7244925405897,69.7361510647392,551,196,725,912,0.2149122807017544,0.8342589537406646,0.4161136287746364,0.8698393447315619,0.6221144514923016
-61.177311489584355,-66.75865183233387,69.84639076149499,599,152,735,912,0.16666666666666666,0.8332945170179547,0.42247823521620115,0.8737852268049521,0.6261667776284505
-71.68928427012955,-66.76538493121046,70.110390761495,596,160,729,912,0.17543859649122806,0.8352233904633746,0.42256221481590045,0.8842814792733592,0.6233090636015796
-67.83766323589943,-66.74947015045815,69.58639076149498,576,194,724,912,0.21271929824561403,0.8313656435725347,0.41418329988376457,0.8462816443907933,0.6463134063131085
-66.08188057887497,-66.76128046168036,69.70423096365778,582,175,736,912,0.19188596491228072,0.8313656435725347,0.42255723774992915,0.8803812901892744,0.6269320035709653
-65.95323932431644,-66.75628504429686,69.37431086257638,570,170,734,912,0.18640350877192982,0.8371522639087943,0.4204710537370043,0.8786666857750757,0.6134048702511884
-68.27928394869024,-66.80740901318113,69.66615106473918,597,161,735,912,0.17653508771929824,0.8342589537406646,0.4253469022605474,0.8763461663199973,0.6396259309879703
-71.95896832045558,-66.76675249372535,69.75915106473921,581,169,730,912,0.18530701754385964,0.828472333404405,0.4228437114667478,0.8759185883158298,0.6268273118701494
-64.99015261990816,-66.76942260924781,69.9111510647392,604,159,732,912,0.17434210526315788,0.8390811373542144,0.42286991731351836,0.8747452327643851,0.6354058805592816
-71.09626583705798,-66.83807439549211,70.043991266902,591,173,735,912,0.18969298245614036,0.827507896681695,0.4176158029012334,0.8811006980699378,0.6313711837149149
-65.61438989642143,-66.78502154214604,70.05999126690202,582,177,740,912,0.19407894736842105,0.8304012068498248,0.4248527949510949,0.8854052530957413,0.6374367317795236
-65.93936897979417,-66.76111210188786,70.26199126690202,579,175,748,912,0.19188596491228072,0.8304012068498248,0.41577024463836854,0.87851099719325,0.633221781855022
-65.40030219213588,-66.72250360880625,70.28407116582062,585,179,720,912,0.1962719298245614,0.8304012068498248,0.4115740686266901,0.8761293012044399,0.6312753906806015
-60.495469490188036,-66.67012514778037,70.3849113679834,581,172,733,912,0.18859649122807018,0.8332945170179547,0.4177525523356987,0.8704259943065705,0.6337520349114423
-68.56277855035594,-66.70485925478195,70.3850711658206,576,166,720,912,0.18201754385964913,0.8352233904633746,0.42221683353443307,0.8921580019857043,0.61622849057623
-69.2894683052142,-66.70290318425546,70.4671510647392,591,166,735,912,0.18201754385964913,0.8332945170179547,0.423669964072239,0.886343994220025,0.6358723304217151
-68.74324349571994,-66.69859869253811,70.46291136798341,579,175,746,912,0.19188596491228072,0.8294367701271149,0.4287785985433702,0.8688197638041714,0.635282023775627
-65.05953871111737,-66.64556795899625,70.41159177230902,588,164,740,912,0.17982456140350878,0.8313656435725347,0.41784362924085194,0.8790579979099781,0.6313181569490852
-69.44333810756771,-66.66791487669576,70.58575157014621,566,181,736,912,0.19846491228070176,0.828472333404405,0.42045442940974476,0.8777889770546957,0.6248123967706272
-74.66821317927045,-66.81425481872355,70.64175157014621,575,186,736,912,0.20394736842105263,0.8342589537406646,0.42508243760712777,0.8702689325724299,0.6346244947795351
-72.26656447521496,-66.87099895167293,70.60167167122762,578,176,734,912,0.19298245614035087,0.8381167006315045,0.4216464338504062,0.875216864912585,0.6323324896981342
-59.042776417519875,-66.72828418641816,70.41951187339042,577,168,763,912,0.18421052631578946,0.8352233904633746,0.41829588016461766,0.8766877198360509,0.6253217395133089
-61.084762119146674,-66.6512270968465,70.68835207555324,590,165,747,912,0.18092105263157895,0.8371522639087945,0.427003374693091,0.878410517047263,0.6346463471724536
-69.05508338501193,-66.64045360798578,70.44235207555323,562,185,745,912,0.20285087719298245,0.828472333404405,0.42262626435201245,0.8808660493890762,0.6390367400604956
-65.94113873331227,-66.66699109990162,70.08643197447184,580,177,739,912,0.19407894736842105,0.8332945170179547,0.4169058333288502,0.8703185169867259,0.6292585151374316
-69.07482563790508,-66.71620287174329,69.97551187339045,552,182,739,912,0.19956140350877194,0.8255790232362751,0.4215570651933555,0.8820482459301129,0.6124806848420165
-64.58741085901129,-66.72920113571745,69.60951187339043,574,174,754,912,0.19078947368421054,0.8304012068498248,0.4271294316305233,0.8707648512395187,0.6474178430065761
-68.77460262489046,-66.80266159578584,69.70867167122763,609,171,743,912,0.1875,0.8361878271860845,0.4209557312560439,0.8769731175870733,0.6312862480158032
-64.36466213423871,-66.7953342778553,69.83099126690202,566,182,737,912,0.19956140350877194,0.8352233904633746,0.4127712742710574,0.862077191304398,0.6338474946094542
-73.44965740101817,-66.84825848892385,69.46883146906482,557,188,725,912,0.20614035087719298,0.8342589537406646,0.4206440898928605,0.8736896026963795,0.6212939525944484
-63.69773902292983,-66.86776517745827,69.38067167122763,544,196,743,912,0.2149122807017544,0.8313656435725347,0.4169357011811495,0.875830795437924,0.6315083842057787
-64.03217332283471,-66.75019457382592,69.42467167122763,576,177,740,912,0.19407894736842105,0.8294367701271149,0.4269905310324618,0.8780601867198281,0.6250974333615942
-60.80449482819299,-66.71267751966165,69.40035207555324,601,153,741,912,0.16776315789473684,0.827507896681695,0.4115947989617565,0.8805541642286419,0.6251873561502753
-72.43463656957209,-66.7811386283635,69.42727217663465,583,172,726,912,0.18859649122807018,0.8361878271860845,0.42359371694599535,0.8899343200790161,0.6225359659569619
-67.99593746572431,-66.86684980806923,69.71303247987885,583,177,748,912,0.19407894736842105,0.8342589537406646,0.42196523529870883,0.8838760795338506,0.6221798315294502
-64.88065045712517,-66.85460464171813,70.02703247987886,581,171,739,912,0.1875,0.8294367701271149,0.418027721846067,0.8818160596380578,0.6176341106750497
-67.00051559684448,-66.80019852288201,69.90419227771605,573,184,725,912,0.20175438596491227,0.8361878271860845,0.4193517477618925,0.8821767182331786,0.6295610901813206
-61.63524082770341,-66.81333546771315,69.96611237879745,583,186,746,912,0.20394736842105263,0.8323300802952447,0.4243156014875745,0.8684343715376371,0.6379962943186192
-65.62599376781668,-66.79456219759845,70.03095258096026,573,177,742,912,0.19407894736842105,0.8246145865135651,0.42968856761871227,0.8565402385069194,0.6416650026054188
-76.21507052676849,-66.89986370496783,70.04511237879746,600,174,731,912,0.19078947368421054,0.8361878271860845,0.42223379310947995,0.8844113048009934,0.6345648068704014
-68.32939257292347,-66.91211198316519,70.17811237879745,592,174,738,912,0.19078947368421054,0.827507896681695,0.41822083606492927,0.8914551979690004,0.6288167567807866
-68.0278624133042,-66.94207951061736,70.10235207555324,569,180,732,912,0.19736842105263158,0.826543459958985,0.4153493043088159,0.8754970761535491,0.631839314411362
-68.27930946063186,-66.98139662791493,70.24051187339045,596,176,736,912,0.19298245614035087,0.8410100107996342,0.4229259536279276,0.8738813801523402,0.636625191376151
-61.75795998424958,-66.86348485322273,70.21251187339044,594,175,741,912,0.19188596491228072,0.8342589537406646,0.40958981761305074,0.8767172986445549,0.6389246809511274
-61.18527897561859,-66.79585454861193,70.10443197447185,570,183,749,912,0.20065789473684212,0.8332945170179545,0.42259725503943607,0.8799448879361943,0.6304949112528502
-71.31156023724844,-66.83461083093245,70.15735207555325,600,174,726,912,0.19078947368421054,0.8371522639087945,0.4238065306569128,0.8849883618111868,0.6359585745769267
-68.93387339412993,-66.81311618628665,70.15859177230904,567,188,720,912,0.20614035087719298,0.8304012068498248,0.41670045288085444,0.8820320510070522,0.6330406669216994
-66.5662996583996,-66.76243406265786,69.97575157014622,579,160,731,912,0.17543859649122806,0.8313656435725347,0.4206744855449163,0.8735976521204197,0.6355977559174322
-59.37327101022762,-66.68680749024453,69.65983146906483,580,172,749,912,0.18859649122807018,0.8332945170179547,0.4272543124926014,0.8811105953814192,0.6265550809904438
-66.14857301103287,-66.66836756390157,69.68151187339043,584,171,734,912,0.1875,0.8332945170179547,0.41630588179056816,0.8746275857186653,0.6316213035496054
-64.69794082479373,-66.66605925278643,69.69251187339044,593,172,743,912,0.18859649122807018,0.8381167006315042,0.418711341410466,0.854118100198896,0.648645767530086
-79.07354224015212,-66.87756969231341,69.96911237879745,599,151,726,912,0.16557017543859648,0.8429388842450541,0.4251351292067385,0.8825807926290575,0.6313137983877258
-66.53274587925891,-66.98615494424853,69.93211237879746,588,171,742,912,0.1875,0.8352233904633746,0.4245518150638738,0.8864310166350653,0.6277094999527998
-65.41605682881256,-66.97770293643087,69.74111237879745,563,184,737,912,0.20175438596491227,0.8323300802952447,0.41736901368644247,0.8903049390870797,0.6306226052062898
-70.40529731415987,-66.96424412550189,69.89903247987885,610,160,727,912,0.17543859649122806,0.8371522639087945,0.4178853056461312,0.8876426532035161,0.6300073935232159
-68.18540426785445,-67.018200505512,70.11803247987885,589,174,747,912,0.19078947368421054,0.8265434599589851,0.4133498892871026,0.8620365721954908,0.6280521854575692
-69.02789007740203,-67.20034853279458,70.67011237879746,558,188,738,912,0.20614035087719298,0.827507896681695,0.41829408992420575,0.8842854285018125,0.6232806482405184
-64.91133311197727,-67.17800828839285,70.47003247987885,594,169,739,912,0.18530701754385964,0.8332945170179547,0.42509271147489147,0.8798142682113461,0.6344723377987705
-63.192793968212456,-67.17112233217458,70.36303247987885,569,183,744,912,0.20065789473684212,0.8323300802952447,0.42048521881186185,0.8762078201805563,0.629248165211111
-57.98022713697397,-67.09544249048545,70.45971288420448,594,169,745,912,0.18530701754385964,0.826543459958985,0.4124934144253841,0.8856596339058401,0.624067113098013
-63.46076925514305,-66.99678013687429,70.45171288420447,587,161,740,912,0.17653508771929824,0.8352233904633746,0.42183538775405927,0.8781165785232861,0.637554616510318
-70.383359902512,-67.03147300031344,70.44087268204166,553,192,755,912,0.21052631578947367,0.8294367701271149,0.41392730908722286,0.8865049667487496,0.60226768099459
-70.17566395945225,-66.98766603487407,70.35895258096025,588,176,737,912,0.19298245614035087,0.8371522639087945,0.42995927549283447,0.8731191732963762,0.6384782389060656
-62.48063839179479,-67.0067893305186,70.37679278312308,567,173,740,912,0.18969298245614036,0.8313656435725347,0.4172365650632356,0.8813671327738476,0.6287520085280496
-63.9008059332986,-66.96665441473849,70.48171288420447,567,180,735,912,0.19736842105263158,0.8332945170179547,0.41663057410862997,0.8772708104446406,0.6305565895036426
-62.920209746213565,-66.87535179143573,70.59263298528589,588,164,737,912,0.17982456140350878,0.8342589537406646,0.42661343619771774,0.8784142002218044,0.6345554505755874
-60.57447514932235,-66.85713429217239,70.60347318744869,580,174,728,912,0.19078947368421054,0.8332945170179547,0.4193467442152317,0.8853456259110026,0.6348048820818862
-68.74143643734627,-66.8475797346373,70.53447318744867,592,161,732,912,0.17653508771929824,0.8371522639087943,0.42382298517706773,0.8850374162125076,0.6385721689145507
-70.98802623864421,-66.93885940697578,70.5281535917743,551,176,729,912,0.19298245614035087,0.8361878271860845,0.43336041397061703,0.882127526407201,0.634218946362096
-66.30153512124332,-66.93576569627896,70.39207369285569,575,179,716,912,0.1962719298245614,0.8419744475223442,0.4176913061656152,0.888916791069096,0.6227370844150554
-62.696437994515534,-66.85497563193964,70.44007369285569,575,172,739,912,0.18859649122807018,0.826543459958985,0.4133802868531701,0.8656368126705113,0.6368312628204561
-56.75382477442988,-66.7191548597548,70.43423349069289,585,173,745,912,0.18969298245614036,0.8342589537406646,0.4137771283596147,0.8721634725654401,0.6406317386511138
-65.48617771410592,-66.63871110307366,70.10539328853008,560,184,727,912,0.20175438596491227,0.8294367701271149,0.42285429176515016,0.8935741458101311,0.6095260543299249
-69.16924149491265,-66.68874832524583,70.10331338961149,568,173,739,912,0.18969298245614036,0.828472333404405,0.4166027995235583,0.8697472774537767,0.6411602048029951
-58.02279625128007,-66.53254096334673,70.12039328853008,593,169,754,912,0.18530701754385964,0.827507896681695,0.424011095950796,0.8680210084485509,0.6299978264374344
-67.13935035278841,-66.61724695658873,70.20139328853008,565,183,731,912,0.20065789473684212,0.8294367701271149,0.4196171789936387,0.8829709602221912,0.6260607015883601
-70.56697999004028,-66.6203194117078,69.99655308636727,556,191,733,912,0.20942982456140352,0.8400455740769243,0.42274678934889953,0.8764575326860452,0.6246546057208914
-66.69620905512915,-66.64737056359455,69.94879278312307,568,190,730,912,0.20833333333333334,0.827507896681695,0.41851665098187374,0.8879018542324584,0.6256671279501571
-61.961514875256704,-66.6281081433442,69.84703247987885,581,169,740,912,0.18530701754385964,0.8304012068498248,0.4185084907674664,0.8786996138356907,0.6366617549991526
-66.52767266310528,-66.62062071081624,69.86203247987885,584,165,732,912,0.18092105263157895,0.8352233904633746,0.4219872909553237,0.8875607996401932,0.6360226295720702
-69.00331571498877,-66.65701801923542,69.77727217663464,585,180,744,912,0.19736842105263158,0.8332945170179547,0.41404225875669803,0.8824094516720594,0.6333879956902153
-67.88738365947334,-66.63025848599463,69.80335207555324,595,155,737,912,0.1699561403508772,0.8294367701271149,0.42371110067968903,0.8823386330692403,0.6344283622915029
-66.67395834558535,-66.63944196781478,69.80959177230902,567,194,718,912,0.21271929824561403,0.8381167006315045,0.42396896308542215,0.866812279744408,0.6287179462302306
-68.64151641432713,-66.6508667142206,70.03419227771606,621,148,740,912,0.16228070175438597,0.8342589537406646,0.42657803269328654,0.8784540333173495,0.6354689212628533
-65.00232019493369,-66.58148669356348,70.12711237879745,603,153,729,912,0.16776315789473684,0.828472333404405,0.41811801699346374,0.8804725292525579,0.6299180994640223
-58.78536481663047,-66.54990790801595,70.14535207555323,536,202,736,912,0.22149122807017543,0.828472333404405,0.4077486689528009,0.8614615109362417,0.6255733485464532
-71.26901579437386,-66.59551299159303,70.21235207555324,576,175,746,912,0.19188596491228072,0.8352233904633746,0.4223052359174665,0.8747627760757769,0.6421633785825691
-62.42620496768124,-66.47141501626731,70.15643197447183,569,175,739,912,0.19188596491228072,0.8323300802952447,0.4121282622143274,0.8721415107683295,0.6224580487764387
-66.98702427670023,-66.4666165090332,70.36443197447183,547,191,731,912,0.20942982456140352,0.8304012068498248,0.4138868360427955,0.8737512389489367,0.6328180397670933
-68.63819067348625,-66.46355314099628,70.33643197447182,596,166,727,912,0.18201754385964913,0.8381167006315045,0.4212479387327501,0.8822948278674373,0.6299743304069142
-67.60738407071183,-66.44585322526119,70.25651187339041,556,186,734,912,0.20394736842105263,0.8313656435725347,0.41701180250582687,0.8807961778858386,0.6265924698504287
-63.738623084410285,-66.3956208499069,70.12351187339041,562,182,732,912,0.19956140350877194,0.8294367701271149,0.42410659828227654,0.8757264321948361,0.6337453697909495
-66.01959884617885,-66.3192907717294,70.26643197447183,581,170,737,912,0.18640350877192982,0.8294367701271149,0.41821360009682496,0.8831169211655961,0.6267176580550706
-67.22934257137537,-66.36937667700784,70.17259177230902,555,188,739,912,0.20614035087719298,0.8294367701271149,0.4286034030712693,0.8625925934911676,0.6199063140326414
-64.92596784056022,-66.34492772645523,69.97143197447184,573,185,745,912,0.20285087719298245,0.8352233904633746,0.42734239362433124,0.8826744396647895,0.631261049779032
-69.17005355022438,-66.34901171477101,70.19643197447184,579,170,748,912,0.18640350877192982,0.8323300802952447,0.4238291755300814,0.8637486119461056,0.6432461700695329
-67.51049980013859,-66.33020803315644,70.12675157014623,591,161,740,912,0.17653508771929824,0.8342589537406646,0.41460747525978814,0.8769824609586668,0.6320942471245603
-62.248552325418004,-66.31014317741617,70.05083146906482,571,178,738,912,0.19517543859649122,0.8332945170179547,0.4163271879894122,0.888808786570651,0.6292656823212808
-60.210006735459594,-66.33577225897083,70.25667167122764,590,164,754,912,0.17982456140350878,0.8352233904633746,0.42172081162190994,0.8782739060114384,0.6269790265058148
-69.86390183776895,-66.35397794554828,70.33891136798341,590,167,742,912,0.18311403508771928,0.828472333404405,0.4194054677688966,0.889160944693311,0.6331269755547133
-62.72742910270448,-66.35093488996512,70.655991266902,596,156,733,912,0.17105263157894737,0.8313656435725347,0.41062614861438324,0.8777582941495607,0.6304577175877388
-67.51855926089401,-66.4143473676782,70.69791136798341,589,165,740,912,0.18092105263157895,0.8410100107996342,0.4276126926953141,0.8809576192417844,0.6255930118177212
-66.11885454805049,-66.35864307045743,70.41183146906482,562,174,728,912,0.19078947368421054,0.8323300802952447,0.4143450419517959,0.8753609185037993,0.6393798031800286
-65.78054181165675,-66.33807185621501,70.63283146906481,578,167,730,912,0.18311403508771928,0.8352233904633745,0.41417032145465715,0.8843253322307757,0.6330146215456265
-62.42316185974671,-66.30148466902372,70.32375157014623,553,192,734,912,0.21052631578947367,0.8323300802952447,0.4162397279154243,0.8793861519129802,0.6338316874288538
-58.079640768730876,-66.22274868346787,70.40883146906481,599,163,735,912,0.1787280701754386,0.8313656435725347,0.41811796126522144,0.8730784511298878,0.639939445927423
-59.88756558691103,-66.13883149985008,70.07107116582061,585,177,742,912,0.19407894736842105,0.8294367701271149,0.41218977336034673,0.8820390906630138,0.6289333775679453
-66.07465968550076,-66.07998841350053,70.1633108625764,607,160,736,912,0.17543859649122806,0.828472333404405,0.41912757958632324,0.8841177469853481,0.6254711634935609
-73.58614655442194,-66.16594835284567,70.17139076149499,563,192,735,912,0.21052631578947367,0.8371522639087945,0.41984879411902715,0.8719965107823701,0.6333367477544908
-68.98854384031145,-66.14487113287821,69.7312309636578,567,196,741,912,0.2149122807017544,0.8361878271860845,0.4249739936609269,0.8580236406056897,0.6321477868731278
-65.90448540529162,-66.1477720879669,69.4082309636578,590,173,753,912,0.18969298245614036,0.8304012068498248,0.42465158993741486,0.8821812318702705,0.6270609003690978
-65.23176436963676,-66.14069604186533,69.3663108625764,587,163,742,912,0.1787280701754386,0.8313656435725347,0.41824074047637483,0.8822036776325546,0.6276628301139332
-68.86357744582986,-66.17532879440226,69.1681510647392,586,172,738,912,0.18859649122807018,0.8332945170179547,0.429159406180036,0.8807872541171303,0.64163741145599
-73.36165792591387,-66.30399067875953,69.22823096365781,600,162,736,912,0.17763157894736842,0.8342589537406646,0.4221218151406997,0.8866141316277981,0.6245308737741048
-61.131943451784004,-66.2296823277738,69.12807116582061,577,175,741,912,0.19188596491228072,0.8323300802952447,0.4212946566697608,0.8747119884219265,0.6287010817315287
-64.04574256052547,-66.17724507032692,68.73831086257641,573,179,738,912,0.1962719298245614,0.8304012068498248,0.4206243205511259,0.871352101858267,0.6365511648393376
-60.598437907904845,-66.09579701444876,68.8584706604136,588,171,751,912,0.1875,0.8323300802952447,0.4259274759807334,0.8759458068566296,0.6351998622664324
-65.90989628948957,-66.10430059023248,69.14187015500659,615,145,737,912,0.15899122807017543,0.8304012068498248,0.41555077634703247,0.8840812250705447,0.6340923151206311
-68.56592204744817,-66.09552642963129,68.96655055933219,571,177,735,912,0.19407894736842105,0.8323300802952447,0.4175908245942559,0.8765710329852658,0.6298904447219815
-62.80958362476586,-65.97694013408625,69.1043108625764,615,147,747,912,0.1611842105263158,0.843903320967764,0.4212230553236671,0.885107301411883,0.6301411028364726
-60.359067925147386,-65.85786516858556,69.22247066041359,614,154,752,912,0.16885964912280702,0.8352233904633746,0.42367279754956383,0.8789928766037213,0.632050300472559
-68.80281839322697,-65.95546558834263,69.2561510647392,579,175,737,912,0.19188596491228072,0.8390811373542144,0.42592850171978686,0.8787890204318951,0.619190848304922
-67.3972996302061,-66.01859096345324,69.3311510647392,585,175,734,912,0.19188596491228072,0.8304012068498248,0.42281654790594325,0.8885588462658585,0.6228520849668305
-74.97056195532195,-66.07774574915634,69.2791510647392,581,174,731,912,0.19078947368421054,0.8352233904633746,0.427167376004702,0.8724094186744026,0.6372988749992478
-63.63578416612608,-66.05469220348448,69.55439076149499,601,157,728,912,0.17214912280701755,0.8332945170179547,0.41635405879456444,0.8718281805517157,0.6402320740296972
-71.05607615657198,-66.07450470867113,69.7290711658206,599,154,728,912,0.16885964912280702,0.8361878271860845,0.4272574111058067,0.8815500104601517,0.6288001629925288
-63.7321256169988,-66.06595185625102,70.0203108625764,591,170,743,912,0.18640350877192982,0.8294367701271149,0.4159786710795793,0.8715191826133086,0.6421466231696742
-65.04213731583735,-66.02862720316048,69.84931086257639,578,172,732,912,0.18859649122807018,0.8313656435725347,0.41468031087174373,0.8819086532658726,0.6335803366352178
-63.181489585426675,-66.01679547767236,70.05807116582058,576,175,745,912,0.19188596491228072,0.828472333404405,0.42242727373265687,0.885260531888656,0.6331339173770639
-71.90835498381918,-66.00138245350037,70.12999126690198,577,174,730,912,0.19078947368421054,0.8342589537406646,0.41676317080871844,0.8778150575432906,0.6267151632695923
-66.90907563900277,-66.0334958196611,70.34599126690199,566,181,736,912,0.19846491228070176,0.8361878271860845,0.4222910666161728,0.8650758330991116,0.634743242866186
-66.75323842463237,-66.06070647067907,70.07283146906481,567,178,737,912,0.19517543859649122,0.8246145865135651,0.4201085697330991,0.8334879766599869,0.6152583459673914
-63.17854298966022,-66.08444695229375,70.12683146906483,563,183,734,912,0.20065789473684212,0.827507896681695,0.41999825604621976,0.8769592753253231,0.6400048659279599
-66.31804850532995,-66.02328107165133,69.7918314690648,583,165,735,912,0.18092105263157895,0.8304012068498248,0.41849280923270255,0.8535116155626246,0.6487412012322954
-67.73645616052802,-66.02068625859937,69.64183146906483,556,189,739,912,0.20723684210526316,0.8342589537406646,0.4227349807042921,0.8793612622859658,0.6116366028785557
-69.95018996890188,-66.07138165371714,69.64975157014622,580,174,732,912,0.19078947368421054,0.8352233904633746,0.42699696488282,0.8860290074594007,0.6256001829525751
-69.97624861125499,-66.10113898386123,69.83683146906482,606,157,738,912,0.17214912280701755,0.8265434599589851,0.41375546983959266,0.8867952238547909,0.6360792909971752
-63.467995196761024,-66.11946652755182,69.8481510647392,566,179,741,912,0.1962719298245614,0.8352233904633746,0.42465344399658744,0.8712675705942273,0.6331370938607399
-61.160822375420004,-66.07481481362785,69.8890711658206,591,169,744,912,0.18530701754385964,0.8332945170179547,0.41846726074184726,0.8698716090181543,0.6322431695127554
-62.689704887843945,-65.9395611572386,69.9529113679834,609,154,738,912,0.16885964912280702,0.8400455740769243,0.4148946682868269,0.8779339535858836,0.6185020941339411
-66.46704963283032,-65.92093772783767,69.95083146906481,579,175,744,912,0.19188596491228072,0.8342589537406646,0.4286639156858905,0.8649983320588501,0.6367735644418794
-78.01451046244722,-66.0208042083291,70.24959177230902,626,148,739,912,0.16228070175438597,0.8429388842450541,0.4135301731295259,0.8876119990112059,0.6304659075531598
-68.80930371407278,-66.0261041508635,70.08119227771604,577,177,731,912,0.19407894736842105,0.8342589537406646,0.41996975879519943,0.8803112248153941,0.6306667207542165
-66.32155639711213,-66.07174011499214,69.97927217663464,577,180,746,912,0.19736842105263158,0.8332945170179547,0.42432646872278607,0.8918355210163568,0.6196173131787922
-66.94697647144541,-66.1293570899504,69.91327217663464,559,180,741,912,0.19736842105263158,0.8313656435725347,0.41852502523767127,0.8831559801768876,0.6300653962464207
-72.49611782034668,-66.14120266578139,69.90727217663463,573,175,737,912,0.19188596491228072,0.8352233904633746,0.42501178150119867,0.8891657132116708,0.6285011958109796
-65.9784505975184,-66.11164843781529,70.02603247987885,596,163,737,912,0.1787280701754386,0.8352233904633746,0.4179892141030208,0.8896083984743268,0.6280062980881123
-73.64424511899519,-66.18242789242123,70.16419227771603,561,193,726,912,0.21162280701754385,0.8304012068498248,0.41138576890543255,0.8675214286842353,0.6236298120295674
-59.472733750301465,-66.18342251982197,70.34943197447183,559,190,749,912,0.20833333333333334,0.827507896681695,0.4224628537576876,0.8493324480098351,0.6340228185032332
-63.23472795710354,-66.15428406928268,70.51935207555321,577,170,741,912,0.18640350877192982,0.8294367701271149,0.422319686836393,0.8589107130391754,0.6260953064346125
-71.30966442632993,-66.22040130529803,70.54935207555323,620,159,732,912,0.17434210526315788,0.8371522639087945,0.4170173287777987,0.8721835228685695,0.6414981673469334
-60.994549975616366,-66.03961138265268,70.35259177230901,559,189,755,912,0.20723684210526316,0.8294367701271149,0.428515327862546,0.8737429649008117,0.6421642276600549
-65.24315195571552,-66.02671544341725,70.22767167122761,579,164,735,912,0.17982456140350878,0.8332945170179547,0.4220513850131597,0.8842774785193669,0.6337101552506523
-68.60975095799931,-66.05865238470912,70.60659177230902,623,147,744,912,0.1611842105263158,0.8419744475223442,0.4152494067214758,0.8844327685941816,0.6286581396650898
-80.45750597625235,-66.15917447133005,70.47583146906481,617,166,738,912,0.18201754385964913,0.8361878271860845,0.4214941282660514,0.8824462083783539,0.6315961953944484
-70.85165876293557,-66.18583701628084,70.46091136798341,581,175,731,912,0.19188596491228072,0.8352233904633746,0.42358834909979504,0.8720463013609056,0.6361700501330003
-65.17627608326693,-66.1473208763395,70.29067167122763,570,185,727,912,0.20285087719298245,0.8294367701271149,0.4296155830609061,0.8756431310045035,0.63766572191542
-64.58180548061668,-66.14402560002588,70.25475157014621,568,176,746,912,0.19298245614035087,0.8304012068498248,0.4191324247616102,0.8779644505723825,0.6308168185844126
-66.03778264774691,-66.17247548682124,70.19183146906482,573,174,728,912,0.19078947368421054,0.8361878271860843,0.4196010230649922,0.873497197600452,0.628240495605633
-70.79193983506327,-66.30059261380212,70.17515106473923,581,172,726,912,0.18859649122807018,0.8352233904633746,0.42850642262656685,0.8787484277863893,0.6362214126635308
-62.23266108053798,-66.28831153205607,69.92707116582062,578,171,744,912,0.1875,0.8361878271860845,0.41888721276714147,0.8865993141383525,0.6214468381241801
-69.69518126174007,-66.28142974564835,70.04999126690203,577,179,740,912,0.1962719298245614,0.8304012068498248,0.4249969992012618,0.880404375305806,0.6312347346004294
-68.43347892063613,-66.26400789526019,70.06207116582063,564,179,738,912,0.1962719298245614,0.8255790232362752,0.4134329501594581,0.8788187345352044,0.6308717801447657
-66.18772983430271,-66.30107880968527,69.92007116582063,565,187,748,912,0.2050438596491228,0.8352233904633746,0.4279669230395715,0.8829762352852649,0.6018578719294791
-75.5501399375937,-66.41757214972822,69.96423096365781,554,192,726,912,0.21052631578947367,0.8381167006315045,0.4212574487440695,0.8685799635112742,0.6397518286535101
-65.8617255000564,-66.44698730726664,69.92015106473922,560,186,748,912,0.20394736842105263,0.8361878271860845,0.41993183087936603,0.8724219698352278,0.628108920696535
-69.00713655615347,-66.53131392133496,69.95831086257641,579,169,737,912,0.18530701754385964,0.8313656435725347,0.41416096682585657,0.8711952391422003,0.6436713139783591
-70.608091460795,-66.54998047156944,69.903390761495,586,170,738,912,0.18640350877192982,0.8342589537406646,0.42138391784018225,0.8776893343465523,0.636954688534629
-66.248680879485,-66.50258701797786,69.8344706604136,561,186,721,912,0.20394736842105263,0.8361878271860845,0.4170259499250614,0.8739502319402045,0.6406612370677347
-64.76474055957324,-66.48721907236116,70.10371035716939,613,154,752,912,0.16885964912280702,0.828472333404405,0.41301431267680605,0.8799815973049387,0.6327853440740908
-73.81347495436803,-66.59838944195968,70.0756304582508,604,158,720,912,0.17324561403508773,0.8342589537406646,0.4259395579998857,0.8689835363443642,0.6515815333981084
-62.65995723079111,-66.6574507665233,70.04947066041359,589,165,748,912,0.18092105263157895,0.8284723334044051,0.4168312658796388,0.8718197166579896,0.6413594367887308
-69.161840379236,-66.69420739317461,70.19155055933221,553,181,732,912,0.19846491228070176,0.8381167006315045,0.41538133244827763,0.8740239396052605,0.628934900092723
-68.63082292771594,-66.68882320750264,70.29779025608799,560,186,729,912,0.20394736842105263,0.8390811373542144,0.41438179892425936,0.8591073706596952,0.6214344180004708
-63.66725881621454,-66.74526783315198,70.30387015500658,560,180,742,912,0.19736842105263158,0.8332945170179547,0.4180972388587866,0.8741875330195077,0.6321874953141123
-73.44405817099207,-66.80831491133402,70.307790256088,581,164,727,912,0.17982456140350878,0.828472333404405,0.41808614515909076,0.8835787710244168,0.6338682123980756
-68.92809587890079,-66.79192607022262,70.66271035716939,622,156,738,912,0.17105263157894737,0.8352233904633746,0.42017806429222154,0.8784543605922379,0.6335201139874609
-76.089163047714,-66.88585561014847,70.662390761495,593,172,731,912,0.18859649122807018,0.843903320967764,0.42916431607814165,0.880927641921331,0.6323201347977706
-61.85335663480949,-66.884774027744,70.8263108625764,583,172,728,912,0.18859649122807018,0.8313656435725347,0.42026389337472847,0.8772286883546924,0.6365280816339208
-66.44808348655717,-66.88397813597851,70.77231086257639,539,204,725,912,0.2236842105263158,0.827507896681695,0.42365201851774703,0.8764722747625305,0.6280837522506547
-61.07527171497375,-66.80469769597836,70.87207116582061,597,157,736,912,0.17214912280701755,0.8323300802952447,0.42482365911859316,0.8797101864794955,0.6224484667412261
-67.37775316630858,-66.7996013910467,70.7961510647392,560,192,735,912,0.21052631578947367,0.8381167006315045,0.42123136040115944,0.8644778156608912,0.6325072494473235
-73.78192748949802,-66.87068108248585,70.87723096365781,591,170,725,912,0.18640350877192982,0.8342589537406646,0.4198074489692546,0.8692500136323669,0.6281148212159274
-59.695229365096,-66.78121821199353,70.77855055933219,607,148,734,912,0.16228070175438597,0.828472333404405,0.4116031310221852,0.8849006465459858,0.6323883837352261
-52.7899383909458,-66.65909439395365,70.3024706604136,566,176,744,912,0.19298245614035087,0.8313656435725347,0.4167450456880536,0.881026008342288,0.6134624627382713
-67.01997659585088,-66.74144051174586,70.6252309636578,576,183,740,912,0.20065789473684212,0.8361878271860845,0.42786337038479255,0.862850393900861,0.6386651413582743
-58.19919079330913,-66.6107422617352,70.35307116582061,573,180,742,912,0.19736842105263158,0.8342589537406646,0.41195724930040833,0.8710164954320115,0.6111087839949249
-68.36266550773055,-66.6701068671357,70.48891136798342,572,173,745,912,0.18969298245614036,0.828472333404405,0.4099330201815594,0.8805996859078835,0.6177150537637188
-61.152552204052505,-66.61176214640923,70.52483146906482,562,170,747,912,0.18640350877192982,0.8323300802952447,0.4165042039374787,0.8717783890869809,0.6260438372556717
-69.64074453718517,-66.62178768504621,70.49583146906483,597,165,734,912,0.18092105263157895,0.8381167006315045,0.4223874731286628,0.8783311845811563,0.6317516221367117
-62.99173529477922,-66.5756311972869,70.78975157014622,615,154,742,912,0.16885964912280702,0.8323300802952447,0.4123735310260812,0.8866904758949784,0.6254419371804092
-69.12532138879625,-66.62949818033076,70.75167167122763,572,181,731,912,0.19846491228070176,0.8352233904633746,0.42239802822121564,0.8834021210457936,0.6388935269856032
-74.11672598542758,-66.71046945172324,70.71967167122762,591,166,726,912,0.18201754385964913,0.8371522639087945,0.417770826733031,0.8857290227797612,0.6303259923921755
-74.84089485301352,-66.78658497453962,70.94751187339043,572,172,728,912,0.18859649122807018,0.8458321944131838,0.42122230181631876,0.8616162673428027,0.6362287460127214
-62.52801134602956,-66.7626054095943,71.03575157014622,578,171,746,912,0.1875,0.8381167006315045,0.4280291628286464,0.8774407617294022,0.6218751369811133
-62.38826078269598,-66.69478748191902,70.96667167122762,613,156,741,912,0.17105263157894737,0.8400455740769243,0.4150592541640314,0.8787292669118268,0.6288088236980115
-66.24072626925927,-66.68208974661023,71.01159177230902,575,165,753,912,0.18092105263157895,0.8323300802952447,0.4155408282788267,0.8913623165319183,0.6100276282006606
-62.02514036327569,-66.67985562698883,71.1128314690648,591,160,745,912,0.17543859649122806,0.8332945170179547,0.419728483024493,0.8880039865693642,0.6365401707087027
-66.64183217605094,-66.74417388139473,71.16799126690199,601,161,741,912,0.17653508771929824,0.8313656435725347,0.42060633632447675,0.8798372998602345,0.6365815263444146
