-43.62180053915662,-43.62180053915662,17.807737188350735,1194,262,1295,1594,0.164366373902133,0.7918237379414271,0.43248111265706884,0.8641666978782073,0.3162291502729341
-35.016599263557865,-39.31919990135724,11.869722026140206,1206,256,1300,1594,0.1606022584692597,0.7831438074370377,0.4203486193453234,0.8584143672785052,0.3115837880633029
-35.45695121891833,-38.031783673877605,15.187720341450165,1203,250,1303,1594,0.15683814303638646,0.7841082441597477,0.42438551021720994,0.8755567246405521,0.31903673586491726
-40.48829400248694,-38.64591125602993,14.123716972070039,1171,294,1281,1594,0.18444165621079048,0.7918237379414271,0.4185641518252712,0.8562678159500097,0.31776694417589907
-39.69415584739897,-38.85556017430374,14.482118993698103,1187,266,1302,1594,0.1668757841907152,0.7831438074370377,0.4284962924630981,0.8777301047732721,0.31979538450119704
-41.07048962151546,-39.22471508217236,16.635057044163624,1159,289,1311,1594,0.18130489335006272,0.7860371176051676,0.42595605112779317,0.8777361693187916,0.32735197513258657
-37.63631659850773,-38.997801013077414,17.844298508781844,1189,279,1296,1594,0.17503136762860727,0.7870015543278776,0.429082507229593,0.8500474258820545,0.3094406083746491
-41.57929090423365,-39.320487249471945,17.453227080210407,1161,301,1278,1594,0.18883312421580928,0.7831438074370377,0.4241927303634496,0.8681713495885135,0.3180934584603531
-39.77191530470928,-39.3706459222761,17.857508227368307,1171,275,1281,1594,0.1725219573400251,0.7937526113868472,0.4231850548571727,0.8799532559223257,0.3208486586930239
-38.89861641203827,-39.32344297125231,18.554129101838488,1166,267,1294,1594,0.16750313676286072,0.7860371176051676,0.42100199694356044,0.8652431077013847,0.31227402204431315
-36.82278284985007,-39.09611023294302,18.742273453677722,1174,269,1284,1594,0.16875784190715182,0.7850726808824576,0.41820414390805405,0.8610818244394673,0.3199021977690046
-40.56227399904921,-39.2182905467852,18.606062098233803,1169,281,1280,1594,0.17628607277289837,0.7831438074370377,0.4270829595249944,0.8674223403179625,0.3109500439805654
-37.27894208943748,-39.069109896219985,18.538189396221206,1137,305,1275,1594,0.19134253450439148,0.7841082441597476,0.4257576381962203,0.8677734498374438,0.3078789334241144
-40.997601393067505,-39.20685928885195,19.334872825393376,1160,291,1280,1594,0.18255959849435383,0.7860371176051675,0.41916152952105623,0.8589675321729063,0.3000591874312904
-41.2804655797997,-39.34509970824847,19.153063782923866,1151,301,1283,1594,0.18883312421580928,0.7908593012187172,0.4264268812384231,0.8553533132282402,0.30896956350383237
-33.36705222752018,-38.97147174070295,18.9637296072455,1204,247,1303,1594,0.1549560853199498,0.7831438074370376,0.42965515573933477,0.8710355826761232,0.3299332882546147
-35.52128849634274,-38.76851978515236,19.16584829484819,1199,260,1300,1594,0.16311166875784192,0.7889304277732975,0.42848081527256365,0.8557424234328664,0.30759309793174033
-36.93511132132029,-38.66666375938391,19.557508227368313,1191,260,1298,1594,0.16311166875784192,0.7908593012187174,0.43129480434033973,0.8683965130617524,0.31638427140844955
-42.340894000163026,-38.86004429837228,19.413203956465264,1165,285,1291,1594,0.17879548306148055,0.7879659910505873,0.42407437673012277,0.8785540952018714,0.3274626321815671
-37.34806490529045,-38.78444532871819,18.9687296072455,1188,262,1292,1594,0.164366373902133,0.7850726808824576,0.4233144339025116,0.8735902463335541,0.3277739800771571
-34.747808978554275,-38.59222455013896,19.04201568253623,1172,278,1302,1594,0.17440401505646172,0.7831438074370376,0.4175697748749327,0.8753304044057013,0.3208232062148911
-42.292511607908494,-38.76041941640121,19.131366660073255,1167,279,1303,1594,0.17503136762860727,0.7918237379414271,0.4247677957023506,0.8594957580688778,0.3159339131777419
-35.075895115112964,-38.60022270764955,19.178512765296606,1152,293,1284,1594,0.18381430363864493,0.778321623823488,0.4176581445870084,0.8715283862876083,0.3253199124593091
-32.31192853673547,-38.33821045052812,19.218229186072985,1180,273,1299,1594,0.171267252195734,0.7898948644960074,0.42917320574675216,0.8661147447196543,0.31486209615906163
-36.45746630176797,-38.26298068457772,19.430129101838485,1150,288,1309,1594,0.1806775407779172,0.7850726808824576,0.4289822283742479,0.8706768157149454,0.3187294660605269
-35.919274670953385,-38.172838145592166,19.617422109325126,1201,252,1291,1594,0.15809284818067754,0.779286060546198,0.4206910674702267,0.8638376305151647,0.3187243087239914
-43.617943590252885,-38.374508717616635,19.746397116257203,1164,289,1297,1594,0.18130489335006272,0.7918237379414271,0.43012905971094895,0.8654109148457027,0.3110732369815311
-46.65738108603909,-38.67032558791744,19.727159261689113,1158,288,1282,1594,0.1806775407779172,0.7870015543278774,0.4226553882618971,0.8968704439687359,0.34084357951542493
-33.80030839061116,-38.50239396042412,19.736007822071276,1201,261,1329,1594,0.16373902132998747,0.7870015543278776,0.427511920108384,0.872156063954597,0.3196939775345141
-38.459417116897875,-38.500961398973246,19.295065467613924,1190,257,1300,1594,0.16122961104140526,0.7898948644960072,0.42382317733851377,0.8745501995804797,0.31189901902407835
-33.350330062301936,-38.33481200101611,19.305924867495076,1201,242,1291,1594,0.15181932245922208,0.7870015543278776,0.42904809514092945,0.8738758831530998,0.3300509364929653
-37.467592907111225,-38.30771140433157,19.59635681840121,1206,255,1304,1594,0.1599749058971142,0.7870015543278774,0.4316947483457461,0.861165276121294,0.30154682904107655
-37.10520783923322,-38.27127190235889,19.214883496278464,1182,269,1300,1594,0.16875784190715182,0.7918237379414271,0.4188905495038718,0.8670570598315397,0.3108953794860498
-38.16767604797691,-38.26822496546531,18.891378895805875,1174,275,1294,1594,0.1725219573400251,0.7889304277732972,0.42679997503389844,0.8594636218871571,0.30918140350287054
-40.5143601295124,-38.33240025586665,18.72967398060941,1143,296,1308,1594,0.18569636135508155,0.7898948644960072,0.42238594496353543,0.8718694222531549,0.3254167134764398
-42.20359868366523,-38.43993354552772,18.901730730372208,1166,290,1269,1594,0.18193224592220827,0.7889304277732972,0.425062830219534,0.866844078205908,0.3149310793685285
-44.66612050809661,-38.60820886884039,18.926649277445122,1185,265,1301,1594,0.16624843161856964,0.7966459215549767,0.41767104380393577,0.8760104488759596,0.32014186550662194
-39.096821749152994,-38.62106710253283,18.79941528079213,1144,274,1301,1594,0.17189460476787954,0.7927881746641371,0.42279848283470106,0.8116411349262019,0.2711279645072454
-43.30254233945577,-38.741104929120596,18.61224430683569,1166,287,1269,1594,0.18005018820577165,0.7889304277732975,0.4266278603730656,0.8667654587158932,0.310506372939829
-37.854120466235386,-38.71893031754847,18.749831376170064,1174,264,1287,1594,0.1656210790464241,0.7812149339916179,0.41935592435597485,0.8828974312569491,0.3172005303939211
-27.66616174979653,-38.449350596383795,18.405292000460307,1212,243,1320,1594,0.15244667503136763,0.7860371176051676,0.42299048877290124,0.8722869426328542,0.31534790641411586
-28.40692012697346,-38.21024510901688,18.08668307121292,1160,266,1303,1594,0.1668757841907152,0.7860371176051676,0.41842214088772917,0.8343735635937594,0.3105366394893106
-34.0661309292334,-38.11387036064983,18.209685270043135,1184,260,1286,1594,0.16311166875784192,0.7860371176051676,0.42952554061621623,0.8577247839844172,0.31125986839098796
-42.39280629841339,-38.211118904689904,18.353730755897814,1165,279,1272,1594,0.17503136762860727,0.7841082441597477,0.4282704796831852,0.8646388299785356,0.31326707372281826
-34.567148400345616,-38.13014178237115,18.38124245920301,1172,292,1300,1594,0.18318695106649938,0.7879659910505875,0.4236073975120177,0.8614504968540203,0.33237100915763634
-39.08563080337124,-38.150913282827666,18.44303538339577,1173,284,1274,1594,0.178168130489335,0.7879659910505875,0.42456387064868106,0.8656279549051674,0.32747771147104426
-39.69981921359563,-38.183868728163155,18.656667981893136,1230,222,1302,1594,0.13927227101631118,0.7956814848322671,0.4277817020721941,0.8730497840648562,0.31580182099941206
-30.68301297417826,-38.02760089995514,18.436732134280593,1154,298,1297,1594,0.18695106649937265,0.7850726808824576,0.4192675239208375,0.8346605751983969,0.2990021843706956
-30.615174012630828,-37.87632688184648,18.377282845255888,1192,255,1310,1594,0.1599749058971142,0.7870015543278774,0.42186608259785663,0.8722065334918115,0.31646314215954024
-31.65040354062549,-37.75180841502206,18.112051729954977,1174,272,1302,1594,0.17063989962358847,0.7870015543278776,0.4221058848119946,0.8442724074650169,0.29170469609960514
-38.007608388334816,-37.756824100773294,18.176516348906667,1174,297,1292,1594,0.1863237139272271,0.7860371176051676,0.42582817239156295,0.862285150463086,0.31906851362668376
-39.20067484931194,-37.78459046132211,18.240270984593682,1173,277,1304,1594,0.1737766624843162,0.793752611386847,0.4245871493876265,0.8763221273382958,0.32658915527104476
-38.69439493978027,-37.80175658355717,18.375506195985327,1166,271,1308,1594,0.17001254705144292,0.7860371176051675,0.4276126935972501,0.8647204472197102,0.31134567919204525
-39.56807648479821,-37.834466211357935,18.17313916731243,1155,301,1263,1594,0.18883312421580928,0.7841082441597477,0.42746425757084155,0.8656967843213463,0.3070423602124662
-43.74009317464522,-37.941841247054064,18.01784039816002,1156,294,1287,1594,0.18444165621079048,0.7850726808824576,0.4216029689644158,0.8858256694733065,0.327101470182313
-33.50100311523926,-37.8625405661288,18.115874269413425,1209,245,1293,1594,0.1537013801756587,0.7879659910505875,0.43040201450376026,0.8787615527148446,0.3211107786904168
-44.396049027071655,-37.97716352158393,17.999942039921095,1146,306,1263,1594,0.191969887076537,0.7908593012187172,0.4237503395901976,0.8788159625948627,0.3259324360214682
-36.631154780552514,-37.95395647432477,17.926351778266074,1179,270,1293,1594,0.16938519447929737,0.7841082441597476,0.42153085181776195,0.8648121093945679,0.30541607605575405
-40.76498342125385,-38.00160099884899,17.985222888744463,1201,262,1280,1594,0.164366373902133,0.7889304277732975,0.42808111722647546,0.8782718111069401,0.32153353837956483
-39.04167117379728,-38.018935501764794,17.9622647937379,1161,280,1302,1594,0.17565872020075282,0.7841082441597477,0.42613793490004626,0.8793472308825185,0.3300884977807157
-38.83052351814851,-38.03224022334486,17.90878090034041,1149,306,1293,1594,0.191969887076537,0.7889304277732972,0.4221014130471882,0.8733508592149182,0.32061225853544073
-39.05169469622214,-38.048683037423515,17.97502196775767,1183,276,1281,1594,0.17314930991217065,0.7860371176051676,0.42473833449218307,0.8821508431356282,0.32271457677876986
-41.61504529694058,-38.10529196217776,17.774207602746756,1188,260,1298,1594,0.16311166875784192,0.7831438074370376,0.4269535868253514,0.8679024192706422,0.3110492334129765
-44.425045944033094,-38.204038118144254,17.844669476340897,1175,280,1282,1594,0.17565872020075282,0.8005036684458166,0.42492912398110927,0.8760368862057691,0.3364171910558027
-38.97624203574201,-38.21591817841499,17.713577899352117,1170,287,1296,1594,0.18005018820577165,0.7976103582776868,0.42259798414139754,0.8479858962198605,0.3107707722468399
-41.17155828161023,-38.26070060422097,17.69088318997118,1210,260,1296,1594,0.16311166875784192,0.7879659910505875,0.42420288845651044,0.8864597247736459,0.3273069542364542
-39.85407695382099,-38.28448234078216,17.721223992689072,1179,258,1290,1594,0.1618569636135508,0.7850726808824576,0.4272605168159302,0.8905964168084005,0.32599102692253057
-25.613238558757125,-38.098140520458266,17.54320197927027,1185,271,1314,1594,0.17001254705144292,0.7802504972689079,0.42158314305352607,0.8623299278497117,0.3127878834834645
-33.2522992309798,-38.02791093655278,17.431093793894625,1190,268,1303,1594,0.16813048933500627,0.7870015543278774,0.4242009577251406,0.8681011462473673,0.30950920634381135
-35.822446662316906,-37.996404304063695,17.29921741536029,1180,279,1303,1594,0.17503136762860727,0.7889304277732975,0.417230286435964,0.865616615414211,0.30905427230016874
-40.40157853979592,-38.030279997524715,17.392407692330007,1148,295,1286,1594,0.185069008782936,0.7860371176051675,0.4308488976336478,0.8619426587766515,0.30389728548507217
-49.50017321860665,-38.18958407003975,17.44250963127669,1140,304,1276,1594,0.19071518193224593,0.7889304277732972,0.42999662617223905,0.8722808191403667,0.3108892265804257
-46.814906850093976,-38.30773917661583,17.536663294960714,1186,265,1289,1594,0.16624843161856964,0.7927881746641371,0.4249592699411774,0.8740458915271421,0.32895629971488377
-35.79856104330709,-38.273831364003556,17.47038009994678,1199,248,1320,1594,0.15558343789209536,0.7870015543278776,0.43041571795034667,0.8658425620275154,0.3189118084067899
-47.06830020781999,-38.391090948587774,17.524104995900707,1182,268,1289,1594,0.16813048933500627,0.7908593012187174,0.42443304189327974,0.8721140648428962,0.31830856367903765
-36.96409188587956,-38.372314645131084,17.51983713143479,1203,246,1315,1594,0.15432873274780426,0.7841082441597477,0.4243555610966519,0.8677725665710335,0.30666072483286655
-37.8836874961463,-38.36596883800141,17.611991546353956,1198,239,1305,1594,0.14993726474278546,0.7860371176051676,0.43091729114698707,0.8584827639694365,0.3074670295858732
-41.47954190342091,-38.40588644140422,17.49280866858288,1151,298,1273,1594,0.18695106649937265,0.7879659910505875,0.42276629329932564,0.8300397553798309,0.2836571270471468
-32.60044819237929,-38.33239988128998,17.480440547211078,1159,287,1291,1594,0.18005018820577165,0.7841082441597477,0.4232852160586632,0.8645236773410924,0.3140116632829835
-35.394646372183864,-38.29567796242616,17.39358137617006,1159,288,1304,1594,0.1806775407779172,0.779286060546198,0.42319963987768155,0.8651259890122582,0.31692466704402905
-42.08596397192874,-38.342471616864465,17.407435026837227,1193,254,1301,1594,0.15934755332496864,0.794717048109557,0.4258678453225955,0.8589424710704495,0.32091380455809837
-35.98872516817324,-38.31376739188043,17.2942189529986,1205,247,1308,1594,0.1549560853199498,0.7821793707143277,0.4121414830330068,0.8641213141109896,0.3259055052203958
-36.63271831460441,-38.293513788539755,17.343971941180186,1171,258,1294,1594,0.1618569636135508,0.7802504972689079,0.4252643242372792,0.8715934362030393,0.3275976152984161
-41.15967742268216,-38.32763478418431,17.324492956027452,1180,282,1283,1594,0.17691342534504392,0.7927881746641371,0.42417473315060467,0.8597963491983336,0.3247025129193701
-32.585092451228114,-38.26007546262012,17.400954415039717,1186,268,1276,1594,0.16813048933500627,0.7831438074370377,0.4227645138226464,0.8684947591702691,0.3222228747558362
-39.126362193320276,-38.270148564139895,17.395405142447046,1170,281,1283,1594,0.17628607277289837,0.7812149339916179,0.42630896873980695,0.8728510103596717,0.31371578198724387
-40.110572728469535,-38.29130286487931,17.541615739432835,1190,259,1314,1594,0.16248431618569636,0.7860371176051676,0.4281304991871812,0.8742576161924057,0.31719226513291315
-32.27180659216467,-38.22289949814391,17.559684956756666,1207,247,1299,1594,0.1549560853199498,0.7850726808824576,0.42204177588302366,0.8620277072927882,0.3214837607708225
-39.78114807852187,-38.240407909159394,17.51200003679547,1166,288,1295,1594,0.1806775407779172,0.7841082441597477,0.41659307270043483,0.8756477737133205,0.32987976950530234
-33.75377737099672,-38.190556458735365,17.469641673014312,1165,278,1288,1594,0.17440401505646172,0.7831438074370377,0.4229607469229647,0.8540662791668359,0.30538908036767093
-43.3563750179599,-38.24732369564992,17.497620633532946,1166,265,1269,1594,0.16624843161856964,0.7879659910505873,0.42902712775668805,0.8783730662791611,0.3200728911041099
-37.15078352614934,-38.23540478076405,17.615121900433145,1194,256,1294,1594,0.1606022584692597,0.7889304277732972,0.423382311797898,0.8638073190984152,0.32133555313429835
-40.36085322065131,-38.25825906506391,17.655644971533558,1159,286,1270,1594,0.1794228356336261,0.7850726808824576,0.4276765339296293,0.8699240660631079,0.32964834839404195
-41.54053486750261,-38.29317689274943,17.770113930136507,1183,273,1303,1594,0.171267252195734,0.7889304277732975,0.4225512046578473,0.8817175639600303,0.3285314806980894
-38.14107753384081,-38.29157584686618,17.788404701275603,1181,272,1285,1594,0.17063989962358847,0.7889304277732975,0.42604261607277827,0.8733208050755774,0.305929065252439
-43.69592603507968,-38.34787116132673,17.800230870763045,1166,291,1296,1594,0.18255959849435383,0.7898948644960072,0.423737567011293,0.861062390294983,0.320031068825579
-40.5424250570254,-38.3704954282927,17.866287636923744,1150,295,1297,1594,0.185069008782936,0.7927881746641371,0.4245207129350898,0.8633131360074552,0.29790081133200036
-51.01544671820834,-38.49952554349592,17.882955592633614,1138,300,1288,1594,0.18820577164366373,0.7908593012187174,0.4181762257804361,0.8803822770221187,0.3265301210549059
-37.88247949350469,-38.49329275511217,17.837751366327726,1196,261,1304,1594,0.16373902132998747,0.791823737941427,0.4242273336353487,0.8876940627169394,0.3324541565320982
-39.51204811195532,-38.5034803086806,17.89761102238515,1175,280,1295,1594,0.17565872020075282,0.7841082441597477,0.4210662838550936,0.870522945733962,0.3210337103176829
-42.03185027186448,-38.487580806007685,17.965531123466555,1161,291,1285,1594,0.18255959849435383,0.7850726808824576,0.423137448052528,0.8887718426467055,0.3260912491487266
-40.293939935339964,-38.540354212725504,18.055291426710763,1188,257,1290,1594,0.16122961104140526,0.7918237379414271,0.42090304004599455,0.8774284611715557,0.3280030302918637
-23.6608972959531,-38.42239367349585,17.960131628873572,1193,262,1316,1594,0.164366373902133,0.779286060546198,0.4164703067644014,0.8572360507598802,0.33418332009893587
-40.527995543155875,-38.422790688902545,18.069732134280592,1180,277,1293,1594,0.1737766624843162,0.7908593012187172,0.41927127230486294,0.8712996225055302,0.3163617399995094
-40.282042655159415,-38.42866955698015,18.102572336443398,1183,264,1280,1594,0.1656210790464241,0.7879659910505875,0.42724550831303054,0.8547226908695427,0.31684723493243044
-42.34738152195849,-38.441438475984576,18.1274924375248,1172,274,1277,1594,0.17189460476787954,0.7870015543278776,0.42190870556882865,0.8623461950239024,0.3160966576728835
-38.75927203782751,-38.45266803037777,17.9545723364434,1185,271,1321,1594,0.17001254705144292,0.7821793707143277,0.42509226746643225,0.8754798240710584,0.3139320228060459
-44.97793305327842,-38.48665445186822,18.058652235361993,1172,278,1268,1594,0.17440401505646172,0.7898948644960072,0.4234017676955983,0.8725988329785205,0.31603807111746046
-38.435708596656475,-38.47329238478769,18.043891932117784,1176,272,1298,1594,0.17063989962358847,0.7879659910505875,0.43220833746891274,0.8769305754080533,0.33028099905615677
-36.413439365680475,-38.44844061432411,17.87597183103638,1156,293,1292,1594,0.18381430363864493,0.7831438074370377,0.4184571686270841,0.8589816669475967,0.3130775269542872
-40.50331668075801,-38.48524595263319,17.752732134280585,1150,287,1262,1594,0.18005018820577165,0.7821793707143277,0.43160095459971876,0.8686925157762011,0.31248214631243737
-37.9273463086311,-38.45889667572901,17.741732134280593,1193,274,1296,1594,0.17189460476787954,0.7918237379414271,0.4326340401570726,0.8718311085157427,0.30748888978374145
-38.241685768716536,-38.4685241125218,17.683572336443397,1165,291,1278,1594,0.18255959849435383,0.7841082441597477,0.4267628774422987,0.8562424591850016,0.3093761651807751
-35.51927028898515,-38.413740801480984,17.475732134280587,1185,257,1310,1594,0.16122961104140526,0.7908593012187172,0.42433872799393224,0.8748006868605241,0.32240471120549374
-42.88247623442217,-38.4297609080272,17.446812033199183,1129,317,1290,1594,0.198870765370138,0.7841082441597477,0.41998974370606845,0.8573401515750113,0.3097824967050344
-38.732839339164386,-38.48341877914365,17.42665223536199,1180,263,1297,1594,0.16499372647427854,0.7831438074370377,0.42480197903251166,0.8655506035302784,0.32005896799699013
-41.9953252757824,-38.54815914693804,17.406732134280585,1181,268,1283,1594,0.16813048933500627,0.7860371176051676,0.41981635540625484,0.8671138847195298,0.31358353280436063
-36.79674053640448,-38.546775439088876,17.39465223536199,1205,250,1319,1594,0.15683814303638646,0.7898948644960072,0.42694641404298106,0.8575317719157957,0.311287208072716
-39.85026498385124,-38.52186914892576,17.455572336443396,1187,263,1308,1594,0.16499372647427854,0.7879659910505875,0.43161145296942705,0.881076079391449,0.33269549586945585
-38.972458842526166,-38.53811308829811,17.617412538606203,1208,249,1314,1594,0.1562107904642409,0.7889304277732972,0.4285161504667937,0.8786805046006192,0.32150962160450564
-45.852524153435894,-38.64916024004693,17.626572336443395,1178,280,1294,1594,0.17565872020075282,0.796645921554977,0.42667887462756,0.8704025577160097,0.31424671462893
-38.58500456658212,-38.61208516963367,17.5604924375248,1184,274,1281,1594,0.17189460476787954,0.7898948644960074,0.42018219795825323,0.8742315266179078,0.31617375517616503
-30.938880153508933,-38.57071502001763,17.424492437524798,1166,296,1290,1594,0.18569636135508155,0.7870015543278776,0.42059478649727106,0.8328473604374258,0.2893310559802646
-36.87234353687857,-38.616319170019054,17.45925274076901,1204,256,1307,1594,0.1606022584692597,0.7831438074370376,0.4294127425587187,0.875407533475547,0.32124448041732423
-33.66157483847283,-38.58836025538611,17.378092942931815,1199,256,1294,1594,0.1606022584692597,0.7831438074370376,0.42441967535853276,0.8615992208437042,0.3076873354394263
-34.13948490422903,-38.57056235771886,17.284332639687605,1175,263,1303,1594,0.16499372647427854,0.7889304277732972,0.4171290725001898,0.8701149209668101,0.3249385988179357
-34.57969756661498,-38.480179897482486,17.14857233644339,1142,307,1287,1594,0.19259723964868256,0.7831438074370377,0.4263598654438444,0.8427653589930296,0.298227732233819
-41.8481913248946,-38.432087999871044,17.127492437524793,1172,270,1287,1594,0.16938519447929737,0.779286060546198,0.4344289969069718,0.8579590020737634,0.3172587849512077
-34.816020351099056,-38.44224511947593,16.971732134280582,1183,275,1291,1594,0.1725219573400251,0.7812149339916177,0.43102259221281997,0.8549049440431392,0.3007484231832663
-36.348819494923575,-38.421139143256184,16.971732134280582,1194,263,1308,1594,0.16499372647427854,0.7870015543278774,0.4242990791667866,0.8539784025979626,0.30233632338124244
-42.07081165149417,-38.50834395914811,16.960492437524795,1163,289,1307,1594,0.18130489335006272,0.7908593012187174,0.4252845382772047,0.865341476198866,0.32326527068832706
-36.78544398434376,-38.50152246992043,16.81757233644339,1179,273,1293,1594,0.171267252195734,0.7889304277732975,0.42296236522381786,0.8755366882200096,0.31236351211225366
-35.35213652868506,-38.48399175681495,16.96165223536199,1189,264,1309,1594,0.1656210790464241,0.7812149339916179,0.42629592423944007,0.8777891554453029,0.32580118008834086
-32.08387523062099,-38.42315374864138,17.061732134280582,1159,294,1317,1594,0.18444165621079048,0.7802504972689079,0.4163824734081157,0.857303143949188,0.3124078146780141
-42.330605960503895,-38.4413162069513,17.05857233644339,1152,279,1273,1594,0.17503136762860727,0.7812149339916179,0.42725166164241846,0.8562285906880377,0.29794759644559216
-37.0303175956079,-38.38958339607073,16.91257233644339,1152,302,1275,1594,0.18946047678795483,0.7812149339916179,0.417928568326265,0.8594419656182478,0.3175197762314552
-35.674318186158665,-38.299665372851344,16.988332639687602,1181,271,1292,1594,0.17001254705144292,0.7870015543278776,0.4288098764366448,0.8635113233672982,0.3092827374595574
-34.367692814009054,-38.25237408349991,16.9304125386062,1195,245,1316,1594,0.1537013801756587,0.795681484832267,0.42296024803468907,0.8725328622558903,0.3160365164668473
-40.252925918408394,-38.22187791928943,17.068572336443392,1200,255,1273,1594,0.1599749058971142,0.7898948644960072,0.41859066089528457,0.8839592212879284,0.3224306135182262
-31.229443746678662,-38.15563115209387,17.028412538606197,1167,277,1304,1594,0.1737766624843162,0.7870015543278776,0.4289865136165392,0.8707685421970656,0.32244910727917525
-32.19257269160743,-38.200895261511974,17.1174924375248,1181,273,1295,1594,0.171267252195734,0.7812149339916179,0.42837806616689855,0.8613249804948522,0.31459778292771934
-31.351840084086035,-38.23034446108311,17.168492437524797,1197,253,1326,1594,0.1587202007528231,0.7879659910505875,0.43005037840525967,0.8625637460492088,0.3092737469524168
-40.21985704108547,-38.29188172220163,17.03165223536199,1136,305,1260,1594,0.19134253450439148,0.7850726808824575,0.4217537615628485,0.8710170993521026,0.3099363326023317
-32.76949814938613,-38.195648640711354,16.9163326396876,1217,239,1324,1594,0.14993726474278546,0.7908593012187172,0.4300812389648076,0.854980157087282,0.3056492785521617
-35.6457236563213,-38.20643439327111,16.938492437524793,1197,259,1293,1594,0.16248431618569636,0.7889304277732975,0.4310741613751069,0.872281936268954,0.31538581299594143
-36.7337706601968,-38.18291579183937,16.9443326396876,1203,260,1311,1594,0.16311166875784192,0.7870015543278776,0.4308927562169379,0.8771137079960597,0.3207057176402239
-31.281691113546806,-38.098734510838874,16.728652235361984,1160,287,1302,1594,0.18005018820577165,0.7850726808824576,0.4256045597699544,0.849238605389965,0.3194617486395592
-46.861339151638596,-38.26051777261349,16.803812033199176,1204,269,1295,1594,0.16875784190715182,0.7831438074370376,0.4206270667078902,0.8747354134688333,0.30876301094360786
-38.17036776442329,-38.336069710131405,16.720051729954967,1176,270,1290,1594,0.16938519447929737,0.7870015543278776,0.4201381346640842,0.8566576855975653,0.30642227142499556
-45.34755250762458,-38.4730411998014,16.921812033199178,1163,280,1284,1594,0.17565872020075282,0.7976103582776868,0.42630992973049636,0.8722863534357428,0.32504393286779093
-47.0543075347662,-38.56350819126571,16.935652235361985,1175,268,1303,1594,0.16813048933500627,0.793752611386847,0.4246415949188742,0.8859418837989645,0.3252935075882379
-29.861571305915287,-38.470117155831744,16.844131628873566,1176,286,1288,1594,0.1794228356336261,0.7715705667645183,0.4240405013720206,0.8572168203466256,0.3069315560585063
-39.42764988865626,-38.4774497053205,16.79945122454795,1166,277,1300,1594,0.1737766624843162,0.7908593012187172,0.4223355448380802,0.8764124269454331,0.3143784151711908
-32.045049564952905,-38.40221943612205,16.911971831036368,1204,259,1325,1594,0.16248431618569636,0.7889304277732975,0.4320537210393432,0.8630920425747016,0.31273484951470515
-31.415340065878645,-38.27897190503439,16.937812033199176,1178,270,1281,1594,0.16938519447929737,0.7812149339916179,0.42419680406526195,0.8645493661217317,0.32132833781096415
-36.79287656942199,-38.311890639576205,16.95381203319918,1151,299,1293,1594,0.1875784190715182,0.7870015543278776,0.4251544550264584,0.8702130716479095,0.3190567739063738
-34.23895344870651,-38.21031968379256,17.058732134280586,1189,252,1316,1594,0.15809284818067754,0.7879659910505875,0.42346635124121734,0.8571247145244941,0.31943284471360983
-33.32835890639396,-38.17729172505097,16.982492437524794,1202,246,1323,1594,0.15432873274780426,0.7860371176051676,0.4226189938301755,0.8722544828320938,0.3146918085970802
-36.30600484861143,-38.13270193932455,16.817812033199186,1184,274,1310,1594,0.17189460476787954,0.7870015543278774,0.42346559943499684,0.8646900725266682,0.3031296860771194
-44.30385373566669,-38.18532376494324,16.87765223536199,1174,283,1283,1594,0.17754077791718947,0.7908593012187174,0.4241757033265193,0.8721055935683711,0.320918205126647
-42.45493905281566,-38.221567920289914,16.9484924375248,1174,275,1286,1594,0.1725219573400251,0.7918237379414271,0.427034118598867,0.8682716120040713,0.31613913356605466
-25.88988167912917,-38.08994979011898,16.779492437524798,1195,249,1306,1594,0.1562107904642409,0.7870015543278774,0.4219659825484728,0.8635147391902452,0.3046397127542105
-39.145464829301645,-38.06525398544259,16.97825274076901,1214,248,1320,1594,0.15558343789209536,0.7908593012187174,0.42581380196091645,0.8816356111051399,0.32392447050262324
-39.34280625772449,-38.01443158857951,16.888652235361988,1144,300,1286,1594,0.18820577164366373,0.7821793707143277,0.423418943928044,0.8841756779899215,0.3397735040100766
-31.769252702967265,-37.94236169525177,17.020412538606205,1192,265,1302,1594,0.16624843161856964,0.7889304277732975,0.428007876965072,0.8643024632331212,0.31731773793176987
-43.10396936320208,-37.96168580606768,17.103332639687604,1158,287,1273,1594,0.18005018820577165,0.7860371176051676,0.4183538143077102,0.8711253424363322,0.31757476965166603
-38.00491566058563,-37.94319419313533,17.084172841850414,1208,251,1297,1594,0.15746549560853199,0.7889304277732975,0.43148265501399097,0.8504601195403586,0.30828958697590625
-35.396889610436396,-38.04103070365212,17.123252740769008,1191,273,1310,1594,0.171267252195734,0.7870015543278774,0.4190034190968037,0.880268355795788,0.3139437334350443
-35.515192200600765,-38.06365963334833,17.107332639687606,1172,285,1308,1594,0.17879548306148055,0.7908593012187172,0.42673764815010296,0.86740266220508,0.3113884436451421
-42.25316272490383,-38.1279667939742,17.221492437524798,1165,292,1290,1594,0.18318695106649938,0.7879659910505873,0.42041025319927283,0.8496538826956629,0.3027120665046019
-41.45311250870488,-38.13848213366329,17.23865223536199,1171,272,1273,1594,0.17063989962358847,0.7754283136553582,0.4186691495556271,0.8747999406335922,0.31778379939443463
-44.84997405736562,-38.09198014205088,17.192732134280586,1172,271,1252,1594,0.17001254705144292,0.7831438074370377,0.42422726636549396,0.8680309223330679,0.3155137778724875
-38.42456331912841,-38.00807670674123,17.04565223536199,1165,278,1269,1594,0.17440401505646172,0.7763927503780681,0.42379294735421935,0.8727913142987812,0.31148856792495855
-32.34420481405367,-37.973533144448695,17.077652235361988,1201,246,1305,1594,0.15432873274780426,0.7802504972689079,0.4216434009872089,0.8617675048647939,0.3222359978592229
-38.00124996793192,-37.88286264204981,17.042572336443392,1160,271,1298,1594,0.17001254705144292,0.7850726808824576,0.4230062456289218,0.864768796460038,0.3111284902611267
-35.155891231819794,-37.86478063550921,16.99757233644339,1184,268,1317,1594,0.16813048933500627,0.7860371176051675,0.4234402682641707,0.8775385514785681,0.30966809189244365
-45.003528071462675,-37.93597904126237,16.926572336443392,1170,285,1270,1594,0.17879548306148055,0.7821793707143277,0.4296051318359108,0.879767762937771,0.32072199294361653
-39.83511442543968,-37.91953476648256,16.894492437524793,1155,299,1310,1594,0.1875784190715182,0.7879659910505873,0.4197998191757107,0.8701317566410509,0.31051694189618195
-41.1258961873946,-38.004789246432715,16.8153326396876,1180,269,1310,1594,0.16875784190715182,0.7831438074370377,0.42773506101147113,0.8644949043478997,0.31335904395493785
-36.42198142722446,-38.01506259698312,16.8683326396876,1188,265,1285,1594,0.16624843161856964,0.7870015543278776,0.42652500714556046,0.8872026710770483,0.3264345998807691
-40.819224196769305,-38.00239519923153,16.82117284185041,1204,264,1304,1594,0.1656210790464241,0.7908593012187174,0.4279318774037378,0.8680621995405788,0.3103897916443511
-41.45970605124675,-38.057105008062265,16.880172841850406,1168,275,1294,1594,0.1725219573400251,0.7889304277732975,0.42003175128469783,0.8493858848154261,0.30866224042246554
-35.780466380677915,-38.048582488723,16.962853246176017,1208,251,1318,1594,0.15746549560853199,0.7918237379414272,0.4279079131658915,0.8653124175873055,0.32684572437626336
-30.82552652054775,-37.94524097970165,17.05685324617602,1182,263,1310,1594,0.16499372647427854,0.7860371176051676,0.41627715916115465,0.8721897052839828,0.3189349261596699
-33.66008529464277,-37.955990908135796,16.863693448338825,1178,271,1274,1594,0.17001254705144292,0.7773571871007781,0.424258308509608,0.8705835031032118,0.307213385818977
-37.67291489438842,-37.94145643514648,16.848693448338828,1165,285,1286,1594,0.17879548306148055,0.7860371176051676,0.42545273193712374,0.8577637261387391,0.312837073965762
-40.71485164415069,-37.94749922430329,16.803613549420234,1210,253,1314,1594,0.1587202007528231,0.7898948644960074,0.4320119551398464,0.8769734844397016,0.3214563766290844
-36.329486942643214,-37.98807602780808,16.67221405482725,1175,277,1300,1594,0.1737766624843162,0.7763927503780681,0.41945262130782446,0.8609738632919126,0.30618457217139566
-38.47029079077891,-37.97496745493065,16.75121405482725,1188,268,1296,1594,0.16813048933500627,0.7870015543278776,0.4240340012079654,0.8668816521134627,0.31496530215455204
-31.189366102611437,-37.9493233422468,16.663373852664446,1212,240,1339,1594,0.15056461731493098,0.7860371176051675,0.41737747093965405,0.8574886952855881,0.3139198601830025
-36.38514345447784,-37.879611026611975,16.68721405482725,1196,254,1295,1594,0.15934755332496864,0.7860371176051675,0.4243381642662734,0.8744874850829273,0.31159567885996453
-40.365311974261026,-37.91175631109309,16.610134155908653,1172,273,1272,1594,0.171267252195734,0.7918237379414271,0.41979021065724237,0.8791627623037627,0.31618555860630976
-36.9315651701566,-37.87746343058814,16.49721405482725,1181,262,1283,1594,0.164366373902133,0.7841082441597476,0.425649921600892,0.8749618581188389,0.3199427184342717
-30.26092419705282,-37.76466732388365,16.399214054827247,1209,258,1324,1594,0.1618569636135508,0.7860371176051676,0.42843734404962236,0.8661704138065981,0.3197091526977846
-31.49588545927334,-37.69821540313797,16.44021405482725,1180,261,1308,1594,0.16373902132998747,0.7879659910505873,0.43529390782985494,0.8772730304669797,0.32849173514423674
-38.75372520096084,-37.64879339479678,16.39297435807146,1165,283,1295,1594,0.17754077791718947,0.7841082441597477,0.42626695221239785,0.8602902637660351,0.31410894128882527
-28.628117257779177,-37.529650316804315,16.278134155908653,1173,280,1301,1594,0.17565872020075282,0.7763927503780681,0.4215075622844965,0.8670049904017477,0.32872765955726463
-32.14800105806781,-37.34097586020291,16.30813415590865,1193,267,1295,1594,0.16750313676286072,0.7898948644960072,0.42024913577505535,0.8660206338738807,0.3241209057210393
-42.64287591638234,-37.38857982443169,16.30997435807146,1196,261,1294,1594,0.16373902132998747,0.7860371176051676,0.4230523350746921,0.8717770984953311,0.3085704401666937
-34.59708153368599,-37.339430158648995,16.31773466131567,1180,262,1290,1594,0.164366373902133,0.7860371176051676,0.41561285573061646,0.8778451379811982,0.32505063172213927
-35.892205256522054,-37.27803370849557,16.13997435807146,1114,310,1276,1594,0.1944792973651192,0.7821793707143276,0.42593786286547825,0.8578704605304321,0.3287583958337728
-39.29192706233014,-37.26801357976547,16.212054256990054,1181,271,1295,1594,0.17001254705144292,0.7889304277732975,0.4272771540855677,0.8771381254028787,0.3293261789676914
-46.93874632574078,-37.500792070063355,16.368974358071466,1169,272,1280,1594,0.17063989962358847,0.7976103582776868,0.4227422545204029,0.862114917878572,0.3160309068319302
-36.45376353493889,-37.46004974998119,16.27329395374585,1130,312,1276,1594,0.19573400250941028,0.7821793707143277,0.4252307923109006,0.8547859786925129,0.3154026176126224
-39.32188507451743,-37.45044817417476,16.423453751583043,1211,248,1326,1594,0.15558343789209536,0.7860371176051676,0.4265322066610449,0.8775239947973738,0.31721851371672244
-38.08609994087551,-37.40783535836394,16.25369344833883,1161,291,1278,1594,0.18255959849435383,0.7763927503780681,0.42952442583385975,0.877864976791365,0.31628117464980154
-39.982342773121424,-37.420066065716874,16.381533650501634,1156,284,1256,1594,0.178168130489335,0.7831438074370377,0.4236661388904785,0.8649616484430566,0.31472287552485734
-38.469408042648766,-37.354980815610574,16.24321405482725,1178,273,1289,1594,0.171267252195734,0.7831438074370377,0.429693805984717,0.8674748632995191,0.3115243320679091
-38.38325334821925,-37.3544562631262,16.164293953745844,1166,279,1284,1594,0.17503136762860727,0.7860371176051675,0.42310755775812237,0.8777388510203442,0.3206458501799637
-32.741638289152604,-37.31773825236092,16.232134155908646,1192,256,1303,1594,0.1606022584692597,0.7821793707143277,0.4252426514707263,0.8623929873542039,0.31030756652628066
-27.23960700432205,-37.18510115559656,16.31613415590865,1176,263,1297,1594,0.16499372647427854,0.7821793707143277,0.42717347222952545,0.8593712551975937,0.32742364729943124
-37.717045014602576,-37.18299814265628,16.273214054827246,1157,282,1290,1594,0.17691342534504392,0.7860371176051675,0.42320623505001315,0.8548902639991734,0.30477622535453736
-29.522050018935033,-37.095801785158464,16.218453751583038,1175,274,1326,1594,0.17189460476787954,0.7879659910505875,0.41630425033651947,0.856054469339426,0.3098127176752851
-31.563527017428363,-37.056244352442896,16.322293953745845,1186,273,1293,1594,0.171267252195734,0.7860371176051676,0.42950370988989744,0.8801249001385857,0.3275167548951995
-40.34498508232518,-37.030869440921926,16.315293953745844,1182,265,1303,1594,0.16624843161856964,0.7841082441597477,0.4197907693515785,0.8794991243525999,0.33268085967795613
-34.603757395561246,-36.9895786214859,16.241453751583038,1186,258,1306,1594,0.1618569636135508,0.7802504972689077,0.4294886238626589,0.8599713307617098,0.31301523224322875
-36.47067986542761,-36.93433216738235,16.143453751583035,1177,272,1312,1594,0.17063989962358847,0.7821793707143277,0.42597689345189854,0.8518159011618106,0.30628004030153116
-38.27396671584899,-36.9491044291768,16.016453751583036,1181,281,1300,1594,0.17628607277289837,0.7860371176051676,0.42819783572943115,0.8682372404412445,0.3258962466726027
-37.97744987198413,-36.93037627805812,15.928533650501631,1155,289,1287,1594,0.18130489335006272,0.7821793707143277,0.42870571462476575,0.8767240197024591,0.3255354236616199
-34.29197573266457,-36.8835714469595,15.815453751583036,1164,277,1306,1594,0.1737766624843162,0.7879659910505875,0.4265715116462838,0.8528085728915626,0.2896873434122999
-39.62086603075334,-36.821254865732676,15.755134155908648,1160,285,1281,1594,0.17879548306148055,0.7802504972689079,0.4228102804533163,0.8693467963267117,0.3066269401409948
-40.38002438373672,-36.83920506390423,15.702134155908647,1174,269,1268,1594,0.16875784190715182,0.7860371176051676,0.42338720050327516,0.8525235540922337,0.31166651610633367
-41.67966553277385,-36.946612917696875,15.855054256990053,1176,278,1295,1594,0.17440401505646172,0.7850726808824576,0.4277894232915456,0.8738665923552077,0.31892589859580256
-34.00527586200843,-36.91794224094818,15.676054256990055,1187,275,1296,1594,0.1725219573400251,0.779286060546198,0.42719786788495834,0.8570069981255856,0.2990860342740093
-41.103760958931886,-36.99236410215277,15.576214054827249,1163,295,1290,1594,0.185069008782936,0.793752611386847,0.41982974113321864,0.8606364769530743,0.31563294508712925
-39.88491084686276,-37.049818361579106,15.62297435807146,1187,269,1301,1594,0.16875784190715182,0.7889304277732972,0.4259842348169127,0.8742861929328947,0.31948957314110077
-38.30685031690622,-37.087089889082016,15.583814560234266,1161,285,1311,1594,0.17879548306148055,0.7850726808824576,0.4241920231324831,0.8409854333127148,0.30660554305662197
-31.919527119873027,-36.9878032470318,15.715054256990056,1223,234,1302,1594,0.1468005018820577,0.7841082441597477,0.42887625024887627,0.8822621801570563,0.31662939187913497
-38.471529665851996,-37.024358340179326,15.749974358071457,1174,284,1296,1594,0.178168130489335,0.7870015543278776,0.4309554133197896,0.8556395815100991,0.30213386648565543
-46.45035642415213,-37.12537370947162,15.855054256990053,1165,296,1266,1594,0.18569636135508155,0.7918237379414271,0.42337882299750296,0.8694543272161296,0.3289062076085809
-33.165371843150524,-37.036319311388176,15.737054256990055,1177,271,1299,1594,0.17001254705144292,0.779286060546198,0.4278012642272255,0.853606978423611,0.31799974132089576
-30.880581007630912,-36.97727068162105,15.813054256990059,1187,266,1303,1594,0.1668757841907152,0.779286060546198,0.42392294997956886,0.8735534293585264,0.3066859174615891
-46.49381286063004,-37.088687444940504,15.809894459152863,1161,283,1282,1594,0.17754077791718947,0.7966459215549769,0.42664755318153796,0.8687473364694318,0.3168404248599089
-37.33117997791323,-37.14116049241342,15.752894459152863,1182,272,1304,1594,0.17063989962358847,0.7870015543278774,0.42823565609803677,0.8721659472402347,0.32098448930811274
-44.065840985658625,-37.15851284266497,15.834654762397072,1159,296,1292,1594,0.18569636135508155,0.7898948644960072,0.4155169949797434,0.8730571665242651,0.319169768516827
-28.099247575022027,-37.06920214245911,15.784415065641284,1201,256,1292,1594,0.1606022584692597,0.7763927503780681,0.4197347788369593,0.863117127296737,0.3062485884020002
-34.819698810049346,-37.06065594869802,15.743415065641281,1189,260,1300,1594,0.16311166875784192,0.7879659910505873,0.426195102490379,0.8668678952708736,0.315823788292985
-46.55644025480709,-37.182543423106004,15.737574863478477,1157,298,1298,1594,0.18695106649937265,0.7898948644960074,0.4301490502198625,0.8562202957970784,0.30750050406809676
-40.204846901988454,-37.1820626329418,15.788574863478477,1169,280,1271,1594,0.17565872020075282,0.793752611386847,0.4194623267260235,0.8719857679071538,0.31909734862806916
-32.287484664721006,-37.19264304212222,15.656574863478475,1148,289,1316,1594,0.18130489335006272,0.7841082441597476,0.4190034122077914,0.8546227582668773,0.3052287334614921
-39.457828831977025,-37.26529560352592,15.595255267804092,1182,268,1313,1594,0.16813048933500627,0.7908593012187174,0.4265998528179901,0.8653480329496311,0.31741186301906593
-37.32582122634832,-37.32503541494854,15.672095469966898,1172,283,1283,1594,0.17754077791718947,0.7802504972689079,0.42377487301722905,0.8704513860269647,0.3310706928592851
-33.7530859013461,-37.26036770355115,15.692335166722687,1168,277,1291,1594,0.1737766624843162,0.7860371176051676,0.4290234273662841,0.8488928851854846,0.3115114076985839
-35.20038134146941,-37.284676535471974,15.767335166722686,1170,282,1290,1594,0.17691342534504392,0.7850726808824576,0.42281383832722147,0.871554728756311,0.317297700411282
-41.797575462041145,-37.34619505352917,15.75825526780409,1182,280,1309,1594,0.17565872020075282,0.7898948644960072,0.4254389084881345,0.8644206621880869,0.3067269963957065
-49.163266552506045,-37.47049001245227,15.755175368885494,1184,270,1285,1594,0.16938519447929737,0.7908593012187172,0.423963415990261,0.8758287903991878,0.3145190481905506
-38.07884254428078,-37.53846152675961,15.762335166722687,1156,289,1274,1594,0.18130489335006272,0.7802504972689079,0.42534244239912355,0.8721278472403701,0.3021142991016661
-40.441505841754825,-37.474263193660775,15.720415065641282,1172,273,1288,1594,0.171267252195734,0.7812149339916179,0.423502280820924,0.8795399981687814,0.32053234290405724
-35.410986169946696,-37.44666937771601,15.882855773211107,1188,257,1302,1594,0.16122961104140526,0.7889304277732975,0.4230075615187755,0.8760719297387182,0.3269321743194005
-36.319008016777424,-37.35638393280753,15.750175368885492,1192,261,1310,1594,0.16373902132998747,0.7841082441597476,0.42056691899426146,0.8782662074996616,0.3215511172978541
-38.94090018781887,-37.27524985933806,15.661574863478474,1165,275,1294,1594,0.1725219573400251,0.7763927503780681,0.4202483606558987,0.8614543645765989,0.3084842394790566
-36.99042093198049,-37.34653835559871,15.73425526780409,1180,276,1295,1594,0.17314930991217065,0.7870015543278776,0.42223341376186807,0.8603059079329056,0.30950229841384364
-31.516211880884214,-37.267423975521,15.629855773211107,1170,286,1304,1594,0.1794228356336261,0.7898948644960074,0.42481241548708193,0.8709136322494393,0.31214403689230497
-37.58651449876128,-37.32283862485908,15.683095469966895,1189,263,1294,1594,0.16499372647427854,0.7898948644960072,0.42653083568128647,0.8770588495444364,0.3204820163724325
-37.92247472664361,-37.387909971466726,15.654935672129703,1181,264,1287,1594,0.1656210790464241,0.7850726808824576,0.426965382929504,0.8724638117875448,0.3105940876232319
-38.17369663134654,-37.40171817208597,15.592015571048298,1190,266,1301,1594,0.1668757841907152,0.7927881746641371,0.4278508872012144,0.8675417141572828,0.3089073357115291
-37.906981705308255,-37.43839845465198,15.59425526780409,1174,278,1303,1594,0.17440401505646172,0.7889304277732975,0.4256842864442561,0.8824562613405429,0.3329621102573568
-32.27638661755633,-37.42787873176361,15.715095469966897,1165,284,1314,1594,0.178168130489335,0.7870015543278776,0.4270953392186884,0.8667980890382735,0.3059386255683908
-37.32636130078461,-37.438082296285344,15.767855773211107,1148,300,1286,1594,0.18820577164366373,0.7860371176051676,0.4302671999516077,0.8661331306006742,0.335123221830663
-41.819932796494086,-37.41324308689362,15.683095469966895,1166,279,1289,1594,0.17503136762860727,0.7841082441597477,0.4198968273799871,0.861525303629346,0.3013327614685781
-32.26438466772911,-37.311337543042754,15.523494964559877,1177,279,1312,1594,0.17503136762860727,0.7802504972689077,0.42506847699582984,0.8528721697338305,0.32921848031009987
-35.72607898890478,-37.40969951614051,15.578335166722685,1178,278,1288,1594,0.17440401505646172,0.7831438074370377,0.422194925501946,0.8553798600217531,0.3155497124885468
-35.87307032106283,-37.37697557105812,15.532494964559879,1180,277,1316,1594,0.1737766624843162,0.793752611386847,0.42856521491148386,0.859634237926577,0.30700750272295646
-31.776944360568006,-37.30131695208656,15.48649496455988,1178,263,1294,1594,0.16499372647427854,0.778321623823488,0.4227960305787166,0.8597808254321019,0.3229904828722617
-33.84283532246815,-37.32205277828157,15.313734661315669,1169,276,1297,1594,0.17314930991217065,0.779286060546198,0.4268583886738405,0.8726956470622126,0.31763542185961297
-40.86296404557826,-37.29964272510533,15.191734661315664,1164,295,1280,1594,0.185069008782936,0.7889304277732975,0.4271259053219579,0.8744247714382872,0.3136382433975518
-30.698880867701927,-37.22658237717649,15.197654762397066,1198,253,1315,1594,0.1587202007528231,0.7850726808824575,0.4243824312747588,0.8624692369336192,0.3120094733959588
-39.28296641304643,-37.26544314520259,15.335574863478474,1153,284,1277,1594,0.178168130489335,0.7870015543278776,0.4266506037134053,0.882965503059697,0.32328347908527727
-34.05159975363734,-37.25080722073295,15.327734661315668,1169,282,1298,1594,0.17691342534504392,0.7841082441597477,0.4191093972104337,0.8604343336599554,0.3108549374698158
-34.07615058429668,-37.169037099326886,15.214654762397071,1175,272,1312,1594,0.17063989962358847,0.7812149339916177,0.4238191601586552,0.8725632983466696,0.33940742585168143
-45.6948175191028,-37.21145414943086,15.05349496455988,1127,298,1274,1594,0.18695106649937265,0.7850726808824575,0.42496033011122014,0.8729861995711191,0.3010560445777402
-36.76402215164871,-37.130594630373686,15.016335166722683,1197,262,1303,1594,0.164366373902133,0.793752611386847,0.4208337924846099,0.8600811527811524,0.3091962881906984
-39.223512291324276,-37.13858412009565,15.120494964559878,1162,287,1276,1594,0.18005018820577165,0.7870015543278774,0.4194175171448792,0.8657333730391227,0.32511000874019474
-33.79194381877762,-37.15306151014289,15.116175368885493,1153,282,1263,1594,0.17691342534504392,0.7773571871007781,0.4231083874043769,0.8758967868035272,0.32115345275890356
-34.71860181814587,-37.12023502864503,15.075494964559878,1182,274,1298,1594,0.17189460476787954,0.7927881746641371,0.42604925768228413,0.8521117739997864,0.3140273046213742
-40.005688466118876,-37.16873300098803,15.112415065641278,1134,294,1289,1594,0.18444165621079048,0.7908593012187172,0.4193533978636973,0.8579544290305465,0.3099560478430825
-30.455750217101247,-37.02325522244441,14.998415065641279,1192,273,1308,1594,0.171267252195734,0.7908593012187172,0.4200112605331475,0.858033431370646,0.3081768488104916
-38.08488844923006,-37.005752962682315,15.192494964559875,1199,258,1289,1594,0.1618569636135508,0.7870015543278776,0.41679443667351024,0.8719109007083506,0.3205379523002372
-37.56124185224285,-36.9701064193308,15.175734661315664,1178,263,1297,1594,0.16499372647427854,0.7870015543278776,0.43126423300896616,0.8616854039181793,0.3180869382840195
-43.563264660332734,-37.04151925166188,15.226494964559874,1166,279,1293,1594,0.17503136762860727,0.7870015543278776,0.42264941904762066,0.86977308837866,0.3136485448566094
-48.463914902003275,-37.11796615871422,15.284654762397068,1161,298,1285,1594,0.18695106649937265,0.793752611386847,0.42249414223645027,0.8573552980141308,0.31080277361224923
-39.53005316532235,-37.09866962985497,15.305494964559877,1155,283,1272,1594,0.17754077791718947,0.7821793707143277,0.42564123127958053,0.8739729991896183,0.3201378943750688
-39.41105220833569,-37.13497548813155,15.103574863478473,1169,281,1269,1594,0.17628607277289837,0.7831438074370377,0.4232743465760469,0.8577754186944925,0.30047700864715154
-45.62021253137964,-37.28292234823987,15.119734661315665,1183,273,1291,1594,0.171267252195734,0.7898948644960072,0.42217144871859075,0.8635748131299089,0.3081624608332537
-44.85178901144913,-37.394839385407934,15.264734661315664,1165,287,1282,1594,0.18005018820577165,0.7927881746641371,0.4282197818361839,0.8650709547555161,0.3254266983055582
-40.5754683849212,-37.423864920313264,15.162734661315664,1185,265,1289,1594,0.16624843161856964,0.7850726808824576,0.4228387071171194,0.8435309169344626,0.29947155739210546
-44.04019340257725,-37.45711833789753,15.052654762397069,1175,290,1292,1594,0.18193224592220827,0.7898948644960072,0.4277135016938071,0.8668183895738207,0.30384040198672896
-30.236848698206362,-37.396191955453155,15.166894459152859,1203,248,1316,1594,0.15558343789209536,0.7792860605461978,0.41640238053959056,0.8811370818838612,0.33194409369354355
-39.363822924381104,-37.40512727678918,15.026734661315663,1188,258,1304,1594,0.1618569636135508,0.7860371176051676,0.4252692853038047,0.8807432215082498,0.32255233050030985
-36.76632205176016,-37.46089683628067,15.200814560234264,1173,283,1293,1594,0.17754077791718947,0.7908593012187174,0.4223647181976774,0.864353589923181,0.3132712742701202
-43.678233858957114,-37.53382774032546,15.11981456023426,1181,277,1291,1594,0.1737766624843162,0.7889304277732975,0.41707198376884086,0.8728721309027746,0.33309256975990637
-36.509684776751605,-37.49527146835036,15.105814560234258,1199,261,1317,1594,0.16373902132998747,0.7879659910505875,0.425638139879838,0.866452292174348,0.31856255420560203
-37.64216765576636,-37.50237749320647,15.208974358071451,1169,281,1297,1594,0.17628607277289837,0.7870015543278776,0.42884010120841654,0.8790614653105958,0.32474380089949817
-37.275694195792575,-37.57252519319386,15.201894459152854,1173,277,1307,1594,0.1737766624843162,0.7908593012187172,0.42677538428343353,0.875353100823626,0.31967213906808795
-38.74481555255923,-37.64501449412673,15.265814560234258,1185,274,1278,1594,0.17189460476787954,0.7841082441597477,0.4226948686305801,0.8783852463822099,0.3130408754787724
-35.46451779943763,-37.61212242011149,15.197134155908643,1161,291,1287,1594,0.18255959849435383,0.7831438074370376,0.4244188726484468,0.8534608509498557,0.3123507684516144
-36.461068618207115,-37.690451933715764,15.330974358071453,1203,254,1287,1594,0.15934755332496864,0.7860371176051676,0.4283485848420605,0.8680395342151078,0.32103313381797566
-29.7534521198517,-37.666506444333606,15.154293953745842,1146,289,1306,1594,0.18130489335006272,0.7763927503780682,0.42218732852928365,0.8543084915808046,0.31281244584859186
-40.33617118643474,-37.643439397034136,15.138293953745842,1161,292,1279,1594,0.18318695106649938,0.7841082441597477,0.4300173801464705,0.8702538537227902,0.31417499579400193
-44.62565842226474,-37.74372516591991,15.03737385266444,1167,281,1279,1594,0.17628607277289837,0.7908593012187172,0.4270129143358781,0.8731059995095664,0.33021587509032857
-51.35920011092726,-37.89839511446397,15.227214054827243,1156,303,1278,1594,0.19008782936010038,0.7908593012187174,0.4203728498154881,0.8771517014585326,0.31692264103552586
-35.427039090289206,-37.85974623474356,15.13405425699005,1190,264,1282,1594,0.1656210790464241,0.7763927503780681,0.42902610728237833,0.8690603745994476,0.3172411466002709
-36.984360672208155,-37.760202378208234,15.039054256990049,1178,281,1318,1594,0.17628607277289837,0.7908593012187172,0.4234926615356442,0.873747255630695,0.3097569608246147
-31.64435639263292,-37.71210830678517,15.037134155908642,1183,262,1296,1594,0.164366373902133,0.7821793707143277,0.4187312805197052,0.8633587565903974,0.30978423681149714
-40.01496734559714,-37.719039129495975,14.925214054827238,1192,283,1303,1594,0.17754077791718947,0.7908593012187172,0.4281097756516159,0.8828181304146443,0.3251551487976924
-42.894269751406725,-37.76712082760128,14.981054256990049,1155,288,1274,1594,0.1806775407779172,0.7870015543278776,0.43057419505729316,0.8621256460635905,0.31717160490666846
-40.0885316114584,-37.76818271598465,14.96621405482724,1172,276,1297,1594,0.17314930991217065,0.7831438074370377,0.43016314410776324,0.8732851933262374,0.3153368988402363
-33.2804935860989,-37.71629357141916,14.918453751583032,1170,288,1300,1594,0.1806775407779172,0.7812149339916179,0.4227414940996498,0.8731312960713297,0.3146137952578534
-45.76993188897639,-37.790160356826725,15.051214054827241,1168,276,1295,1594,0.17314930991217065,0.7898948644960074,0.4284937370345593,0.8689591860390716,0.323043717624655
-40.86568881263147,-37.87140086206152,15.090134155908647,1169,281,1309,1594,0.17628607277289837,0.7898948644960072,0.4279974583166043,0.8767731904172829,0.313372860612625
-40.456523467663274,-38.00357002669493,15.13329395374584,1199,251,1298,1594,0.15746549560853199,0.7870015543278776,0.4266027602607038,0.8588159759179134,0.31934007446183504
-29.547959974104472,-37.92187917628994,15.20529395374584,1168,269,1296,1594,0.16875784190715182,0.7860371176051676,0.42031058285007816,0.8688933837414913,0.32094528156106245
-43.137437374731164,-38.05803304984791,15.31389445915286,1173,275,1283,1594,0.1725219573400251,0.7898948644960074,0.431114123237712,0.8559538960028651,0.3145233148925078
-43.20680955415548,-38.174465875215176,15.191134155908646,1161,295,1294,1594,0.185069008782936,0.7850726808824575,0.42640677403784316,0.8411820636540831,0.3088551380742199
-34.13073684801887,-38.11232339287211,15.307974358071455,1194,262,1299,1594,0.164366373902133,0.7879659910505875,0.42462398242722815,0.868920836616336,0.3302397892343057
-43.30899549091652,-38.199375773825665,15.43989445915286,1186,256,1290,1594,0.1606022584692597,0.7821793707143277,0.42949692076171003,0.8694240252993451,0.3223952519828519
-41.56377965984867,-38.25030677176987,15.592814560234265,1188,264,1314,1594,0.1656210790464241,0.7947170481095571,0.42741856268496214,0.8709123199849372,0.3290040263066452
-42.98420151810905,-38.297409119792476,15.599654762397073,1153,297,1297,1594,0.1863237139272271,0.7985747950003967,0.42868410931297163,0.8579695859838415,0.31984466939285505
-44.383313689835866,-38.36146775797099,15.668415065641282,1160,290,1257,1594,0.18193224592220827,0.7889304277732975,0.4208162737902216,0.8613433231932385,0.3175719155380226
-42.68912037711779,-38.44543920441552,15.637494964559878,1160,285,1268,1594,0.17879548306148055,0.7821793707143277,0.4251227901882834,0.8691933136821403,0.32239712327163134
-40.393251350776865,-38.45316305761577,15.690574863478473,1191,274,1290,1594,0.17189460476787954,0.7898948644960074,0.4245967662934024,0.8798949114925837,0.332332292225939
-43.45728196755614,-38.48393563345396,15.79265476239707,1172,283,1282,1594,0.17754077791718947,0.7860371176051676,0.4202820718124302,0.87595572262575,0.32235266388061906
-41.294371263431536,-38.48008269076054,15.788335166722684,1179,264,1291,1594,0.1656210790464241,0.7927881746641371,0.43034299493139155,0.8638731690258011,0.3162881324073406
-37.42923476674433,-38.5143222798079,15.928335166722686,1184,266,1280,1594,0.1668757841907152,0.7850726808824576,0.4291262101306225,0.8616655191931938,0.3165028113885597
-39.67855459729607,-38.50007021619154,16.050015571048302,1196,260,1287,1594,0.16311166875784192,0.794717048109557,0.4238488401426857,0.8776423305218465,0.3257335609877448
-31.12302815284325,-38.41245138925134,15.980255267804091,1195,256,1291,1594,0.1606022584692597,0.7744638769326482,0.423469508590744,0.8680178730098108,0.31819896834883327
-40.49183758528751,-38.434301261935154,16.029095469966897,1153,296,1277,1594,0.18569636135508155,0.793752611386847,0.4228804037330514,0.8638524537371822,0.3159820392775032
-44.72218958206262,-38.56232788655706,15.910935672129702,1180,276,1269,1594,0.17314930991217065,0.7841082441597477,0.42175357200437874,0.8648999939027197,0.3159673284475398
-37.24661232325502,-38.55007871313108,15.936095469966894,1184,265,1296,1594,0.16624843161856964,0.7918237379414272,0.42139009378521985,0.8700730966118414,0.3280180400232648
-31.658233780669363,-38.402157486696254,15.818095469966895,1180,280,1283,1594,0.17565872020075282,0.781214933991618,0.4182571165491777,0.8709054938034413,0.3143897043387096
-33.82592054157211,-38.40876297368047,15.891255267804087,1176,266,1304,1594,0.1668757841907152,0.7831438074370376,0.4269478281828023,0.859423049798182,0.3123762646525417
-41.37321738549206,-38.513689337459084,15.766255267804086,1163,297,1297,1594,0.1863237139272271,0.7850726808824576,0.42144294739893584,0.8473212376225296,0.29415126116890494
-45.75787444772081,-38.50632995332998,15.711175368885488,1183,264,1290,1594,0.1656210790464241,0.7918237379414271,0.4265292360291756,0.880285773810148,0.33431970243608083
-33.821502554208685,-38.471233179092934,15.719935672129697,1172,278,1296,1594,0.17440401505646172,0.7870015543278774,0.42484255416799305,0.86097788432118,0.31178433978304326
-38.59315648150061,-38.416506334051356,15.638095469966892,1206,252,1303,1594,0.15809284818067754,0.7889304277732972,0.4254197658821229,0.8779126240322683,0.3197069454793973
-36.87162782665088,-38.50423013656765,15.826175368885488,1185,262,1307,1594,0.164366373902133,0.7860371176051676,0.42799058125727774,0.8693730070667905,0.3209998387550157
-37.200466195415785,-38.52803781042131,15.674335166722683,1152,290,1277,1594,0.18193224592220827,0.7802504972689079,0.4297393540729448,0.860760810348154,0.31153946225595874
-30.241268824209644,-38.364886096115335,15.675255267804085,1189,250,1318,1594,0.15683814303638646,0.7821793707143276,0.4252157787889194,0.8855452904131016,0.31731615569793076
-38.83053813800827,-38.35114300847553,15.50333516672268,1173,286,1289,1594,0.1794228356336261,0.7841082441597477,0.4226491082841756,0.8722627262729619,0.32135482056878767
-43.623866512994866,-38.46450682695827,15.615654762397066,1180,271,1262,1594,0.17001254705144292,0.7860371176051676,0.4232654262625448,0.8732561229701407,0.3263125270209557
-41.44842612668782,-38.484412799905385,15.706654762397065,1168,281,1278,1594,0.17628607277289837,0.7889304277732972,0.4278040846718277,0.8771579133580109,0.33614039438035875
-28.017849842065967,-38.39133308606256,15.669814560234258,1204,250,1316,1594,0.15683814303638646,0.7773571871007781,0.418980348725375,0.865027207911815,0.3067859925727278
-32.584056171902674,-38.37964278876813,15.755894459152852,1225,229,1321,1594,0.14366373902132998,0.7879659910505875,0.4206540075072237,0.8746704430902431,0.3161294930325602
-40.21348532465525,-38.429773828599984,15.697894459152856,1184,270,1289,1594,0.16938519447929737,0.7918237379414271,0.42934036841739126,0.8740790552456442,0.31781095076027416
-42.53297060516009,-38.437127780031176,15.699894459152857,1165,290,1281,1594,0.18193224592220827,0.7908593012187172,0.42782504105945457,0.8653716483578022,0.3011741015265148
-36.36833987150352,-38.30917851322115,15.612054256990048,1188,270,1281,1594,0.16938519447929737,0.7841082441597477,0.42952499522232196,0.8718115690914473,0.32162364648073233
-36.94059469125993,-38.29779603469094,15.840814560234259,1176,285,1316,1594,0.17879548306148055,0.7841082441597477,0.4292858929390938,0.8685120048060812,0.3165961427770451
-40.769771390560116,-38.30107869017899,16.01657486347847,1196,252,1277,1594,0.15809284818067754,0.7860371176051676,0.4251399649797789,0.8704236367690896,0.31802966740524313
-36.98976141965985,-38.316866442676115,16.024734661315662,1179,269,1298,1594,0.16875784190715182,0.7889304277732972,0.4245837456909617,0.8779396333948936,0.32244078443066443
-40.39830490663868,-38.35765941157473,16.069494964559873,1194,270,1296,1594,0.16938519447929737,0.7831438074370377,0.422043571911135,0.8728917177317123,0.3049490258983138
-37.53985182428878,-38.343648927939434,16.00941506564128,1186,272,1279,1594,0.17063989962358847,0.7802504972689079,0.42171977410230604,0.8382883908471569,0.2979721438864201
-39.29316891333226,-38.366676407752955,16.024335166722683,1192,262,1294,1594,0.164366373902133,0.7879659910505873,0.4224094833360599,0.8829801332811896,0.32631706160051765
-43.0365838751364,-38.481880127695476,16.090415065641277,1209,258,1277,1594,0.1618569636135508,0.7870015543278776,0.4194523868348367,0.8592462000110236,0.3163071916928548
-38.62775950613149,-38.49229257776918,16.059255267804087,1204,258,1318,1594,0.1618569636135508,0.7966459215549769,0.4266333694845319,0.8713172093303007,0.3161698834511589
-36.45761392491367,-38.47764396975188,16.077255267804084,1171,265,1310,1594,0.16624843161856964,0.779286060546198,0.4230573004621959,0.8802045703724096,0.3313657869139221
-39.241863823899536,-38.48832564167741,16.17617536888549,1189,267,1297,1594,0.16750313676286072,0.7802504972689079,0.42015785207035133,0.8774672761980457,0.32264960371795953
-32.98623954931587,-38.439118220117486,16.123935672129697,1206,254,1290,1594,0.15934755332496864,0.7860371176051676,0.4226744024755685,0.8686788610241817,0.31407279943653194
-41.04847181099722,-38.5268390720519,16.13025526780409,1148,306,1291,1594,0.191969887076537,0.7860371176051676,0.4204532507008165,0.8553137256658639,0.30057882921237494
-41.51670357672295,-38.56874249481128,16.088335166722683,1168,277,1296,1594,0.1737766624843162,0.7898948644960072,0.42187910764639697,0.8663358943900351,0.3010072192975264
-37.94365007236821,-38.52997966757002,15.996574863478472,1143,291,1282,1594,0.18255959849435383,0.7812149339916179,0.42294567359519475,0.8476359306448885,0.30785344184583147
-29.010035838568893,-38.497436179278424,16.026494964559873,1185,263,1306,1594,0.16499372647427854,0.7841082441597477,0.4190723836388044,0.8607727713834484,0.3330224973045642
-38.767399746115,-38.52784938685052,16.095574863478472,1191,268,1296,1594,0.16813048933500627,0.7908593012187172,0.4284963519326347,0.8711035242904512,0.3030084241735523
-41.60352017693592,-38.585153885409255,16.114335166722682,1168,281,1296,1594,0.17628607277289837,0.795681484832267,0.42553115724038365,0.8624479891598887,0.32888600759156733
-38.89312680227801,-38.65631570982635,16.158015571048296,1169,287,1294,1594,0.18005018820577165,0.7889304277732972,0.4258495384933049,0.8798067086073589,0.33099735509250333
-36.169300384524455,-38.67958036044692,16.307095469966892,1178,271,1293,1594,0.17001254705144292,0.7802504972689079,0.4190847082286892,0.8595193639872568,0.3161455614482296
-31.634923198223994,-38.58729995197337,16.268015571048295,1180,275,1307,1594,0.1725219573400251,0.7850726808824576,0.4234933455538587,0.8488017785030126,0.3002778233525965
-44.74720279742532,-38.72778317127061,16.342935672129702,1187,269,1293,1594,0.16875784190715182,0.7898948644960074,0.42493302557742774,0.883206651116451,0.328787989275845
-36.21396477137145,-38.69709315485385,16.309855773211105,1165,291,1279,1594,0.18255959849435383,0.7860371176051676,0.42016841406223093,0.8670253514426786,0.31820099344791863
-36.44192646410584,-38.720996421958546,16.396456278618125,1173,285,1302,1594,0.17879548306148055,0.7879659910505873,0.42043717292793764,0.859923615299913,0.31330030710692514
-33.554671748187126,-38.71578163359745,16.391536177536718,1150,293,1283,1594,0.18381430363864493,0.7821793707143277,0.42773783684227346,0.8787829812107667,0.3061366491107798
-34.31830467265904,-38.60201650513301,16.393536177536717,1163,292,1299,1594,0.18318695106649938,0.7812149339916179,0.42490472125069395,0.8526017245270955,0.299709839967367
-37.94210813403411,-38.613797364956866,16.417775874292506,1149,292,1278,1594,0.18318695106649938,0.7870015543278776,0.42355175710110166,0.8621904629086851,0.30731016041249876
-46.5645738333218,-38.68720798037684,16.46569597537391,1188,260,1282,1594,0.16311166875784192,0.7937526113868469,0.4202172747155921,0.8880530837851112,0.3218411229133081
-39.006325087498645,-38.739351793064046,16.380855773211103,1157,284,1297,1594,0.178168130489335,0.7860371176051675,0.41934805753588006,0.8619468199839382,0.30786515093209244
-27.943968118918725,-38.67160545607178,16.4810155710483,1184,260,1311,1594,0.16311166875784192,0.7812149339916179,0.42535059694367283,0.8965701399536283,0.33229402981795536
-41.405503693142016,-38.685603608342014,16.400255267804088,1162,287,1288,1594,0.18005018820577165,0.7841082441597477,0.428624801527916,0.8706876231407356,0.30798639876770034
-37.498290575487886,-38.756029011925875,16.576255267804086,1187,260,1308,1594,0.16311166875784192,0.7889304277732972,0.42509602530268203,0.87812193727895,0.3270711884435058
-39.45563334937884,-38.76973646092736,16.564255267804086,1169,284,1316,1594,0.178168130489335,0.7850726808824575,0.4267364033518827,0.8809092091369902,0.32013313731158477
-43.443503025958925,-38.82855907266452,16.693935672129705,1185,273,1287,1594,0.171267252195734,0.794717048109557,0.42719308443590326,0.8680618230902309,0.3211284510795744
-40.86674752410017,-38.8015939013022,16.5900155710483,1195,263,1283,1594,0.16499372647427854,0.7879659910505875,0.419832404224682,0.874145574083851,0.3282791039377522
-42.6568408239076,-38.743523160521235,16.590175368885493,1146,303,1269,1594,0.19008782936010038,0.778321623823488,0.4213240932988503,0.8791174786747127,0.33325725815917245
-42.56895981126425,-38.77391222698066,16.617175368885494,1155,289,1268,1594,0.18130489335006272,0.7841082441597477,0.4135475645344727,0.86998266276354,0.3089306466253057
-34.69566332216583,-38.726758338118955,16.601335166722684,1144,309,1288,1594,0.19385194479297366,0.7879659910505873,0.4229474835825158,0.8669358513896402,0.3025718254850945
-42.8681237516962,-38.69923745032213,16.479335166722684,1168,298,1286,1594,0.18695106649937265,0.7898948644960072,0.42716646889896115,0.8490939263531785,0.3131863826698901
-32.51463646156081,-38.57586592482324,16.403255267804088,1168,273,1309,1594,0.171267252195734,0.7841082441597477,0.4238551720067284,0.877703689374346,0.32220799239155185
-42.62768419660188,-38.596388082940045,16.548255267804088,1166,289,1295,1594,0.18130489335006272,0.7860371176051676,0.4312563917761724,0.8659042854091105,0.31477511989805457
-43.24569752105559,-38.58844312412484,16.58317536888549,1161,283,1292,1594,0.17754077791718947,0.7908593012187174,0.42926505561033634,0.8662687045842792,0.3223719704776232
-34.632601291865335,-38.63240065006143,16.636855773211106,1206,257,1301,1594,0.16122961104140526,0.7898948644960074,0.4286509210712774,0.8728574351844139,0.31296933588257175
-38.152592717368194,-38.6202883479913,16.731855773211105,1192,270,1290,1594,0.16938519447929737,0.7889304277732975,0.4298240709059022,0.8715055574899225,0.3226112367045932
-36.771933174792636,-38.62034445922162,16.77577587429251,1153,291,1289,1594,0.18255959849435383,0.7821793707143277,0.4251252557331964,0.8710746353812647,0.3332545277978978
-38.34860641076942,-38.56704818473974,16.7920155710483,1176,272,1273,1594,0.17063989962358847,0.7821793707143277,0.42119314957207327,0.8499602201680384,0.3038049879796058
-35.03694802152281,-38.55232081718745,16.7690155710483,1192,267,1299,1594,0.16750313676286072,0.7908593012187174,0.4289607468145698,0.8611688606493977,0.31456380358721064
-45.40401758683238,-38.62993931649811,16.868095469966896,1167,279,1271,1594,0.17503136762860727,0.7879659910505875,0.4243823157214557,0.8718036535446622,0.31287222921575086
-33.91295079560832,-38.596311882496266,16.799935672129706,1175,269,1289,1594,0.16875784190715182,0.779286060546198,0.4256311757530903,0.8745657453173822,0.3241172565372892
-31.959990603121884,-38.52846363300189,16.559015571048295,1205,248,1316,1594,0.15558343789209536,0.7831438074370377,0.4224745282920473,0.8669705031224791,0.3123662975257339
-31.532749783208583,-38.48914595283961,16.65977587429251,1156,287,1286,1594,0.18005018820577165,0.7812149339916179,0.42217776104605337,0.8679371935233574,0.30571360785881047
-42.048551953864624,-38.54502078619618,16.565775874292505,1168,286,1288,1594,0.1794228356336261,0.7918237379414271,0.4260053524022829,0.8811875674954837,0.32642314851673443
-37.74568721152788,-38.62494313711294,16.767376379699524,1196,264,1295,1594,0.1656210790464241,0.7918237379414272,0.42630102962991645,0.8862217459107494,0.3168374968106465
-42.383461287915786,-38.64541603812776,16.887536177536717,1178,272,1273,1594,0.17063989962358847,0.778321623823488,0.42921628702892417,0.8708726911452431,0.31670650278640994
-47.31981455396345,-38.67235759944475,16.957456278618125,1160,292,1280,1594,0.18318695106649938,0.7908593012187172,0.4263809793056998,0.8682381468598273,0.3170354874735147
