-43.314251494119056,-43.314251494119056,17.615727080210377,1148,300,1266,1594,0.18820577164366373,0.7850726808824576,0.42463779910843125,0.8718432003721692,0.32131506728993636
-45.871618821007075,-44.59293515756306,16.161732134280545,1175,282,1292,1594,0.17691342534504392,0.794717048109557,0.4216036120514449,0.8699717812974247,0.30683353203884906
-33.05014281518262,-40.745337710102916,13.707737188350727,1170,289,1306,1594,0.18130489335006272,0.7860371176051676,0.4313509240463703,0.8770111768439648,0.32630685442098545
-31.332837516771786,-38.39221266177013,14.036732134280545,1203,252,1309,1594,0.15809284818067754,0.7802504972689079,0.42514449552571537,0.8726442865948458,0.3216108572375925
-43.30503241603138,-39.374776612622384,14.826139209978797,1183,273,1302,1594,0.171267252195734,0.7898948644960074,0.4272872757146297,0.8739689113644,0.32161787343857623
-41.79244582461812,-39.77772148128834,15.491070521684064,1168,277,1275,1594,0.1737766624843162,0.7860371176051676,0.4251248057808741,0.8707520700215966,0.30751040152664716
-37.340214462412526,-39.42950619287751,15.524305728882053,1177,285,1307,1594,0.17879548306148055,0.7898948644960074,0.42368419105944555,0.8592243051365704,0.30016321630458304
-42.56447997269773,-39.821377915355036,15.097234661315637,1201,242,1314,1594,0.15181932245922208,0.7918237379414271,0.42749618338005096,0.8603599791593739,0.30866910320421476
-36.27542653053031,-39.427383317041176,14.89928937452616,1193,261,1308,1594,0.16373902132998747,0.7831438074370377,0.4182190483868762,0.8617646751896589,0.3148727504398147
-41.42126537518768,-39.626771522855826,15.748536177536696,1189,274,1305,1594,0.17189460476787954,0.7898948644960074,0.4278403883784834,0.8668674331008978,0.31431475966774797
-39.940563296252634,-39.65529804771008,16.88264352249428,1189,268,1291,1594,0.16813048933500627,0.7889304277732972,0.41353954463591713,0.8734580771849223,0.32023222731928236
-42.18607618423135,-39.86619622575352,17.193067994648988,1164,278,1288,1594,0.17440401505646172,0.7927881746641371,0.423927316702442,0.8796164371787296,0.3226607133055169
-34.47077635222854,-39.45116392779006,17.556964069835228,1187,258,1303,1594,0.1618569636135508,0.7898948644960072,0.4187294281179615,0.8734944343274287,0.32403097177983775
-41.22002363987159,-39.577511050081604,17.98373141227055,1166,282,1270,1594,0.17691342534504392,0.7898948644960072,0.4274353819760874,0.8793399723110974,0.31874856982434435
-40.28076505340145,-39.624394650302925,17.7391977901332,1178,265,1295,1594,0.16624843161856964,0.7870015543278774,0.41962571125332276,0.8735302360086803,0.3185477534759085
-41.361137050796394,-39.732941050333764,18.017982134280576,1192,269,1291,1594,0.16875784190715182,0.7898948644960072,0.42634318033855195,0.8696204508573869,0.3211949609863369
-37.34583121061968,-39.59252282446823,17.563498326654155,1165,282,1281,1594,0.17691342534504392,0.7860371176051676,0.427867528654112,0.8676864811363972,0.31581014600972507
-31.20916324746704,-39.126780625745944,16.889953794939444,1187,275,1299,1594,0.1725219573400251,0.7841082441597477,0.41858958702267546,0.8623070053465448,0.31921023703669044
-31.343827898172275,-38.717151534821014,16.93257450554742,1185,263,1297,1594,0.16499372647427854,0.7850726808824575,0.42101282984195576,0.8608796378402471,0.3073674517730274
-42.69534955274654,-38.91606143571729,16.87053365050162,1184,266,1304,1594,0.1668757841907152,0.7985747950003967,0.42368096996129406,0.8618922920506026,0.31246442833780347
-36.759036614166,-38.81334596802437,17.02030476620204,1157,286,1263,1594,0.1794228356336261,0.7802504972689079,0.43014112299673707,0.866012050651328,0.30998842412904276
-40.74629546568805,-38.90120730882727,17.36027942666973,1161,292,1275,1594,0.18318695106649938,0.7889304277732975,0.42314738372099997,0.871571777536493,0.31535584059435456
-36.57933206626959,-38.80025621132476,17.09277759022108,1184,282,1279,1594,0.17691342534504392,0.7831438074370376,0.42492950448685163,0.8721024474879512,0.32187883796759087
-39.72383841036726,-38.838738802951525,17.098233397798115,1163,280,1278,1594,0.17565872020075282,0.7831438074370377,0.42785060371910255,0.8580091251187875,0.31293637785946576
-39.32575963922616,-38.85821963640251,17.12661354942022,1212,240,1299,1594,0.15056461731493098,0.7889304277732975,0.42261245480196447,0.8804031781760697,0.31993402096750995
-41.107695406190444,-38.94473793524051,17.202810612456013,1189,267,1294,1594,0.16750313676286072,0.7898948644960072,0.42481666415702996,0.8741708873760629,0.32683706927975315
-40.89081954866614,-39.016815032034046,17.507288625775054,1171,267,1289,1594,0.16750313676286072,0.7860371176051676,0.42417177147892404,0.8709701852527622,0.3153012202088635
-37.969156583662915,-38.97939865887793,17.56087607443847,1197,248,1298,1594,0.15558343789209536,0.7889304277732972,0.42317952972950856,0.8719266248437759,0.3268946704500479
-44.831124272783896,-39.18118230073676,17.300423009400962,1151,295,1280,1594,0.185069008782936,0.7956814848322671,0.4324416144046914,0.8565966043935348,0.31683534293022625
-36.91650998085486,-39.105693223407364,17.054266478427945,1164,292,1287,1594,0.18318695106649938,0.7841082441597477,0.4224944041712848,0.8744236579046075,0.318226399198084
-44.80675738329822,-39.289598518887715,16.9500552040293,1149,288,1271,1594,0.1806775407779172,0.7889304277732972,0.428098889595289,0.8550298000117413,0.3284832327038634
-42.0424345195267,-39.375624643907685,17.05473308191873,1162,289,1284,1594,0.18130489335006272,0.7927881746641371,0.42443305988903707,0.8678480726605367,0.3222351191274057
-38.263526653131485,-39.34192470479326,17.1290665396894,1164,277,1299,1594,0.1737766624843162,0.7860371176051675,0.42552635707761827,0.8743233126478357,0.32439792589883276
-34.474169139481546,-39.19875542346056,17.05490979406179,1187,269,1302,1594,0.16875784190715182,0.7821793707143277,0.4241818761494571,0.8659809914566198,0.3080238901013591
-31.18086252915977,-38.969672769337684,16.730933145094607,1175,261,1309,1594,0.16373902132998747,0.7821793707143277,0.4286413942250408,0.8508807520816131,0.30116681730955747
-43.04267787136604,-39.08281179994958,16.74651159674841,1147,313,1276,1594,0.19636135508155583,0.7812149339916179,0.42951202974585473,0.8513128770764067,0.30960348277819677
-38.79037921771716,-39.074908216646,16.683301477602523,1161,289,1288,1594,0.18130489335006272,0.7889304277732972,0.4334449453351053,0.8672418378139949,0.33036219577316145
-33.66834565125641,-38.93263025439891,16.78415478293431,1174,272,1291,1594,0.17063989962358847,0.7889304277732972,0.4283985443985319,0.88555905955372,0.3252374841635271
-39.830035254402844,-38.9556406390144,16.977272021326005,1175,275,1312,1594,0.1725219573400251,0.7870015543278774,0.42087981816015874,0.8639081230177563,0.30986129950104463
-38.79229251810171,-38.951556935991576,17.056132892391098,1157,294,1298,1594,0.18444165621079048,0.7860371176051676,0.4266156784514313,0.8707082289863184,0.30838883287877533
-43.72501314109868,-39.06798269709175,17.162074707125246,1164,287,1275,1594,0.18005018820577165,0.7879659910505875,0.42838121248272915,0.8873909461376682,0.32676719665357784
-45.21429124723319,-39.214323376857024,17.194494761052503,1177,272,1303,1594,0.17063989962358847,0.7918237379414272,0.42549411583695795,0.871685107776358,0.3239110516968226
-38.76064782064216,-39.20377278252644,17.211081794245487,1171,269,1270,1594,0.16875784190715182,0.7841082441597477,0.4272080317910463,0.8657907385020317,0.3109611769774375
-38.99116478216474,-39.19894078251822,17.329369187108327,1205,244,1301,1594,0.15307402760351319,0.7908593012187174,0.41229770808139304,0.8733915296414633,0.311733246881056
-38.58252060034271,-39.18524255624765,17.36204425620572,1193,247,1306,1594,0.1549560853199498,0.7898948644960072,0.42470276451270417,0.8694056695661107,0.30736833094045646
-34.727074236748074,-39.088325853649835,17.075733672475845,1203,258,1312,1594,0.1618569636135508,0.7870015543278774,0.4199448394251481,0.8569817370381568,0.3075404479831615
-36.80270358091864,-39.03969559252789,16.98066991749446,1181,273,1300,1594,0.171267252195734,0.7870015543278774,0.423226955024271,0.8704864430365854,0.32862280138601535
-39.57830481945482,-39.05091661808888,16.87306694171771,1163,292,1283,1594,0.18318695106649938,0.7918237379414272,0.4243763279729607,0.8452438208543187,0.3000845799109764
-40.06365125189912,-39.07158467184011,16.835162046584905,1195,253,1310,1594,0.1587202007528231,0.7898948644960074,0.4232146343624795,0.8737138340670415,0.3139500870778411
-43.63268952195997,-39.1628067688425,16.70629395374584,1163,292,1309,1594,0.18318695106649938,0.7908593012187172,0.429561157384749,0.87007499611846,0.3170915768066828
-35.19703675962047,-39.085046572583245,16.814478718811017,1200,257,1291,1594,0.16122961104140526,0.7879659910505875,0.4221807398951781,0.8811321461339098,0.3273062174250036
-42.48921228253072,-39.15051129777454,16.8818104180687,1199,259,1300,1594,0.16248431618569636,0.7860371176051675,0.42743140655542183,0.8704188859747303,0.32043221829169616
-35.97726395034519,-39.09063870631361,16.831506958863827,1174,278,1285,1594,0.17440401505646172,0.7821793707143276,0.41848424077754187,0.8791828406813379,0.3195759026362213
-32.02011710817586,-38.95970312116291,16.68691825540468,1175,281,1316,1594,0.17628607277289837,0.7860371176051675,0.4248968935870058,0.8536189002991122,0.31193207250484306
-34.25853778623326,-38.87422738780055,16.665769141162233,1185,266,1301,1594,0.1668757841907152,0.7831438074370377,0.4243064068163814,0.8657890844415809,0.30790066382594306
-37.03249795038113,-38.84133936213235,16.793446961502376,1211,254,1295,1594,0.15934755332496864,0.7908593012187172,0.4215424013490544,0.8803698935923675,0.3257232590111045
-30.25208468280234,-38.69065068354762,16.59734661270778,1210,259,1306,1594,0.16248431618569636,0.7812149339916179,0.4224883519538492,0.8754282481364718,0.32465591142534317
-43.56750443106716,-38.77473436884967,16.652698174356797,1188,271,1284,1594,0.17001254705144292,0.7879659910505875,0.4224213187153596,0.871862278417547,0.31668048936530074
-44.46673550208024,-38.871208964328154,16.76915612008075,1142,302,1267,1594,0.18946047678795483,0.7918237379414271,0.41499045833376336,0.8655327492424738,0.3113761765535346
-37.64241261709263,-38.85072902520756,16.686598969416245,1191,255,1291,1594,0.1599749058971142,0.7850726808824576,0.4197570225524448,0.888622836707457,0.3219401209216704
-43.24986424170296,-38.92284599596979,16.711142716028633,1136,303,1277,1594,0.19008782936010038,0.7841082441597476,0.42637263998628355,0.8672132018792474,0.3204758239994426
-31.17324428850944,-38.79785242004301,16.52611939408929,1180,256,1312,1594,0.1606022584692597,0.779286060546198,0.43063004295969254,0.8673191660279183,0.3092484550416585
-31.405797794125323,-38.680518219631615,16.679795867014075,1187,259,1285,1594,0.16248431618569636,0.7812149339916179,0.42214076296936964,0.8707910911899625,0.3171225025946706
-35.649432875120866,-38.63315751112363,16.589732292220265,1181,268,1292,1594,0.16813048933500627,0.7831438074370377,0.42720328819420017,0.8667695218257848,0.322444970242063
-39.97081436457487,-38.65373684733057,16.620655599978278,1191,261,1285,1594,0.16373902132998747,0.7860371176051675,0.42754688477975256,0.8666662699906796,0.32563923187013105
-37.07042752678276,-38.62974731217075,16.678035624044526,1162,283,1288,1594,0.17754077791718947,0.7860371176051676,0.42486941732710376,0.8712294831321551,0.31802292356825584
-39.26974592470209,-38.63929953026823,16.770896992289998,1164,286,1301,1594,0.1794228356336261,0.7995392317231066,0.42799291471420114,0.8483836869292323,0.32236886222765465
-28.408614391020695,-38.48884827822047,16.627321112820304,1181,258,1307,1594,0.1618569636135508,0.778321623823488,0.4240033019337377,0.8643252900341677,0.30246521499149986
-41.79894614062766,-38.536820711008986,16.609645983480164,1195,269,1294,1594,0.16875784190715182,0.7918237379414272,0.4357984725932876,0.8781686385688516,0.32146599990761765
-42.60043207572766,-38.594872301933535,16.555333000692602,1153,284,1284,1594,0.178168130489335,0.7927881746641372,0.42551402343852274,0.8535542091710505,0.3044375244289827
-45.15813732745423,-38.68731265440566,16.60243742739399,1172,280,1272,1594,0.17565872020075282,0.794717048109557,0.4283984106096204,0.8669381333505934,0.32366013772664964
-38.556908895067004,-38.685501491081524,16.722177421070047,1181,277,1295,1594,0.1737766624843162,0.7850726808824575,0.4268494178656138,0.8636503817109041,0.31848435707185674
-38.294737797721986,-38.680148563775234,16.821870159089517,1181,270,1277,1594,0.16938519447929737,0.7870015543278776,0.4190094493123349,0.8658951823657586,0.3073397870119378
-32.71890786872874,-38.599591257085414,16.878543901266823,1188,264,1291,1594,0.1656210790464241,0.7821793707143277,0.41978212303414886,0.8626593088386438,0.3180652621128129
-48.759123167249946,-38.73505168255428,16.98559981176128,1168,273,1293,1594,0.171267252195734,0.8024325418912365,0.4172316253929828,0.8703273912505781,0.32400259138873216
-33.86111633799654,-38.67092095433641,16.98194372461114,1188,262,1303,1594,0.164366373902133,0.7850726808824575,0.43110851755945084,0.8728135027538916,0.30531764382660515
-36.87176540551014,-38.64755529785815,17.05230480996023,1162,289,1270,1594,0.18130489335006272,0.7841082441597477,0.4239045930486497,0.8619652185029106,0.31743680045698114
-44.75062317851244,-38.72579975786654,17.118604965884717,1150,285,1262,1594,0.17879548306148055,0.779286060546198,0.42463321747009347,0.8670792943082222,0.31931465992381414
-36.53197917842257,-38.69802987711408,17.14378385477669,1179,264,1294,1594,0.1656210790464241,0.7841082441597477,0.42755698980138374,0.8746191788821229,0.3270692068344085
-44.423418431422526,-38.769597234042934,17.17448339779812,1203,247,1307,1594,0.1549560853199498,0.7889304277732972,0.4338305156207095,0.8824931595477915,0.3235188211890863
-35.871119436458756,-38.733813557529544,17.26635060375383,1182,269,1299,1594,0.16875784190715182,0.7860371176051676,0.4257527030698681,0.8783410593586257,0.32336202054308893
-36.576637113145004,-38.70750652771998,17.299782147468427,1184,270,1285,1594,0.16938519447929737,0.7850726808824576,0.4250722278522496,0.8580823610778276,0.3114491517261991
-44.45828588077157,-38.776793025949516,17.220456182802668,1162,281,1288,1594,0.17628607277289837,0.7831438074370377,0.4244319178166221,0.8750212800320382,0.3255229834445099
-31.81546918964964,-38.69392012313642,17.225161788724186,1211,242,1319,1594,0.15181932245922208,0.7879659910505873,0.4264516474301396,0.8639973956318424,0.3242658432140002
-32.97583764240205,-38.62664856453954,17.218085967351787,1178,273,1309,1594,0.171267252195734,0.7831438074370377,0.4176279146335437,0.8614854075402482,0.3068211180182338
-34.29313670907946,-38.57625889180164,17.165454239878294,1176,284,1301,1594,0.178168130489335,0.7927881746641371,0.4262523389805921,0.8515765627877577,0.32734325065353326
-37.60293217557519,-38.56507122839674,17.193342782001892,1176,279,1292,1594,0.17503136762860727,0.7870015543278776,0.43020067329183437,0.8601139083058221,0.3070047533782745
-37.64951908152456,-38.55466722672773,17.22068828784836,1176,293,1276,1594,0.18381430363864493,0.7850726808824576,0.4198322164101242,0.8430784687098081,0.3172544266033131
-37.51729603396712,-38.5430113706293,17.176722545157375,1177,279,1293,1594,0.17503136762860727,0.7850726808824576,0.4234487685140436,0.8767554526448976,0.3490504186841919
-41.607683039499946,-38.577063278061196,17.239555704254848,1184,275,1279,1594,0.1725219573400251,0.779286060546198,0.4244846269386334,0.8701270521548935,0.3101998841172738
-43.26940123686599,-38.62862743145466,17.20083231278183,1170,279,1265,1594,0.17503136762860727,0.7879659910505875,0.4217941671330683,0.8709750496070766,0.32056480611309296
-32.75734254576276,-38.56480911747975,17.23251595155823,1191,256,1281,1594,0.1606022584692597,0.7812149339916179,0.42610278251041045,0.8648678172732467,0.32561232056069733
-39.49013091891613,-38.57475881426939,17.301066717545243,1173,280,1272,1594,0.17565872020075282,0.7889304277732972,0.4321779783596747,0.8705860426653058,0.32246663717567764
-41.84307133456028,-38.60952809640014,17.40015884906296,1162,293,1303,1594,0.18381430363864493,0.7918237379414271,0.42740430921669975,0.85138314149712,0.3218643345183673
-35.047757094936834,-38.57203577006894,17.39392283158178,1186,275,1295,1594,0.1725219573400251,0.7860371176051676,0.4296915074880636,0.8473237538555308,0.3128338072446324
-40.46240129988737,-38.591727077671216,17.337816731131454,1192,262,1291,1594,0.164366373902133,0.7841082441597477,0.42224850384983553,0.8670367315855328,0.30529506992614935
-37.64738901194873,-38.5819916336947,17.321176527429788,1195,257,1285,1594,0.16122961104140526,0.7850726808824576,0.42581158864200114,0.8763121727760289,0.3193277433385345
-37.51140480185358,-38.57106727826775,17.276222961641835,1177,278,1305,1594,0.17440401505646172,0.7841082441597477,0.4210378688414956,0.8573039325875099,0.3164109621130646
-39.29817734580408,-38.578411824404476,17.24615755088274,1171,287,1271,1594,0.18005018820577165,0.7850726808824576,0.42398082645090085,0.8553270111137722,0.32134275045651944
-34.81362282177016,-38.540763934378134,17.12377334725742,1173,274,1279,1594,0.17189460476787954,0.7821793707143277,0.4237167629205975,0.8714544292012771,0.3214836213513818
-40.13777057844348,-38.50899912522138,17.053613549420227,1195,264,1316,1594,0.1656210790464241,0.7879659910505873,0.4231281704219953,0.8809985741696821,0.32201839220988954
-36.44174938277898,-38.4147004308391,17.138693448338824,1202,255,1299,1594,0.1599749058971142,0.7841082441597477,0.4243103561669616,0.8748555494105833,0.31806910618846423
-38.443775754919265,-38.46863676023647,17.20069344833882,1180,273,1277,1594,0.171267252195734,0.7898948644960072,0.42405640481682033,0.858084490551887,0.3120914341614805
-35.25795531092289,-38.50788793817798,17.224613549420226,1185,274,1285,1594,0.17189460476787954,0.7860371176051676,0.4253805415748794,0.8724462418538613,0.31787482794075234
-36.692278709889464,-38.44176040111656,17.110933145094613,1151,271,1274,1594,0.17001254705144292,0.7821793707143277,0.4253528379117753,0.8645710388386246,0.30666951946127946
-36.052625653558884,-38.38436219940597,16.988853246176017,1172,269,1315,1594,0.16875784190715182,0.7850726808824576,0.4233741142886148,0.8787394751150296,0.32135846173991517
-42.60303866452039,-38.43699044142705,17.052853246176017,1186,260,1287,1594,0.16311166875784192,0.7898948644960072,0.41938946175948383,0.877238913896853,0.3166055495459535
-33.77416103855664,-38.34908725208563,17.129853246176015,1173,281,1297,1594,0.17628607277289837,0.7879659910505875,0.4294245406925296,0.8610434062357782,0.3157752978979503
-38.68559646334132,-38.373188951413745,17.107773347257417,1139,298,1287,1594,0.18695106649937265,0.7850726808824576,0.4291159930334373,0.8602536665629789,0.32443091631619414
-34.42150060595273,-38.30319130372139,16.930933145094613,1151,282,1299,1594,0.17691342534504392,0.7802504972689079,0.41932904610855953,0.8551272998412133,0.31533622099613456
-40.584600452399414,-38.309631675282866,16.853933145094615,1177,286,1308,1594,0.1794228356336261,0.7898948644960074,0.4269682135508268,0.8651956485149023,0.3191298230334739
-39.960271178796575,-38.28737362522852,16.81877334725742,1142,306,1267,1594,0.191969887076537,0.7850726808824575,0.4256905710738115,0.8478639966569149,0.30932521960369314
-31.004131059287175,-38.252707172299104,16.83753365050163,1226,227,1328,1594,0.1424090338770389,0.7860371176051676,0.42590595053551156,0.885387025356492,0.3226596329959628
-42.823033327443085,-38.26873726917482,16.816214054827242,1182,266,1302,1594,0.1668757841907152,0.7927881746641371,0.42369232574442894,0.8773310306287886,0.3150888219532016
-40.304055557342835,-38.26897017421423,16.848134155908646,1187,273,1304,1594,0.171267252195734,0.7860371176051676,0.42798137757895793,0.8696279454150652,0.31398103794546356
-41.4449584244377,-38.26980838795064,16.866214054827243,1183,272,1283,1594,0.17063989962358847,0.7927881746641371,0.4255879446329185,0.86714264768388,0.3185334563469044
-30.210120725134566,-38.19845128309579,16.914373852664436,1208,252,1318,1594,0.15809284818067754,0.7879659910505875,0.42862482828629367,0.8696691241448845,0.3200116046128223
-45.79819500887312,-38.34434160070985,16.966814560234262,1183,262,1305,1594,0.164366373902133,0.7918237379414271,0.43269269748301487,0.8720743376925991,0.3163632073734424
-39.65370783808331,-38.427440400108964,16.974894459152857,1182,265,1298,1594,0.16624843161856964,0.795681484832267,0.426930153649041,0.8836899092139179,0.32760714294606214
-38.5053148300748,-38.38554005288225,17.02521405482724,1180,278,1299,1594,0.17440401505646172,0.7841082441597477,0.4245925429755587,0.8744453231751859,0.3173785125519346
-35.57799716909711,-38.37372965843156,16.877974358071455,1171,274,1276,1594,0.17189460476787954,0.7879659910505875,0.42548060628913836,0.86095233616054,0.30721743043092836
-40.18855620570229,-38.368152265831704,16.870214054827244,1186,273,1293,1594,0.171267252195734,0.7898948644960074,0.41980171670430466,0.8783418030121434,0.3297735374232532
-41.08237666816283,-38.41318271185064,16.91921405482724,1160,286,1281,1594,0.1794228356336261,0.7841082441597477,0.4220938758293732,0.8494863126855821,0.3025297280290484
-34.950087140683706,-38.3654451991538,16.823974358071453,1169,272,1296,1594,0.17063989962358847,0.779286060546198,0.4307468061590191,0.8629330322625052,0.31913218961790185
-39.38970568999206,-38.36608465966145,16.900814560234263,1207,251,1313,1594,0.15746549560853199,0.7947170481095568,0.4226872367586201,0.8822934422678991,0.3233246732868939
-29.901034008241925,-38.25401804568197,16.876814560234262,1211,235,1300,1594,0.14742785445420326,0.7831438074370377,0.4288139101589761,0.8615483946038033,0.3230214709562035
-25.86968421234743,-38.10380669231878,16.68397435807145,1187,252,1305,1594,0.15809284818067754,0.7802504972689079,0.42282314529298964,0.8675076880465226,0.3173741518671373
-38.74427968615933,-38.11155792334374,16.656134155908646,1168,287,1295,1594,0.18005018820577165,0.7898948644960074,0.4248612223083529,0.8790004827245039,0.31460170864079146
-36.13577876004253,-38.02460446821633,16.736214054827244,1173,273,1280,1594,0.171267252195734,0.7898948644960074,0.4252174587280172,0.8705260711532622,0.3160378258605779
-35.444228922732655,-38.00988165763511,16.700974358071456,1181,267,1289,1594,0.16750313676286072,0.7860371176051676,0.41900480663908307,0.8776748808447148,0.3178784389864762
-34.51070943184929,-37.906921178120626,16.685814560234263,1191,257,1313,1594,0.16122961104140526,0.7850726808824576,0.4255198762336708,0.8742874983201289,0.31223052561091824
-42.243475257060034,-37.908931585495964,16.571054256990053,1170,292,1285,1594,0.18318695106649938,0.7841082441597477,0.42330367833311316,0.8701528702106712,0.3288326908390093
-38.29706600800981,-37.909266979044745,16.441134155908646,1163,293,1290,1594,0.18381430363864493,0.7870015543278776,0.42017715725493104,0.8561538310215034,0.3107809125746814
-43.56150868434795,-38.000140374493405,16.549214054827242,1194,267,1288,1594,0.16750313676286072,0.7821793707143277,0.4203564832014612,0.8630013590947111,0.30999375860190853
-41.532451245481106,-38.103656261656624,16.65821405482724,1157,301,1257,1594,0.18883312421580928,0.7850726808824576,0.422859458260208,0.8706931582786432,0.31719157897838796
-43.71840832233603,-38.11041356616633,16.721373852664435,1167,285,1280,1594,0.17879548306148055,0.7898948644960074,0.4259041908940507,0.8738045995881701,0.3201333194375716
-40.24019378053743,-38.124911711794525,16.893453751583035,1186,284,1298,1594,0.178168130489335,0.7870015543278776,0.42175613193695377,0.8596982165200026,0.312187620322719
-35.760579792904146,-38.145834053211004,16.812693448338823,1183,265,1302,1594,0.16624843161856964,0.7860371176051676,0.4216087104037064,0.8770088614266737,0.31896543314091125
-28.99664288300359,-38.037500129497005,16.654613549420226,1168,279,1290,1594,0.17503136762860727,0.7879659910505873,0.43079511430296885,0.8347562480941804,0.30170133809623373
-35.58751062494309,-38.00545231056542,16.49853365050163,1193,261,1307,1594,0.16373902132998747,0.7831438074370376,0.42788585953694636,0.8586938898236132,0.30691898026896847
-38.92237947193931,-37.957425973873825,16.50161354942023,1175,276,1318,1594,0.17314930991217065,0.7908593012187174,0.4301102380659491,0.8592725078058843,0.3275930656089931
-43.06453675331002,-37.93592842893459,16.45069344833883,1159,293,1279,1594,0.18381430363864493,0.7898948644960072,0.42636677392189043,0.8565243929533018,0.3093138249881554
-35.72480188474662,-37.90556996957564,16.46261354942023,1180,260,1283,1594,0.16311166875784192,0.7860371176051676,0.42468609620614917,0.8624607119662876,0.31255207877452834
-33.83362924128505,-37.853994614166844,16.299693448338825,1158,283,1293,1594,0.17754077791718947,0.7889304277732972,0.42729445809864786,0.8640023021487889,0.32020793415318766
-38.13318686241481,-37.849501276787564,16.31453365050163,1188,266,1289,1594,0.1668757841907152,0.7860371176051676,0.4287053152566713,0.8892181056465334,0.3314594144596104
-33.56681526192292,-37.837898687039306,16.400773347257424,1181,266,1308,1594,0.1668757841907152,0.7889304277732972,0.42620361661414213,0.8701069879517762,0.3145813407863282
-42.622018009855616,-37.89609183132868,16.47977334725742,1172,280,1288,1594,0.17565872020075282,0.7908593012187174,0.4305102510342899,0.8647570481209549,0.3116413387448649
-32.30503295812351,-37.82335911271536,16.57945375158304,1195,263,1279,1594,0.16499372647427854,0.7860371176051676,0.4283703167952972,0.8636414300552763,0.3156612816190431
-43.4326437436674,-37.85704903763305,16.72537385266444,1191,263,1295,1594,0.16499372647427854,0.7966459215549769,0.42441183475654537,0.8805298952380163,0.3263561619723785
-35.99890164263688,-37.780711158839814,16.765453751583042,1184,270,1308,1594,0.16938519447929737,0.7889304277732972,0.42457479924838204,0.8666864413784999,0.31877251748319974
-45.78598009779813,-37.88660059222159,16.823373852664442,1161,282,1288,1594,0.17691342534504392,0.7908593012187172,0.42537494876527576,0.8809556462393352,0.3257970906019656
-38.252380012784776,-37.844232269524134,16.670373852664444,1159,288,1295,1594,0.1806775407779172,0.7889304277732972,0.42123428096860166,0.8504568094607684,0.3034190931789163
-39.83877690617472,-37.88284739908242,16.64521405482725,1166,276,1296,1594,0.17314930991217065,0.7841082441597477,0.4316072055507906,0.8632936481428062,0.31680839390633775
-41.531516953195975,-37.977961397532624,16.73197435807146,1197,262,1289,1594,0.164366373902133,0.7850726808824576,0.4193317600888509,0.8635080816169002,0.31540002837647446
-39.016275957452415,-38.02553877924482,16.73673466131567,1161,281,1279,1594,0.17628607277289837,0.7850726808824576,0.4346985332830815,0.875565314314283,0.31790957067880676
-39.859440764802045,-38.05380820738903,16.768494964559878,1192,270,1285,1594,0.16938519447929737,0.7898948644960074,0.42880052123776635,0.880263535163896,0.32572677058442684
-37.53046395806888,-38.1265920001417,16.844574863478478,1167,289,1289,1594,0.18130489335006272,0.7879659910505873,0.42494215153495574,0.8490330805020679,0.31751173943500993
-37.599104142192104,-38.06690799725295,16.84473466131567,1175,290,1271,1594,0.18193224592220827,0.7860371176051676,0.4290933148140151,0.8571803706968465,0.3275350670448545
-39.50332109672858,-38.01727385319943,16.683654762397072,1149,299,1283,1594,0.1875784190715182,0.7918237379414271,0.42478378276154016,0.8501551684466498,0.3025684257354752
-41.801929586857966,-38.058869022897085,16.69165476239707,1151,305,1282,1594,0.19134253450439148,0.7821793707143277,0.42274922397008596,0.8713728969786131,0.311955348542559
-30.6261684384054,-37.93263206486411,16.62889445915286,1168,278,1288,1594,0.17440401505646172,0.7850726808824576,0.4250983100744539,0.8687316124554466,0.31804320949433446
-35.94726785938238,-37.98037230057284,16.716415065641282,1168,280,1304,1594,0.17565872020075282,0.7860371176051676,0.4281495086151426,0.8853160498011728,0.3316345286018717
-31.975147037869206,-37.986065793010276,16.522574863478475,1160,285,1288,1594,0.17879548306148055,0.7763927503780681,0.4284192082156277,0.8456407599059331,0.2972397318957276
-37.46415203282846,-38.004212984587355,16.542654762397074,1184,283,1309,1594,0.17754077791718947,0.7850726808824575,0.4234503367696349,0.8694563751859582,0.32981644146226774
-41.932276445144495,-38.02382760539305,16.59273466131567,1181,276,1295,1594,0.17314930991217065,0.7947170481095571,0.4211826415360393,0.8629614364620465,0.312043290807946
-36.3828208476256,-38.01695153860148,16.61349496455988,1175,264,1306,1594,0.1656210790464241,0.7889304277732972,0.43212541897311696,0.8743193486675391,0.3107236948136131
-33.213007486464114,-37.9563841542191,16.49565476239707,1165,282,1284,1594,0.17691342534504392,0.7802504972689079,0.42477118408657155,0.8614339717761853,0.304899692213014
-29.34517543770706,-37.96574976468596,16.479734661315664,1186,272,1305,1594,0.17063989962358847,0.7927881746641371,0.4236475748220081,0.8605222713134059,0.3142330848711255
-47.29661246091811,-38.02072642788886,16.45989445915286,1183,275,1285,1594,0.1725219573400251,0.7908593012187172,0.4256689685333136,0.86730344339458,0.31417178520983713
-44.521765889397805,-38.03993976602557,16.48589445915286,1147,308,1263,1594,0.1932245922208281,0.7812149339916179,0.4239829818376351,0.8528399672373145,0.3148461619258619
-32.59741762115603,-37.914332568962585,16.399134155908648,1173,290,1284,1594,0.18193224592220827,0.7831438074370377,0.4230601316153771,0.8544824538395167,0.31343262568728064
-39.76657629719186,-37.92642924298383,16.254974358071454,1183,279,1304,1594,0.17503136762860727,0.7889304277732972,0.42552500693279577,0.863740211046224,0.33536610263019817
-39.51547128100268,-37.938636577816645,16.128054256990048,1174,273,1293,1594,0.171267252195734,0.779286060546198,0.42259098886398705,0.8622354570125093,0.31167765526969765
-28.954041002062095,-37.90098790914998,15.965974358071456,1206,252,1305,1594,0.15809284818067754,0.7870015543278774,0.42238734097220365,0.8625008539652731,0.3113248289296728
-36.34278710608337,-37.776824548538315,15.827134155908645,1189,266,1312,1594,0.1668757841907152,0.7908593012187172,0.42574990895992265,0.8590821215229706,0.31884942663908095
-40.719521838848756,-37.84540860354683,15.859894459152857,1176,281,1300,1594,0.17628607277289837,0.7908593012187174,0.4252248831982972,0.8668023182528114,0.298214566704498
-33.73924420538271,-37.81408339154556,15.68705425699005,1171,277,1294,1594,0.1737766624843162,0.778321623823488,0.4280203825515324,0.8399383838812389,0.30339271825582187
-48.16802963295354,-37.848257456089975,15.715574863478471,1163,310,1280,1594,0.1944792973651192,0.7908593012187172,0.433846501595011,0.8726379259560031,0.3172990656583024
-38.138636426203576,-37.86432402856778,15.758494964559878,1182,276,1293,1594,0.17314930991217065,0.7879659910505875,0.42710973857858414,0.8649787124376669,0.31794487576341346
-35.83701348322809,-37.77845997908583,15.755734661315666,1151,286,1273,1594,0.1794228356336261,0.7831438074370377,0.42794734770025333,0.8668491442461547,0.32913810499818946
-37.33307341462151,-37.79307951886746,15.58357486347847,1194,254,1306,1594,0.15934755332496864,0.7870015543278776,0.42421396697170605,0.8676085503919219,0.3161981023273803
-36.324620377398226,-37.79055935150999,15.610494964559873,1172,271,1278,1594,0.17001254705144292,0.7841082441597477,0.4253569347307764,0.8748841210483228,0.32056795328689663
-33.52194412459616,-37.681195933948246,15.720494964559872,1180,261,1285,1594,0.16373902132998747,0.7841082441597477,0.4319963271084834,0.8766730257057335,0.32671663461899586
-36.75140117675483,-37.73055525381929,15.732415065641279,1201,251,1308,1594,0.15746549560853199,0.7870015543278774,0.4289707562929252,0.8654725756787413,0.317976179786933
-47.59231442653209,-37.87672002166059,15.790175368885489,1170,293,1299,1594,0.18381430363864493,0.7976103582776867,0.4271738665429818,0.865866737086137,0.32599097936783833
-41.35663345708744,-37.94735498914067,15.800335166722682,1174,282,1280,1594,0.17691342534504392,0.7898948644960072,0.4213530518586273,0.8688878308183999,0.3253029151790432
-43.970829459993794,-38.01103396198485,15.857494964559873,1171,270,1294,1594,0.16938519447929737,0.7898948644960074,0.4210586060546605,0.8784033052251669,0.3173692682305681
-37.082090222958655,-38.0053596733992,15.719654762397065,1181,264,1305,1594,0.1656210790464241,0.7879659910505873,0.4283095942421069,0.8593508828545628,0.30953142134969575
-32.44771475892478,-37.95466386064877,15.834734661315665,1200,251,1311,1594,0.15746549560853199,0.7927881746641371,0.42714546987563,0.8626118274264005,0.3122296883387526
-36.98612359821856,-37.90844826623596,15.680574863478473,1197,266,1296,1594,0.1668757841907152,0.7879659910505875,0.4236951070514331,0.8827703507581118,0.32322524441132183
-27.512693298487893,-37.75088118685218,15.591574863478472,1180,263,1312,1594,0.16499372647427854,0.7812149339916179,0.42825540827450037,0.8637309211809664,0.3154240803509008
-36.71868474583917,-37.79049460885294,15.57865476239707,1183,280,1280,1594,0.17565872020075282,0.7870015543278776,0.42243918695256505,0.8702986114731043,0.32019821242844665
-37.130414379344124,-37.766897443457225,15.427654762397072,1171,296,1298,1594,0.18569636135508155,0.7841082441597476,0.42607632919355776,0.8612483806868473,0.308723893089356
-41.63079155198796,-37.7647746456315,15.371654762397068,1177,273,1299,1594,0.171267252195734,0.7860371176051676,0.4249515317040703,0.8799871260436755,0.3300326825741255
-34.830127235531855,-37.76259834703745,15.366894459152858,1208,245,1296,1594,0.1537013801756587,0.7831438074370377,0.4210364087542236,0.8641060996990647,0.31789593080505263
-42.99465087148563,-37.78792084275344,15.484894459152859,1180,269,1274,1594,0.16875784190715182,0.7821793707143276,0.42179035842432927,0.8681865425179701,0.31082578942815386
-45.196323687383824,-37.86341018950779,15.545894459152857,1207,248,1299,1594,0.15558343789209536,0.794717048109557,0.4243039993866154,0.870435914516265,0.3154983475234342
-41.74515333651536,-37.9057476748544,15.621814560234265,1212,255,1295,1594,0.1599749058971142,0.7908593012187172,0.42932030526257164,0.8781506716428703,0.31816257404034404
-43.16574032247069,-37.94442330462107,15.699974358071456,1195,268,1299,1594,0.16813048933500627,0.7898948644960072,0.4267461376684995,0.868647880335129,0.3245376143726437
-33.70321925505731,-37.93331926895394,15.696054256990056,1193,249,1294,1594,0.1562107904642409,0.7860371176051675,0.42264643340818586,0.8601544221938716,0.31829308918128657
-36.96136707550111,-37.90155523392451,15.849134155908652,1156,299,1288,1594,0.1875784190715182,0.7879659910505873,0.42582940286678445,0.852145066429698,0.3182247134395211
-32.19798435328171,-37.85911758362955,15.734134155908652,1141,297,1297,1594,0.1863237139272271,0.7841082441597477,0.41881391508131666,0.8568045223784915,0.3067097837853475
-41.9086176524888,-37.89376600260524,15.789293953745844,1150,299,1290,1594,0.1875784190715182,0.7889304277732972,0.4234533120078858,0.863748227085007,0.3147831046793439
-38.63188227422296,-37.927505272238236,15.690293953745845,1173,268,1288,1594,0.16813048933500627,0.7841082441597477,0.42833567876214135,0.8630651166958815,0.3155140769765931
-41.76077592760168,-37.97819024441536,15.747293953745844,1160,280,1289,1594,0.17565872020075282,0.7860371176051676,0.42562908818660417,0.8563184187791332,0.33357679649762
-31.28349413146622,-37.930498929194435,15.738373852664438,1179,260,1299,1594,0.16311166875784192,0.7773571871007781,0.4220395091850342,0.8607477103979125,0.30640681030409317
-39.71193592661129,-37.90158790181534,15.688373852664437,1157,300,1298,1594,0.18820577164366373,0.7870015543278776,0.4228307073824244,0.8711694115326387,0.32116941264415694
-39.53413586294552,-37.959187650059235,15.66037385266444,1202,248,1299,1594,0.15558343789209536,0.7966459215549769,0.41731669630069135,0.8803453545978631,0.32751704869005466
-40.805684512983184,-37.98038853055566,15.700613549420229,1185,266,1290,1594,0.1668757841907152,0.7812149339916179,0.4295928304743718,0.8728688116128432,0.318192427202068
-25.573095786834593,-37.891904482364474,15.701693448338824,1208,244,1319,1594,0.15307402760351319,0.7802504972689079,0.41776427858146775,0.8722199591131005,0.30617164938913416
-29.675844055257482,-37.78281691839305,15.598453751583035,1171,277,1302,1594,0.1737766624843162,0.7831438074370377,0.4284953277489884,0.8490943408527235,0.31446708373981064
-40.04072397913338,-37.783621446396424,15.54953365050163,1160,273,1291,1594,0.171267252195734,0.7850726808824575,0.42678991793595117,0.8464203370650059,0.3135873256413097
-50.04343841428471,-37.974014519946394,15.543613549420227,1157,292,1281,1594,0.18318695106649938,0.7927881746641371,0.4309696572599172,0.8766334688715417,0.31583765975675876
-37.07961861337219,-37.91658037280569,15.40861354942023,1171,285,1292,1594,0.17879548306148055,0.7841082441597476,0.4244515456865613,0.8668556897988263,0.32133696074439827
-40.150829884576154,-37.91504811607802,15.356693448338824,1182,274,1306,1594,0.17189460476787954,0.7898948644960072,0.42160562302786253,0.8812398816126894,0.334088734482652
-40.48062784988531,-37.90540481033249,15.365853246176016,1159,284,1267,1594,0.178168130489335,0.7889304277732972,0.42657651362314963,0.870726294232003,0.3295635535246333
-34.736050045782655,-37.950664103538976,15.352013044013209,1216,241,1305,1594,0.15119196988707653,0.7870015543278776,0.4281800774663038,0.8730682920411473,0.3165809599193366
-39.450079129321765,-37.887182944743465,15.454252740768998,1176,272,1302,1594,0.17063989962358847,0.793752611386847,0.4218906991972829,0.8735227634470081,0.31636519251947276
-41.101803706197494,-37.901663903424605,15.502092942931803,1129,302,1258,1594,0.18946047678795483,0.7821793707143277,0.4193712718383299,0.8465678678162886,0.320810050690932
-42.317891296039825,-37.93978966808425,15.522693448338826,1218,251,1307,1594,0.15746549560853199,0.7918237379414271,0.4224675431283037,0.8782750036147716,0.324116692130673
-45.27938505829232,-38.03680354697621,15.652933145094615,1165,286,1285,1594,0.1794228356336261,0.7976103582776868,0.43051882589926466,0.8661540412039107,0.32072879010125394
-29.22137018189602,-37.92713168673814,15.464853246176016,1204,253,1312,1594,0.1587202007528231,0.7821793707143277,0.4177294882295331,0.8551646937447096,0.3081691046346235
-36.83606150322568,-37.88466853508877,15.471853246176018,1167,279,1291,1594,0.17503136762860727,0.7850726808824576,0.423113895996812,0.8565528225579765,0.2988871771688724
-42.181989903903826,-37.956987562720975,15.643933145094616,1171,284,1288,1594,0.178168130489335,0.7889304277732972,0.4226811889372473,0.8770569108062446,0.32640045484014163
-41.407200556598106,-37.97716251138703,15.56909294293181,1182,255,1277,1594,0.1599749058971142,0.7821793707143277,0.42747780879860187,0.8780799925477915,0.3311224545731835
-36.09314328836462,-38.03908360418826,15.541013044013214,1188,259,1318,1594,0.16248431618569636,0.7870015543278776,0.42704536853521274,0.8762303942234478,0.3301008554547011
-29.89429627682214,-38.079329724833,15.531773347257422,1217,244,1308,1594,0.15307402760351319,0.7812149339916177,0.42414540908820825,0.854279969174387,0.30464287836437803
-37.92687786991269,-38.07115570667053,15.434533650501635,1161,295,1298,1594,0.185069008782936,0.7831438074370377,0.4230145524140777,0.8501134767568742,0.3166099380775307
-44.71364797897314,-38.156934398859846,15.445533650501634,1171,280,1290,1594,0.17565872020075282,0.7879659910505873,0.4236090596220004,0.8518506561324587,0.310768498396138
-37.15126083910529,-38.174004718023575,15.558613549420231,1185,278,1296,1594,0.17440401505646172,0.7870015543278776,0.4292935649637099,0.8785024809602094,0.3262885425913076
-44.49850468373906,-38.27388267054248,15.588533650501631,1184,253,1276,1594,0.1587202007528231,0.794717048109557,0.4260973275760706,0.8831164103710932,0.3259244038065647
-34.855293968387045,-38.200000857655745,15.68037385266444,1175,265,1307,1594,0.16624843161856964,0.7831438074370377,0.4226824786878819,0.8545864503649366,0.3104069534592097
-29.0654471298314,-38.10768466887395,15.657453751583036,1177,273,1291,1594,0.171267252195734,0.779286060546198,0.420421871300236,0.85960498580791,0.30458254726260997
-34.62251490099248,-38.0182947310404,15.489293953745843,1154,284,1283,1594,0.178168130489335,0.7889304277732975,0.4183463761803924,0.8569847218635473,0.30748796441536336
-46.193103142682546,-38.06490125001241,15.60521405482725,1178,285,1306,1594,0.17879548306148055,0.7889304277732972,0.42652511400716325,0.8701172000645067,0.32638141276920746
-42.43422502922272,-38.05205941708128,15.64513415590865,1200,262,1283,1594,0.164366373902133,0.794717048109557,0.4313289796061939,0.866913399901164,0.310409238714541
-47.357542275768594,-38.12323290203359,15.393214054827247,1161,292,1280,1594,0.18318695106649938,0.7850726808824576,0.42269086672046025,0.8667428930615254,0.3202371454335001
-41.90506249621712,-38.18467772906673,15.468734661315668,1178,281,1293,1594,0.17628607277289837,0.7898948644960074,0.4262783868413925,0.874677929069903,0.31125141275651574
-38.264913231844204,-38.277360432555135,15.60373466131567,1168,284,1287,1594,0.178168130489335,0.7870015543278774,0.42790859930192826,0.8674895277407542,0.3228152787984309
-33.17733445137156,-38.253258670819406,15.668734661315668,1182,278,1293,1594,0.17440401505646172,0.7860371176051675,0.4284940422576411,0.8715381839281736,0.3219849778462707
-36.86698754564556,-38.23270475155648,15.606814560234266,1167,278,1289,1594,0.17440401505646172,0.7831438074370377,0.424952296188511,0.8711760658170702,0.3265182899831704
-36.124702940960674,-38.16330641343299,15.568415065641283,1176,278,1292,1594,0.17440401505646172,0.7870015543278774,0.425796628898059,0.861348131608112,0.3337033860061003
-36.399610910365716,-38.17005450368918,15.438494964559878,1143,302,1303,1594,0.18946047678795483,0.7908593012187172,0.4216405205751709,0.8667414142975604,0.3150953947009079
-26.316088065303273,-38.09487909192936,15.432494964559881,1207,244,1337,1594,0.15307402760351319,0.7841082441597477,0.4230719332855797,0.8529754052105066,0.3096816391297414
-48.605482290265115,-38.19960204620786,15.429574863478477,1159,294,1272,1594,0.18444165621079048,0.7898948644960072,0.42593370406283976,0.8744219584618774,0.3224915146985485
-34.736955033550494,-38.21130344392414,15.393734661315671,1167,291,1298,1594,0.18255959849435383,0.7812149339916179,0.42958100703412233,0.8513091546748403,0.31275023662945806
-37.214293224251875,-38.1572261960681,15.38973466131567,1154,294,1296,1594,0.18444165621079048,0.7841082441597476,0.41947516824871645,0.8690963839702833,0.32163843662947245
-34.28452365190206,-38.177021103005885,15.294974358071459,1177,266,1305,1594,0.1668757841907152,0.7812149339916179,0.4230314742150157,0.8466719731896121,0.31482951757217265
-41.91074025697784,-38.16180206813899,15.274293953745843,1193,269,1288,1594,0.16875784190715182,0.7860371176051676,0.4288792489336575,0.8794031870940505,0.3172427655504276
-35.33096896128248,-38.15512274132544,15.280293953745844,1162,312,1281,1594,0.19573400250941028,0.7812149339916179,0.4232968239224808,0.8679977176580093,0.3192101437113934
-43.632677957486784,-38.13358971992234,15.174293953745842,1173,270,1282,1594,0.16938519447929737,0.7918237379414272,0.42955309965619953,0.8579675543027311,0.29978741994665276
-35.715133514239824,-38.10821725493688,15.239373852664437,1160,292,1282,1594,0.18318695106649938,0.778321623823488,0.41813208650895023,0.8567508358021328,0.31555623999762433
-39.91785514929555,-38.10900803736809,15.405533650501631,1176,281,1291,1594,0.17628607277289837,0.7812149339916179,0.42475200800567486,0.8771634909519429,0.32415256795848885
-38.42950141422599,-38.077987881978395,15.473453751583035,1177,279,1294,1594,0.17503136762860727,0.7918237379414272,0.4264341741763432,0.872964641686702,0.3160690802104362
-37.870376568204556,-38.06652888808591,15.380613549420229,1166,294,1289,1594,0.18444165621079048,0.7831438074370377,0.42685957797191487,0.8512760582935556,0.32413874251408575
-41.602061411884534,-38.08395509455673,15.309853246176019,1152,295,1288,1594,0.185069008782936,0.7831438074370377,0.4269723707548475,0.8636257373953024,0.32629189273025955
-43.69846621835903,-38.145635117159635,15.351933145094614,1161,286,1284,1594,0.1794228356336261,0.7879659910505875,0.4250611824162021,0.8700143707881528,0.3239912697102197
-32.78062249004291,-38.097450300638144,15.293933145094613,1162,282,1283,1594,0.17691342534504392,0.7831438074370377,0.41918388337391566,0.8735651801498854,0.3284036008366506
-39.841559637407336,-38.10083268604493,15.274773347257419,1176,272,1287,1594,0.17063989962358847,0.7831438074370377,0.4288069698881371,0.8633877552896009,0.31340741995347615
-36.347814623871514,-38.04629153641507,15.302773347257421,1173,279,1284,1594,0.17503136762860727,0.7860371176051676,0.42539284616750517,0.8734934198194161,0.32487530971576156
-34.78558929224851,-38.0878857449535,15.387853246176018,1186,269,1312,1594,0.16875784190715182,0.7841082441597476,0.4183366628376238,0.8779455783279014,0.3183647011951279
-39.766686659253416,-38.126079932952216,15.383013044013213,1150,300,1282,1594,0.18820577164366373,0.7918237379414272,0.42319195168978413,0.8530052599271379,0.322769987540834
-39.977798243310254,-38.20610644500662,15.426933145094615,1190,265,1305,1594,0.16624843161856964,0.7841082441597477,0.4237655730236434,0.8581083045733203,0.31263278823028756
-28.6763416164559,-38.1182283408429,15.38385324617602,1239,235,1317,1594,0.14742785445420326,0.7860371176051676,0.42906592421441386,0.8774249261730519,0.3218185340955614
-34.48782465800876,-38.043783822971534,15.195252740769002,1184,267,1303,1594,0.16750313676286072,0.7773571871007781,0.41957904128139784,0.8585415929043282,0.3177359555118062
-40.79885842939183,-38.0879441987892,15.188412538606194,1192,268,1297,1594,0.16813048933500627,0.7927881746641371,0.4302651300658374,0.8824957963679004,0.3354858383485411
-34.05710423213328,-38.096385166245895,15.207332639687598,1173,278,1290,1594,0.17440401505646172,0.7870015543278776,0.43017199984110555,0.869240223314211,0.3115623865110316
-35.47757651204169,-38.157709176989236,15.284252740769002,1189,253,1315,1594,0.1587202007528231,0.7879659910505873,0.42788694041694697,0.8732535820574623,0.31210773069871134
-38.79639589052845,-38.072707011285345,15.363092942931809,1148,284,1286,1594,0.178168130489335,0.7821793707143277,0.42162981590791926,0.863859982419832,0.3119179856902858
-37.81206989772205,-38.005610051368585,15.414172841850405,1174,274,1298,1594,0.17189460476787954,0.7831438074370377,0.42583179336024435,0.8749620006831886,0.31980966594979826
-32.450145789197336,-38.004137333049,15.456172841850403,1201,261,1290,1594,0.16373902132998747,0.7860371176051675,0.4172990738187493,0.871163336325869,0.32210389797745226
-41.74850601704388,-38.02395663024752,15.449092942931806,1164,278,1284,1594,0.17440401505646172,0.7821793707143277,0.4245512198127425,0.8730464308275989,0.30593160400210345
-38.35412567053311,-38.01234317414282,15.508172841850405,1168,282,1292,1594,0.17691342534504392,0.7870015543278776,0.42473318850931185,0.872908553437543,0.31804371465641607
-36.72561177621582,-38.09005888188435,15.699252740769003,1193,260,1282,1594,0.16311166875784192,0.7889304277732975,0.4279862529332061,0.8787140865644956,0.31274970950521713
-42.7870334111979,-38.154501344935504,15.715013044013215,1170,273,1291,1594,0.171267252195734,0.7831438074370377,0.42131268277852374,0.8714481366895063,0.3158690711450793
-33.08242831245131,-38.07813040967153,15.630252740769002,1145,299,1311,1594,0.1875784190715182,0.7831438074370376,0.42038240418804296,0.8497773298996885,0.32969395958099296
-34.50198500123014,-38.085757817630004,15.634252740769,1182,266,1292,1594,0.1668757841907152,0.7812149339916179,0.42519847892714846,0.867621082075245,0.3178636182153718
-34.434674261477966,-37.94842426391525,15.59649243752479,1211,241,1295,1594,0.15119196988707653,0.7841082441597477,0.42781598058580383,0.8695817771343338,0.3176208775758114
-46.05141882116263,-38.02755208786484,15.600572336443385,1164,280,1281,1594,0.17565872020075282,0.7927881746641371,0.4327808341832925,0.8665515443268452,0.3169818907065604
-34.98414846279732,-38.01902343766053,15.550732134280576,1220,241,1322,1594,0.15119196988707653,0.7879659910505875,0.4247413580662115,0.8773114632972102,0.32902124315866793
-32.79219925645585,-37.973614696078876,15.522891932117771,1176,264,1302,1594,0.1656210790464241,0.7821793707143277,0.4239439583067407,0.867294901504834,0.32070631112733833
-36.531563900857265,-37.975684131313464,15.574971831036367,1173,290,1290,1594,0.18193224592220827,0.7850726808824576,0.4162279640027661,0.8668963268388615,0.3126318347904297
-35.7873980867532,-37.998338670935034,15.529131628873559,1174,274,1295,1594,0.17189460476787954,0.7802504972689079,0.4244817643427126,0.8699546814946917,0.3166052715355377
-39.62993409511126,-38.0271240001186,15.53613162887356,1158,303,1289,1594,0.19008782936010038,0.7927881746641371,0.41564120181986025,0.8773959369509101,0.32358801787250263
-37.277794942490154,-37.92397880527818,15.373211527792154,1193,253,1299,1594,0.1587202007528231,0.7860371176051676,0.42185638306186796,0.8443209155360405,0.31097679736624295
-45.105242578928014,-37.96146489649659,15.44913162887356,1177,276,1304,1594,0.17314930991217065,0.793752611386847,0.4291952674964823,0.870047723836659,0.31539724838350613
-38.93663918626236,-37.91112299375928,15.243051729954963,1190,271,1298,1594,0.17001254705144292,0.7831438074370377,0.4258169635852888,0.8639426928219051,0.32039762105995334
-48.95920050125758,-38.029894096542264,15.416051729954964,1172,288,1278,1594,0.1806775407779172,0.7927881746641371,0.42241563960729267,0.880877686289471,0.331932932805386
-39.796738195617564,-38.10338433090919,15.382971831036368,1183,280,1302,1594,0.17565872020075282,0.7870015543278776,0.4255264153769357,0.8760315271741881,0.33769337439397423
-41.48008644081106,-38.148323959335116,15.525051729954962,1179,274,1267,1594,0.17189460476787954,0.7879659910505875,0.426493315243157,0.8730283080442378,0.3273447430165857
-39.91590728203197,-38.272356099170565,15.617891932117773,1175,270,1294,1594,0.16938519447929737,0.7850726808824576,0.42297831388630985,0.8618477729328605,0.31717441349452563
-35.05850766167966,-38.25575432832897,15.672891932117771,1187,268,1289,1594,0.16813048933500627,0.7860371176051675,0.42501398378098565,0.875428955999404,0.32635924119046156
-35.90716753525693,-38.24352185988809,15.638732134280579,1174,278,1283,1594,0.17440401505646172,0.7773571871007782,0.41876053789407874,0.8860830719832844,0.33452950106663454
-40.260257459627915,-38.2298165189645,15.642572336443386,1182,263,1287,1594,0.16499372647427854,0.7860371176051676,0.426736088403677,0.8672138179999119,0.32307064697241317
-37.00551213723627,-38.251570367981536,15.729332639687598,1183,264,1305,1594,0.1656210790464241,0.7898948644960072,0.42155967790513615,0.8715208318011299,0.3227350614101047
-41.019618215936156,-38.23182004142604,15.740412538606192,1196,263,1302,1594,0.16499372647427854,0.7841082441597477,0.4306894757439872,0.8849468937336552,0.3258985666200766
-44.96503838849888,-38.22950718843718,15.668172841850405,1138,302,1259,1594,0.18946047678795483,0.7879659910505875,0.42702064429984676,0.8749444823656654,0.3125894415470582
-41.34599384412228,-38.22551559351326,15.716172841850405,1174,272,1282,1594,0.17063989962358847,0.7850726808824576,0.42904975341943136,0.8759586886592393,0.32644246349684025
-35.87260557321596,-38.15258424602071,15.578092942931807,1186,267,1299,1594,0.16750313676286072,0.7870015543278776,0.4244343124751181,0.8501700844330543,0.30944386361393855
-33.691935698065734,-38.15247141045079,15.659933145094614,1190,261,1306,1594,0.16373902132998747,0.7821793707143277,0.42968813989960186,0.8558599781509829,0.3145001752283687
-43.07428633894464,-38.213600603085226,15.661092942931806,1180,271,1277,1594,0.17001254705144292,0.7841082441597477,0.4263734252946812,0.85966277213273,0.3066748749775691
-33.06721640967064,-38.222292923649114,15.707172841850404,1157,290,1292,1594,0.18193224592220827,0.7831438074370377,0.427490184667494,0.8631163518649839,0.32139791641057636
-47.74791112736858,-38.28068585839791,15.700013044013213,1133,308,1280,1594,0.1932245922208281,0.7889304277732975,0.4255338090446649,0.872391822035425,0.3267872517943335
-31.009214733384614,-38.204459182989524,15.69909294293181,1182,276,1303,1594,0.17314930991217065,0.7725350034872283,0.426423264846594,0.858499662056655,0.3259542815160255
-36.04195346765776,-38.14727095839009,15.770853246176019,1202,250,1306,1594,0.15683814303638646,0.7908593012187174,0.4291092898668277,0.8655028741076887,0.3138816480837378
-32.506900991493765,-38.15950502699036,15.802693448338825,1192,256,1301,1594,0.1606022584692597,0.7841082441597476,0.4256866211520358,0.8662234867815769,0.31151321622812134
-38.57335198597389,-38.148119187583994,15.807613549420228,1182,274,1292,1594,0.17189460476787954,0.7870015543278774,0.42614637595639554,0.8667080700652868,0.33439111701261215
-38.70364178934994,-38.13981424684804,15.788693448338824,1141,303,1278,1594,0.19008782936010038,0.7908593012187174,0.42234181676894983,0.873499466776469,0.31675566139105155
-41.502418197579125,-38.146781583694,15.83253365050163,1177,269,1300,1594,0.16875784190715182,0.7821793707143277,0.42087068323246724,0.8662111208313418,0.31456585785257934
-40.04523650197088,-38.291502990845366,15.926373852664437,1199,259,1314,1594,0.16248431618569636,0.7918237379414271,0.4281015410547712,0.8546854766124515,0.3062745000148184
-41.36836808942293,-38.40842823118702,16.012453751583035,1129,308,1266,1594,0.1932245922208281,0.7821793707143277,0.422195425282172,0.8642291966973525,0.3180629549985984
-38.373326628687124,-38.39175425768256,16.040373852664437,1175,281,1290,1594,0.17628607277289837,0.7879659910505873,0.4237496713831849,0.8568299655530877,0.3036616971733414
-38.20667201072797,-38.27338659364698,15.94937385266444,1203,267,1291,1594,0.16750313676286072,0.7889304277732975,0.42593053503188155,0.8666878337196172,0.3192708716807882
-38.641223876807594,-38.28900264628134,16.106533650501632,1189,263,1293,1594,0.16499372647427854,0.7908593012187172,0.4254580780497383,0.8698288971865141,0.3295258146472946
-32.32115904511467,-38.21070593788673,16.176613549420228,1173,279,1295,1594,0.17503136762860727,0.7850726808824576,0.4249414995547623,0.8724082370690903,0.32473658485344375
-36.74437383717058,-38.17334339775958,16.061533650501634,1160,275,1287,1594,0.1725219573400251,0.7841082441597476,0.4251466862212608,0.8739033415811907,0.33362041597770414
-36.67896847595594,-38.192772582061316,16.07737385266444,1205,251,1312,1594,0.15746549560853199,0.7908593012187172,0.42721098419672227,0.8864785596661692,0.329613053262617
-35.38345956594848,-38.15210638642758,15.997373852664438,1201,257,1323,1594,0.16122961104140526,0.7889304277732975,0.425855193906581,0.8742996145525979,0.32867481128978865
-41.06610770862394,-38.15174942645185,15.80669344833882,1172,286,1294,1594,0.1794228356336261,0.794717048109557,0.41695811338067246,0.8669194415879539,0.31787627962242065
-30.105230015575,-38.0296228136472,15.767013044013206,1191,265,1306,1594,0.16624843161856964,0.7821793707143277,0.42573196232500227,0.8668264951659898,0.3084246423241109
-44.885858852339986,-38.02568755158767,15.796013044013204,1174,267,1294,1594,0.16750313676286072,0.7889304277732975,0.4224804665758413,0.8450600865993333,0.31239906696333025
-42.16947398496695,-38.15516858961838,15.981773347257418,1187,270,1296,1594,0.16938519447929737,0.795681484832267,0.4254842617307925,0.8720617544317658,0.31100266113414343
-41.015392710825765,-38.19696190169438,15.99793314509461,1164,284,1269,1594,0.178168130489335,0.7860371176051676,0.42964607272256017,0.8738127867945303,0.3225677013660568
-31.526571017570635,-38.09040771283105,15.947693448338821,1187,234,1317,1594,0.1468005018820577,0.7898948644960072,0.42577286551193394,0.8684798482447044,0.31808965804753725
-40.64059708870117,-38.082741678152075,15.861533650501626,1165,287,1279,1594,0.18005018820577165,0.7870015543278776,0.4283246792352078,0.8549058362351971,0.32188888704951113
-35.29487101948785,-38.07475895546332,15.910613549420223,1215,250,1303,1594,0.15683814303638646,0.7870015543278776,0.4319018284626846,0.8664595281634005,0.3141792205332547
-35.64660927765339,-38.13228208547162,16.028773347257417,1157,303,1278,1594,0.19008782936010038,0.7821793707143277,0.43012742229644135,0.85037317305673,0.305376468093477
-42.85524852616231,-38.181565792034114,16.122013044013208,1157,300,1296,1594,0.18820577164366373,0.7831438074370377,0.42131058905488106,0.8590526921163457,0.3161491880874722
-35.04038592949144,-38.0848331715393,15.991013044013208,1184,272,1332,1594,0.17063989962358847,0.7850726808824576,0.4189642488412219,0.8599988697561192,0.3108958513587545
-37.02047733256573,-38.08352533647391,15.886773347257417,1166,287,1300,1594,0.18005018820577165,0.7879659910505875,0.4265092833611245,0.8504784269219697,0.30012464015275137
-45.42344372130023,-38.09277472684953,15.911933145094611,1163,294,1277,1594,0.18444165621079048,0.7870015543278774,0.42844809919920945,0.8809746528509251,0.33006958249096696
-31.248129158934542,-38.056703078755,15.79093314509461,1166,272,1294,1594,0.17063989962358847,0.7831438074370377,0.42169878201948874,0.8598977905910078,0.30197343024731726
-34.01519377666385,-38.106200545223324,15.816252740768995,1192,250,1284,1594,0.15683814303638646,0.7763927503780681,0.42177124643840974,0.8663384281495472,0.3087779240522721
-35.69135817324204,-38.11688897794581,15.80941253860619,1190,263,1316,1594,0.16499372647427854,0.7898948644960074,0.4271556855505721,0.8752710419371481,0.31779075310840976
-38.31769843828255,-38.03813493090181,15.651412538606188,1166,281,1310,1594,0.17628607277289837,0.7918237379414271,0.4252455755153413,0.8496352465218063,0.3169069330563694
-43.78985423646332,-38.05169122297422,15.611492437524786,1173,267,1289,1594,0.16750313676286072,0.795681484832267,0.4318782774674595,0.8786917124966496,0.3217253762937631
-44.98586937132679,-38.027974493929804,15.642412538606187,1177,263,1268,1594,0.16499372647427854,0.7860371176051676,0.42484181636298746,0.8637763803060118,0.31145943680366944
-35.18635733373288,-37.960787442304955,15.662252740768995,1191,265,1301,1594,0.16624843161856964,0.7898948644960074,0.420320249896413,0.860889181293083,0.3071976436137981
-32.29303915209058,-37.90106870150742,15.54733263968759,1172,283,1297,1594,0.17754077791718947,0.7889304277732972,0.4264023253894963,0.8606632129387529,0.31435440626456884
-40.318284753897814,-37.97247820453268,15.669013044013209,1188,265,1286,1594,0.16624843161856964,0.7908593012187174,0.43256516910939974,0.8675033563067241,0.3268472207071407
-33.605278992172444,-37.93986111899795,15.6651728418504,1162,278,1284,1594,0.17440401505646172,0.7860371176051675,0.41944389031342716,0.8638080776168063,0.3074157933343809
-42.38122777533737,-38.00242636734171,15.76341253860619,1172,273,1288,1594,0.171267252195734,0.7889304277732975,0.42439984713510764,0.8691099889112412,0.3153267882752783
-40.00572387621167,-38.038487497000176,15.934172841850405,1190,258,1309,1594,0.1618569636135508,0.7976103582776868,0.4289760419829861,0.8745763766238706,0.3251465143567703
-35.28774895182888,-38.12820410586543,16.12009294293181,1183,261,1279,1594,0.16373902132998747,0.7773571871007781,0.4246073197325467,0.8800801422286173,0.32341148826415494
-39.60911050391153,-38.038240388001896,16.096252740769,1179,272,1286,1594,0.17063989962358847,0.7860371176051675,0.4250357073851975,0.878729281315289,0.32301884673711206
-40.62788244560876,-38.097149662122476,16.292013044013213,1154,276,1278,1594,0.17314930991217065,0.7831438074370377,0.4249557723100493,0.8675255863378816,0.3081142191027571
-42.23801897239452,-38.14738691960391,16.28901304401321,1203,247,1293,1594,0.1549560853199498,0.7841082441597477,0.4202983369453282,0.8704577421497482,0.3035835767733715
-30.611157436623596,-38.110653257451126,16.26109294293181,1204,245,1295,1594,0.1537013801756587,0.778321623823488,0.4191132863689293,0.8677374156846498,0.3126372496241915
-37.048181064473106,-38.06202766552608,16.190933145094615,1190,260,1298,1594,0.16311166875784192,0.7812149339916177,0.41770280768561435,0.8635309974205304,0.3169584434997647
-41.44348828570448,-38.1231528587703,16.2701728418504,1182,278,1283,1594,0.17440401505646172,0.7908593012187172,0.4277534611980137,0.875777129149626,0.3308846545834769
-38.19005491288081,-38.06872662832424,16.23841253860619,1164,285,1276,1594,0.17879548306148055,0.7773571871007781,0.4249953370302969,0.8702119642684668,0.31004018740618794
-32.55944367083128,-38.03716972989016,16.284412538606194,1165,284,1274,1594,0.178168130489335,0.7744638769326482,0.4229489758650555,0.8753777368077754,0.3237041292049058
-38.781880134156054,-38.02580997973876,16.26341253860619,1188,276,1286,1594,0.17314930991217065,0.7850726808824576,0.4248313635442606,0.8687894379869631,0.31528581436391045
-30.810734973092966,-37.94962231532743,16.07465223536198,1171,278,1308,1594,0.17440401505646172,0.7812149339916179,0.42528798926693656,0.8549927714244551,0.30054191162075194
-36.44684932155845,-37.93538704286097,16.148572336443383,1153,286,1266,1594,0.1794228356336261,0.778321623823488,0.42713065561527536,0.8783018396479146,0.32864907154983874
-31.46390900265916,-37.83400551876872,16.14641253860619,1208,249,1318,1594,0.1562107904642409,0.7831438074370377,0.42863616169695856,0.8822259810061713,0.31732135019036894
-33.522304886763,-37.732243905452755,16.047332639687596,1175,266,1298,1594,0.1668757841907152,0.779286060546198,0.4241322729998496,0.8445998061843545,0.30337840015110734
-38.08053593084473,-37.785243039860774,16.003252740768996,1180,271,1290,1594,0.17001254705144292,0.7889304277732972,0.43084634587244497,0.8701990351481023,0.30744669601885116
-38.66634748978515,-37.773490918384546,16.02741253860619,1194,252,1298,1594,0.15809284818067754,0.7898948644960072,0.423009770624137,0.8730333087160984,0.32063673646119756
-34.76177784776005,-37.75763055062343,16.071013044013206,1186,263,1294,1594,0.16499372647427854,0.7850726808824576,0.42335485650286275,0.8710957118185231,0.3199347408800507
-34.612283378361575,-37.75589749148457,15.941013044013207,1167,286,1288,1594,0.1794228356336261,0.7812149339916179,0.42871764260466483,0.8689060176727589,0.32238627848568646
-37.44902833616906,-37.732720908253725,15.954013044013209,1164,276,1294,1594,0.17314930991217065,0.7850726808824576,0.4281824850786303,0.8724494351420682,0.3168308826364129
-38.64226234510598,-37.71936554927168,15.980092942931806,1190,264,1307,1594,0.1656210790464241,0.7802504972689079,0.42353039017230043,0.8592166826291154,0.31303509958353104
-37.50360851446056,-37.807638218251725,16.095092942931807,1151,294,1283,1594,0.18444165621079048,0.7860371176051676,0.4295625166843661,0.8505459053189736,0.31678076595787547
-41.28099465211461,-37.87556991819279,16.131693448338822,1151,289,1280,1594,0.18130489335006272,0.7860371176051675,0.4240633647062719,0.8822483498266838,0.3327715719462314
-31.21966890774103,-37.779778022976274,16.01461354942023,1134,307,1290,1594,0.19259723964868256,0.7860371176051675,0.42365226242983073,0.8485766603798504,0.31642441106312685
-35.58507811159612,-37.795057761770906,15.937613549420226,1164,277,1291,1594,0.1737766624843162,0.7763927503780682,0.422694765620235,0.8716509038759249,0.31528696756544344
-40.03587652562453,-37.84064076190673,16.07477334725742,1195,267,1293,1594,0.16750313676286072,0.7870015543278776,0.42195975201991087,0.8785312788554877,0.31603554883749746
-40.293190538334784,-37.85560870838479,15.965773347257418,1166,284,1267,1594,0.178168130489335,0.7831438074370377,0.4231658258338434,0.8464404891492174,0.300332824520144
-38.02350521434066,-37.857723061550985,15.994693448338824,1175,285,1281,1594,0.17879548306148055,0.7908593012187172,0.4312886853846288,0.8621384602424594,0.32126862025277275
-48.12051981019835,-38.01442680176099,16.040373852664437,1147,301,1260,1594,0.18883312421580928,0.7908593012187172,0.42619518903880765,0.8742472821077779,0.3204696379250355
-34.56093644515193,-37.942551106042075,16.073533650501634,1180,269,1293,1594,0.16875784190715182,0.7773571871007781,0.42315731731775064,0.8644402392049094,0.32754897490296564
-36.846719814163485,-37.92747704747838,16.156693448338828,1170,268,1290,1594,0.16813048933500627,0.7860371176051676,0.41396432217265616,0.8751627878774436,0.31151445647446246
-40.585815459321424,-37.966079084309435,16.18077334725742,1170,275,1289,1594,0.1725219573400251,0.7898948644960072,0.4207375387892245,0.8639191289155699,0.31876094034619534
-47.625895882933506,-38.01446770902679,16.226853246176017,1151,294,1293,1594,0.18444165621079048,0.7927881746641371,0.42511526977822217,0.8588742089055779,0.3062538899045773
-34.24406164280503,-38.026084042330325,16.227853246176018,1180,266,1291,1594,0.1668757841907152,0.7850726808824576,0.42761703756155905,0.8739783308887468,0.32226751988821273
-37.92165836279287,-38.06028077594595,16.399773347257423,1189,260,1299,1594,0.16311166875784192,0.7850726808824576,0.4265678970741229,0.8681291346387328,0.3253494194893455
-37.13494120573998,-38.087283445388564,16.33293314509461,1199,256,1323,1594,0.1606022584692597,0.7860371176051675,0.4250206302330007,0.8851594129710129,0.3281662647027009
-43.67277442295596,-38.063497001406496,16.214933145094616,1185,272,1274,1594,0.17063989962358847,0.7889304277732972,0.4227511062218881,0.8524564206816668,0.3025900307259172
-34.95359161156615,-38.06319143289419,16.134533650501634,1198,251,1308,1594,0.15746549560853199,0.7802504972689079,0.42575021917815287,0.8680373302427019,0.30757552036586006
-45.45278039258944,-38.18979724425553,16.322293953745845,1182,267,1282,1594,0.16750313676286072,0.7850726808824575,0.42649913642419107,0.8782476358503203,0.31944312255224255
-37.74195895983956,-38.20190119484535,16.24121405482725,1160,274,1284,1594,0.17189460476787954,0.7860371176051676,0.4270041195807084,0.8764899339480858,0.3252222068349771
-41.0238664153014,-38.25426587813083,16.254134155908652,1181,273,1285,1594,0.171267252195734,0.7908593012187172,0.42908773397705796,0.8572205537203293,0.3103879066811139
-36.78791527306384,-38.22584568991036,16.30981456023427,1181,272,1292,1594,0.17063989962358847,0.7841082441597477,0.42326069007790196,0.8651948967699975,0.31792154829906444
-41.80569141347406,-38.271124654620195,16.453734661315668,1173,281,1276,1594,0.17628607277289837,0.7908593012187174,0.42585933844780177,0.8753020002866329,0.32884528469046453
-49.19429793139129,-38.31201520814483,16.430654762397072,1104,345,1277,1594,0.2164366373902133,0.7918237379414271,0.4240723226770231,0.8708933947881808,0.3350973939843045
-45.95803117066149,-38.38222912798882,16.589734661315667,1168,293,1277,1594,0.18381430363864493,0.7860371176051676,0.42331436737431527,0.8583612514969863,0.3203046863751476
-42.9005829540923,-38.321642952517166,16.585574863478474,1182,264,1281,1594,0.1656210790464241,0.7889304277732975,0.4202988388964752,0.874159643735954,0.3253039240179248
-37.01218810640684,-38.29379745162507,16.631494964559877,1172,273,1291,1594,0.171267252195734,0.7860371176051676,0.42675185077307687,0.8646410408107378,0.31221484536149713
-30.401057450345682,-38.18300716172042,16.466255267804087,1166,280,1313,1594,0.17565872020075282,0.7841082441597477,0.4239353275060262,0.856660988557846,0.3161037674647995
-31.932368866388114,-38.10317177756397,16.383335166722688,1190,269,1309,1594,0.16875784190715182,0.7821793707143277,0.4259263624657962,0.8747970425112633,0.30726326271359833
-30.81649478070832,-38.06075164875426,16.343175368885493,1205,246,1309,1594,0.15432873274780426,0.7850726808824576,0.4231068269662506,0.86393917364006,0.33180851291929797
-34.42831811088341,-38.04596315451053,16.454095469966898,1216,247,1316,1594,0.1549560853199498,0.794717048109557,0.41619356919434414,0.8730584333899708,0.3147559611156923
-36.80870197255563,-38.01144759963981,16.399335166722686,1178,265,1279,1594,0.16624843161856964,0.7812149339916177,0.4207304990093578,0.8784899057326135,0.31418286983637217
-42.58458703851644,-38.0672383486526,16.29033516672268,1177,277,1274,1594,0.1737766624843162,0.7889304277732975,0.4239987983797671,0.864671536628287,0.31686682130272453
-36.53008667855592,-38.02234303327881,16.18741506564128,1150,299,1299,1594,0.1875784190715182,0.7879659910505875,0.41952924827541493,0.8795127607942446,0.32880459166496906
-44.05584062829547,-38.01325105567677,16.215494964559877,1155,289,1272,1594,0.18130489335006272,0.7889304277732972,0.4268072329679353,0.8729767954285492,0.3221885794152138
-36.53754107587484,-37.965166527994285,16.140494964559874,1199,258,1311,1594,0.1618569636135508,0.7841082441597477,0.4275610864742863,0.880869701510732,0.31650093927690137
-40.10994896424889,-38.00753996190462,16.238574863478473,1134,309,1289,1594,0.19385194479297366,0.7850726808824576,0.4207756476174594,0.8804575419500656,0.31251092685941795
-42.808502382265644,-38.098705628746615,16.332734661315666,1225,239,1309,1594,0.14993726474278546,0.7908593012187172,0.42402343117657265,0.8678460242517586,0.31732585796464646
