-102.98371091287123,-102.98371091287123,2.1933368326821663,366,294,395,912,0.3223684210526316,0.5922639265665498,0.48122518576423656,0.9181886430070608,0.6705188159357599
-81.4358834420308,-92.20979717745101,4.148163720998899,404,258,450,912,0.28289473684210525,0.583353264624307,0.4431495484391343,0.95103174649788,0.6853350717984892
-91.30030438961953,-91.9066329148405,3.260639510265284,435,256,474,912,0.2807017543859649,0.5753117619117658,0.45479893469322474,0.9424388630247343,0.6511718215663637
-115.48606632345891,-97.8014912669951,3.3069651715717394,348,307,385,912,0.3366228070175439,0.5280977668195306,0.4543722670874853,0.9406666941990035,0.6532143868798462
-103.63960300506378,-98.96911361460884,2.6931265920289555,349,298,412,912,0.3267543859649123,0.5560677140506584,0.4412401698085496,0.9327979134443779,0.6550468888469263
-137.32925412476357,-105.3624703663013,2.3227509932000774,326,351,384,912,0.3848684210526316,0.4849279886095218,0.4261900795164724,0.928216627161126,0.685369297448356
-133.814996103635,-109.4271169002061,2.0823170458411164,329,331,364,912,0.36293859649122806,0.5171024353088737,0.4572655730421083,0.9412207691607796,0.6438767577117824
-104.30755865694766,-108.78717211979881,1.9248247959263525,377,291,414,912,0.3190789473684211,0.5544201048359111,0.4593867515770201,0.9600093550627798,0.6698156669265546
-130.14464970269643,-111.1602251845652,2.1203974651696926,300,324,301,912,0.35526315789473684,0.5653347457226658,0.46323546628357587,0.9168401359008813,0.6246340464526129
-136.1503998020586,-113.65924264631454,2.0605130502217714,307,333,348,912,0.3651315789473684,0.5083152606835216,0.4598904016072873,0.9387229869835806,0.6469344093909729
-81.9372408850667,-110.77542430438292,1.9831983193961962,384,282,391,912,0.3092105263157895,0.6437562418256209,0.44543566497199627,0.9201984172521377,0.64588089959275
-93.41317075723381,-109.32856984212049,1.9314587456323749,374,291,431,912,0.3190789473684211,0.5485606995284645,0.45015404588999186,0.926073141592116,0.6754518784970728
-78.93214650114052,-106.99038343127587,1.8792684574544294,402,260,450,912,0.2850877192982456,0.5616131027965431,0.4424844802173162,0.9508030246332462,0.6532138659794143
-90.07436247024049,-105.78209621977335,1.9127074297594364,391,285,417,912,0.3125,0.5530123892678791,0.4239296894965407,0.912207642913136,0.6296458302009529
-155.53585473044043,-109.09901345381782,1.9227391763860995,258,363,275,912,0.3980263157894737,0.5406705249716288,0.43444741294475897,0.8857591758390274,0.6556379289603093
-125.13602512432387,-110.10132668322446,2.036536866676354,349,321,395,912,0.3519736842105263,0.42465889679281227,0.44749236632097245,0.9046530875673179,0.6838358940530278
-103.9934607427285,-109.74204045143058,2.057443524932849,379,276,453,912,0.3026315789473684,0.5538632070865169,0.4600676351305515,0.9339696242228993,0.6790145180454376
-127.82279343727218,-110.74652672842177,1.9820142798817137,313,320,371,912,0.3508771929824561,0.5348447464232534,0.46204108813257205,0.947251601140937,0.6352261383707719
-102.14431951677356,-110.29377898044031,1.954418771198761,419,280,450,912,0.30701754385964913,0.5697770849190236,0.4276367555555631,0.930597884027584,0.6533560619214079
-87.67088748808385,-109.16263440582247,1.9514837021136735,418,255,419,912,0.27960526315789475,0.6126135549221102,0.4187365700824674,0.9535676807435197,0.6528793471436515
-124.79029642418888,-109.90680878764945,1.8881519863001535,324,328,325,912,0.35964912280701755,0.5265963103855957,0.4636887384659366,0.9132163183714996,0.6629169999160105
-127.15422043280995,-110.69078204424764,1.817585729028726,296,338,318,912,0.3706140350877193,0.5731703579857205,0.4353922020106685,0.8919811549358824,0.6544069120363595
-81.00462932469004,-109.40007975209296,1.8788118572452313,413,267,417,912,0.29276315789473684,0.5909732680114728,0.41230905097517373,0.9252989782393418,0.66622006862419
-119.92946727752577,-109.83880423231933,1.8736440571088842,341,319,369,912,0.34978070175438597,0.5374704049909047,0.44734067971980507,0.9382603592856188,0.6694502046665374
-105.96944256269431,-109.68402976553435,1.81543219245704,382,289,445,912,0.3168859649122807,0.5608724458113571,0.4664503093258666,0.9288532283283065,0.6590868947752528
-150.5664011940855,-111.25642866663246,1.7575032922710714,245,387,279,912,0.4243421052631579,0.5225406345853649,0.46156429236430147,0.83842082648453,0.6488623614830935
-154.60346385752453,-112.86187441444328,1.7249313651935767,249,400,359,912,0.43859649122807015,0.44439495384353345,0.44265693548217194,0.9316953043157481,0.6081482429978123
-120.43841008781028,-113.13246497420639,1.683781292904434,350,305,390,912,0.3344298245614035,0.5323143837530707,0.4390694738469206,0.9298877215818541,0.6566033448022172
-124.26613288274525,-113.51638455725944,1.644920058160736,302,329,364,912,0.3607456140350877,0.5328296352280036,0.43367412991889365,0.9092262516898509,0.6211601143597937
-120.76087308104125,-113.75786750805217,1.6394191577647128,350,317,375,912,0.3475877192982456,0.5016020705831366,0.4607053044422002,0.9478390550852088,0.6659535127693422
-96.7727958609356,-113.20996197104841,1.6941270372700494,409,287,436,912,0.31469298245614036,0.5541077562072702,0.4562170181858965,0.9185382697107597,0.6694921937561761
-115.04151170182904,-113.2671979001353,1.6587068504334992,355,306,425,912,0.3355263157894737,0.5165722222144223,0.43939049752246667,0.9098608801384248,0.6740647801945583
-95.55957100676972,-112.73060314579088,1.653811475684127,390,299,455,912,0.32785087719298245,0.5516377636964306,0.4328665742156596,0.9344111948672356,0.6561689010279439
-114.23802303859142,-112.7749390249909,1.6399235218203623,342,319,345,912,0.34978070175438597,0.5250233450832539,0.4750867413251559,0.8966885306492629,0.6084109974374213
-84.22705220048142,-111.95928511571921,1.6025025907873067,374,282,425,912,0.3092105263157895,0.5809565386680859,0.43935815758880087,0.9097705463893244,0.6493195477138993
-100.14901777066677,-111.6312221339122,1.5947795076062283,356,314,375,912,0.3442982456140351,0.5272207343994496,0.4385819882014843,0.8904568791845136,0.6150871518494341
-115.04315990836753,-111.72343666835692,1.6525942396189857,319,327,344,912,0.35855263157894735,0.5509514039723749,0.47483994346318664,0.9399215911775342,0.6324910286646365
-126.54981033343824,-112.11360439638538,1.6371593446695245,284,349,324,912,0.3826754385964912,0.5153555393367754,0.4635155688018632,0.9052539106976766,0.6496015605617876
-102.50211942497567,-111.86715606378515,1.6168257759021667,365,294,397,912,0.3223684210526316,0.5121271671482271,0.44692261521113646,0.9258623318462282,0.6393117698452081
-100.79329942294517,-111.59030964776416,1.5898303052660423,386,277,425,912,0.30372807017543857,0.5794808233911779,0.4450767695598191,0.9253397107377165,0.666524826368527
-118.06799125664855,-111.7483018821272,1.577245227379306,351,303,450,912,0.33223684210526316,0.5167088796568943,0.4358832080261192,0.9291121334622588,0.647780140789645
-125.35746812311521,-112.07232964976976,1.585873147264602,332,354,372,912,0.3881578947368421,0.4919003222861017,0.4473884326895681,0.9113508129692406,0.6545999738339324
-108.05096613407854,-111.9788095680095,1.5619784840867692,337,289,400,912,0.3168859649122807,0.5029693999665332,0.4343076818880152,0.9230668376206453,0.6643131431383947
-90.95012182661925,-111.50088484661427,1.5636946837980785,412,277,495,912,0.30372807017543857,0.530338702271761,0.4610286568445637,0.9243499317078823,0.6747821266782413
-112.41883974635137,-111.5212838443862,1.5554617113423408,362,299,422,912,0.32785087719298245,0.5506638749704741,0.4705654330067575,0.9489714588596355,0.6666109558506421
-121.02859138512463,-111.7279644430979,1.5434060453120617,325,315,414,912,0.34539473684210525,0.4705515404091627,0.4390253505261631,0.948532175035492,0.6695137545242792
-95.21042747838457,-111.37652748640187,1.54793128427984,380,273,409,912,0.2993421052631579,0.5797273925386647,0.46520601857837596,0.9415428206845434,0.6551953575951681
-111.51931570149976,-111.37950224088308,1.5200975135433723,288,335,393,912,0.3673245614035088,0.48544158543219634,0.4620733748167163,0.9155815840396468,0.6429544092218823
-86.04389580050884,-110.86244904822239,1.5552683605662079,375,269,453,912,0.2949561403508772,0.5744285492131076,0.4498140925866332,0.949597539888503,0.6691472301090546
-91.51792277789632,-110.47555852281586,1.5532236397279258,398,274,445,912,0.30043859649122806,0.5202022534110666,0.43739536474183266,0.9466640536237243,0.6541236062737664
-83.72612639021662,-109.95105985354921,1.5290865903541453,400,274,481,912,0.30043859649122806,0.523032919484859,0.4500155277496789,0.9385556935089495,0.6413564921961203
-67.4475613040021,-109.13368488144253,1.509662252479377,431,256,508,912,0.2807017543859649,0.4920922758350941,0.4333626874989371,0.9442395933983602,0.6800949774288609
-104.68012559284624,-109.04965546090297,1.4990080239999963,349,304,398,912,0.3333333333333333,0.49396648458647824,0.4684516759246626,0.916168492160441,0.6560619933506409
-151.45291161273815,-109.83490094519621,1.4833581733580627,282,368,333,912,0.40350877192982454,0.40454417120704306,0.47285333933687596,0.9415121061287177,0.6620341981458113
-120.13057248774905,-110.02209497324263,1.5043657364398648,281,335,314,912,0.3673245614035088,0.5819801896190511,0.4413311126578682,0.9079076531422162,0.6337529181458567
-105.71486698888269,-109.94518018780764,1.4844463007935558,358,307,384,912,0.3366228070175439,0.5523144824028154,0.4628254203414895,0.9128619445012843,0.6196486980162711
-107.87741968458045,-109.90890368775102,1.4989148514048107,363,296,429,912,0.32456140350877194,0.547936997505401,0.47221743739495264,0.934564001511586,0.6575852413560908
-114.14007742770603,-109.98185495912956,1.475724002848928,332,314,384,912,0.3442982456140351,0.4980186467925093,0.4503850142812092,0.9318791222867028,0.6533063940741269
-168.97228785439597,-110.98169280481204,1.4560314090236177,222,409,234,912,0.44846491228070173,0.42100073861146753,0.425296212357448,0.8981658972724121,0.5965793111218455
-125.48219375304824,-111.22336782061598,1.4412346498266873,322,334,392,912,0.36622807017543857,0.5177584081778209,0.46602628745851726,0.9144751722510712,0.6681030397831357
-116.04317016068461,-111.30238097373186,1.4199088120590722,316,308,386,912,0.33771929824561403,0.5480888729944978,0.4655528908924326,0.9297147362439441,0.6648863162529576
-82.39507593281967,-110.83613411823328,1.4004341780512641,414,296,423,912,0.32456140350877194,0.5962103926178419,0.45311586921154035,0.917602535385223,0.6176654417343822
-117.00472396852462,-110.93404824284109,1.391165766895353,336,298,429,912,0.3267543859649123,0.4594498497950564,0.44742627618888037,0.9472681481672841,0.6503311001825537
-97.2122473890449,-110.7196451045005,1.3799246156604057,364,302,418,912,0.33114035087719296,0.5930549326391631,0.4639311749471848,0.9252494771292482,0.6520593969536379
-105.05269206732721,-110.63246121162092,1.36366953898395,370,307,370,912,0.3366228070175439,0.5350540267904366,0.46763406875525876,0.9192774620313021,0.645697124713271
-127.11584060740991,-110.88220938428438,1.3567367899779983,318,329,392,912,0.3607456140350877,0.5107329294997323,0.43506137191902505,0.9257500964660362,0.6528421188714565
-172.89352589737285,-111.80775142179316,1.3524000789867408,218,410,349,912,0.44956140350877194,0.34927108933353795,0.4586854030851496,0.9562640517894057,0.667442471480713
-122.99865387944641,-111.97232351675865,1.3406083404005065,356,334,363,912,0.36622807017543857,0.5112079756902747,0.45155679959998923,0.9378581246893302,0.665083353643941
-102.17958038710012,-111.83039970328534,1.3374926050667966,393,270,436,912,0.29605263157894735,0.550201326472422,0.45670702907205873,0.9500823049255018,0.6627213695539994
-59.27479352294556,-111.07960532928048,1.3327882227071657,435,220,544,912,0.2412280701754386,0.558575593716452,0.4630395651650943,0.944216583761591,0.6540832270161693
-90.35571970769077,-110.78771961630035,1.3576265735661215,369,261,411,912,0.28618421052631576,0.6013354862969179,0.45154668865977593,0.9453455671604134,0.6599185430912992
-107.3268961934296,-110.73965262431604,1.3837221881521227,353,307,402,912,0.3366228070175439,0.5389608857321104,0.43026121294929626,0.9244192588227512,0.6570067784254995
-125.96393951889539,-110.94820449958424,1.4264869264871782,331,322,361,912,0.3530701754385965,0.5105421810258073,0.4340258702939795,0.9267106221770356,0.6214771437548144
-137.03894830601018,-111.30078211859,1.4088799127654734,311,331,364,912,0.36293859649122806,0.521688350401088,0.4534360755794738,0.8792753979600633,0.6440165173166212
-99.29509794770983,-111.14070632964494,1.4191618443675582,391,286,413,912,0.31359649122807015,0.5481593371817792,0.4373292169811083,0.9395856660616255,0.6632071865380439
-73.04384670578334,-110.63943186090991,1.413983412462708,433,252,440,912,0.27631578947368424,0.5925628103555521,0.45702959142429106,0.9322040237486698,0.6393340770160215
-123.19444502428352,-110.80248397991475,1.4059185977897406,338,319,377,912,0.34978070175438597,0.5250251228690442,0.4516785381179225,0.9346859533721643,0.6197864242804532
-72.85688977988067,-110.31600200299125,1.3929178276071643,440,257,480,912,0.2817982456140351,0.5398961106514015,0.4436636904713757,0.9369872944481754,0.6536541294798922
-122.97450309386704,-110.47623619401499,1.3794712591033973,287,348,342,912,0.3815789473684211,0.4362143414003908,0.46776107975071674,0.9009577254179194,0.6631890477914159
-123.10726171204425,-110.63412401299038,1.370186393472637,338,344,352,912,0.37719298245614036,0.5112141832909661,0.46352761196631465,0.9090648923886974,0.680162462806424
-122.35994792032847,-110.77888727110565,1.3595184734708856,325,318,350,912,0.34868421052631576,0.5945285204992614,0.4571962612782846,0.9000896733259515,0.6599000744763935
-124.06212019002572,-110.94087791645832,1.3528226291943486,347,333,358,912,0.3651315789473684,0.5067480164758525,0.4348205268148823,0.9099040220263036,0.6745255683461453
-98.82534823131624,-110.79490767928793,1.3584790933932094,390,285,405,912,0.3125,0.5228498007375845,0.4505918524949329,0.9055974731566261,0.6759152924865822
-132.6837249892266,-111.05548883773959,1.3619088538747455,302,324,358,912,0.35526315789473684,0.5048516278287952,0.4804190155380363,0.9057094059655006,0.676283043161854
-122.12569850310342,-111.18572659850857,1.3683166414247778,352,327,362,912,0.35855263157894735,0.5155927346899338,0.44258967421000095,0.9304145708708265,0.6509672196961845
-122.7410494908379,-111.32009081818683,1.3822281351286185,297,336,379,912,0.3684210526315789,0.44794220270430474,0.44772441805437246,0.8880512937792102,0.6430115071890283
-193.33084844505413,-112.26274320470253,1.3744310862557123,228,425,295,912,0.46600877192982454,0.33578461203908616,0.43881627324275285,0.9685263525445195,0.6587339737061745
-89.60954980658575,-112.00532055245122,1.3754912938597743,393,273,407,912,0.2993421052631579,0.5398995371237,0.4427142413530583,0.938080687902625,0.6790060248345028
-83.53558235621195,-111.68543585361708,1.3915346957787385,398,258,458,912,0.28289473684210525,0.5678324834530784,0.4598676852229086,0.9528679370871574,0.6610166125070277
-100.83805132761003,-111.56490935888365,1.3822463054247147,317,309,385,912,0.33881578947368424,0.5097409519154504,0.45672655560042674,0.9412451088956099,0.6496852201240594
-87.06081425379284,-111.29563358849805,1.3839013829114621,418,255,442,912,0.27960526315789475,0.5534437210983747,0.44469675841746603,0.9480524326256802,0.6620390750247757
-46.439995556807766,-110.59068100119707,1.3778356885853633,504,219,517,912,0.24013157894736842,0.536102064834212,0.4422362003793932,0.9412028723586573,0.6538619179665058
-129.10059118961942,-110.78971229354569,1.3651911298599537,345,347,380,912,0.38048245614035087,0.41998472878045434,0.45157739492639765,0.9125536318000083,0.6822993710925288
-90.34138731406249,-110.57217692142352,1.363559921885244,417,278,479,912,0.3048245614035088,0.5432467103401049,0.45936851660665434,0.9387311308103315,0.641588086592858
-145.75887238412665,-110.94256318945197,1.3520351588634298,288,361,328,912,0.3958333333333333,0.4329897783542457,0.45267717542637587,0.9160429345670421,0.636927283783471
-58.04984494681069,-110.39159737442446,1.3398184308787962,390,237,497,912,0.2598684210526316,0.5980489086328756,0.4287725802586507,0.9242561635147256,0.647776833763697
-139.57861061510985,-110.69249441814287,1.328483670618014,261,374,340,912,0.4100877192982456,0.4542911725763432,0.45786734150863273,0.912813025601333,0.6750773562919222
-59.38519196216519,-110.16895051553085,1.3200025307989673,439,239,497,912,0.26206140350877194,0.5405042019893099,0.44266970770028835,0.9535723880737054,0.6799090221678461
-121.17739019787766,-110.2801468759586,1.312562268998419,309,333,310,912,0.3651315789473684,0.4929610073094235,0.47094629916804215,0.8538274466344963,0.6061577147069755
-99.87495458620599,-110.17609495306107,1.3038611980416663,324,300,438,912,0.32894736842105265,0.49530917525232376,0.4506556976489969,0.9350729314561872,0.6537675674236786
-121.42709184360623,-110.36052876236843,1.2865124765481186,314,350,400,912,0.38377192982456143,0.45387046740447234,0.44635055357126135,0.9442477551114417,0.6736978461036408
-126.89835564453108,-110.81515348439345,1.2292990088698064,308,357,346,912,0.39144736842105265,0.5548346320827868,0.46429396483935836,0.8871422010955808,0.6505067868890669
-115.53867846321972,-111.05753722512944,1.2298306557052106,329,323,379,912,0.3541666666666667,0.5150914163545972,0.4412179345928449,0.9213415022592443,0.6424516999767824
-86.78024117253153,-110.77047897362016,1.1968418046662181,408,264,476,912,0.2894736842105263,0.5303836861405508,0.42279823774309333,0.9435578479460371,0.6631824756131208
-64.17802660473014,-110.3758632096168,1.1974867171440104,430,266,467,912,0.2916666666666667,0.5330421648504475,0.468694229458851,0.9202869990954521,0.6116379384324394
-103.43646816564454,-110.03693535002562,1.1946098895006747,336,306,373,912,0.3355263157894737,0.5409104439909719,0.4496249502392932,0.8878179911026552,0.6466258903904234
-116.85766943611942,-109.86736208335049,1.1937798697258453,322,331,405,912,0.36293859649122806,0.4768766427868539,0.44185909264362405,0.9244819154841636,0.6540839962313287
-92.24506057771487,-109.74673710255814,1.18722068341346,415,285,429,912,0.3125,0.5221564440904753,0.4339282847720181,0.9321957136417431,0.6709792748922254
-111.8058423821887,-109.56334902935309,1.1575982514883045,312,310,420,912,0.3399122807017544,0.4895316557806119,0.43789703468986574,0.9477691692604951,0.6674643361555721
-77.87526444127948,-108.98059767574529,1.1604929705096203,416,265,473,912,0.2905701754385965,0.5561234219350526,0.45330719845883644,0.9308956213786463,0.653853330416975
-138.63842363084947,-109.54760950320313,1.1583121191151675,250,353,408,912,0.38706140350877194,0.38126863866545546,0.4456427676217793,0.9367114568340288,0.6542069074210554
-109.52307323006592,-109.70870852793145,1.1606482475324305,345,311,387,912,0.34100877192982454,0.5479772233952096,0.4602988546137563,0.8953306640853157,0.6313600215953016
-137.6806073199311,-110.29619313611934,1.1517441974725726,217,365,282,912,0.40021929824561403,0.4748315311564325,0.4477967573931573,0.8548669313810264,0.6010556022534144
-141.94454189300225,-110.81489493034697,1.1390951213559475,248,376,331,912,0.41228070175438597,0.42967402992615705,0.4387601106942315,0.9263813229416328,0.6108743994112685
-56.10283900605364,-109.82056477310309,1.1342783999655413,422,235,501,912,0.2576754385964912,0.5495966100500053,0.43452962287426433,0.9327501314879351,0.6607075331214365
-155.60485056477128,-110.12525302750754,1.1001278681790452,221,402,325,912,0.4407894736842105,0.4440753767542043,0.4463335047128174,0.9188208920224055,0.6420117536448093
-68.33720932177539,-109.76869051329803,1.0789769628800696,442,230,505,912,0.25219298245614036,0.5389032911142334,0.4569028366754852,0.9473972812930559,0.661564397227152
-103.35168823709427,-109.52397946129624,1.0760955677643258,302,331,331,912,0.36293859649122806,0.4630745145732725,0.4619624054016362,0.8790760421313358,0.632818576635476
-86.60266798325215,-109.36856294596105,1.0705323596108387,344,286,418,912,0.31359649122807015,0.48744577422128416,0.45280340677279973,0.9039819125746652,0.651909602886484
-79.45777108128803,-109.28643178189309,1.0721410712338328,439,238,462,912,0.26096491228070173,0.5710267430690573,0.4273807755152531,0.9278052869544884,0.6566883270266662
-106.77233177690894,-109.10625213542029,1.0895271597646032,368,293,419,912,0.32127192982456143,0.4778343041677332,0.46137055125149234,0.9354456335151773,0.6446127949350888
-78.64003681494239,-108.62111029924161,1.0905327328311196,393,268,478,912,0.29385964912280704,0.5363047697864581,0.42803717423662657,0.9377080613206769,0.6559089872989557
-77.60556283754737,-108.58711963437015,1.0617124193118819,376,278,472,912,0.3048245614035088,0.5386138240696525,0.45211772042009746,0.9089681485675188,0.6426423430128215
-106.80611699241005,-108.455886131519,1.0467121996590896,315,313,416,912,0.3432017543859649,0.47931018582579854,0.4492424763858621,0.9001442844743531,0.6662588158930005
-98.11878663864155,-108.37737957227846,1.0713575922851168,328,323,428,912,0.3541666666666667,0.48773144934319956,0.46884611283335825,0.8881959910199057,0.6228350043424039
-85.87228658679545,-107.73043842620557,1.071085635362216,373,291,467,912,0.3190789473684211,0.4434425166242458,0.48026298181542576,0.8881605505826912,0.6705466666202377
-83.50812645335016,-107.01948505216382,1.0658357583044045,388,265,477,912,0.2905701754385965,0.5225094371927926,0.4662697289239291,0.9271949323233409,0.6617183437050055
-101.08015422418215,-106.82590249352755,1.0616624597408562,349,330,398,912,0.3618421052631579,0.4719631455860149,0.4388580305178161,0.9176666099303884,0.6545188672282595
-198.92714907338814,-107.57251265543398,1.0731068587367367,143,468,178,912,0.5131578947368421,0.31889623808515133,0.4301057822757168,0.8927750964425837,0.5865281236273252
-46.78713856621145,-106.83277531028568,1.065501901827021,487,189,577,912,0.20723684210526316,0.5787104186457628,0.4257724393006878,0.9399889660270944,0.6802399906530793
-103.2926448052759,-106.8979737997291,1.035652694549028,386,281,453,912,0.3081140350877193,0.5208121309175269,0.4783597472806541,0.9285471072625082,0.6503022051196393
-101.7908252401674,-106.76546693511247,1.034326664175037,421,297,456,912,0.3256578947368421,0.4952265502902972,0.4381518369733848,0.9369814024577029,0.6547658327504036
-48.30861521334847,-106.29295737717827,1.0243953609782241,438,234,512,912,0.2565789473684211,0.5662427446345821,0.43440558777138916,0.908042802431975,0.6559798979571733
-129.46760988725458,-106.44525324566492,1.0160144951507275,242,362,347,912,0.3969298245614035,0.4984775350164145,0.4267338475558151,0.8689987694140879,0.591977357512782
-54.65575296563982,-106.1495402533165,1.0153132964808718,403,251,488,912,0.27521929824561403,0.5315201856094357,0.434963350131464,0.912114908097121,0.6323344082201865
-77.42014683387696,-105.92225154394859,1.004635680062711,395,277,498,912,0.30372807017543857,0.47060816369879915,0.43398620774328467,0.9278392328498603,0.6697841797611729
-83.07555283443806,-105.60257547320931,0.9720027571728296,396,282,444,912,0.3092105263157895,0.571864947413063,0.44619447683966895,0.9094131012805183,0.640612833999286
-57.90890489842203,-104.91616641885912,0.9630961619195721,507,223,553,912,0.24451754385964913,0.5366921670275587,0.4401544954357069,0.9406037773087973,0.6696913889632713
-97.87358826038168,-104.86988110721319,0.967260313660516,302,309,370,912,0.33881578947368424,0.47288403037409266,0.4415637445740071,0.902783287649925,0.6158195887290814
-89.92313188139404,-104.76117943179769,0.9711155096437978,349,290,476,912,0.31798245614035087,0.5057582491822431,0.48443672536865784,0.9350396906898778,0.6301305419668811
-60.089465813524875,-104.18139417736646,0.9646584048970701,449,249,551,912,0.2730263157894737,0.4796541508903857,0.44687102056204164,0.963654420152119,0.6631630118511272
-55.203234682912026,-103.47985184296442,0.9455623669449064,411,252,492,912,0.27631578947368424,0.5066306228388396,0.4412712158833423,0.910654304500961,0.6489638234911038
-86.08126836057163,-103.26015486522937,0.9434711823214849,408,279,461,912,0.3059210526315789,0.45612616945893864,0.4411982968586568,0.9204301005822195,0.6612939086406621
-131.5307997414044,-103.66596164437719,0.9357639233848658,266,365,397,912,0.40021929824561403,0.3704883214334223,0.45302748780393265,0.9197470051111275,0.6383363701263359
-130.68422534909607,-103.84861550040463,0.9412492813616715,265,365,308,912,0.40021929824561403,0.45307565856681925,0.46771308488267077,0.8936241068594285,0.6118201715968398
-133.37343770116837,-103.97206396356505,0.9354464687570725,297,378,367,912,0.4144736842105263,0.39496945126936894,0.47651907608642513,0.9120279295850674,0.641125277600569
-66.96053232107553,-103.68956501199199,0.9225196078375691,379,244,503,912,0.2675438596491228,0.5626009226511495,0.45890621107504853,0.9341537041202884,0.6526530930472259
-88.40975696557443,-103.45846942463272,0.9346409614857879,305,296,426,912,0.32456140350877194,0.5014579477489339,0.43790173051343245,0.8992460650104187,0.6254756778948803
-148.56161083469726,-104.08364657497462,0.9101677117038639,254,377,309,912,0.4133771929824561,0.4649328588577163,0.39942600384908583,0.9288886572202165,0.5907071369364462
-67.57184863332033,-103.84418583352887,0.8995252200331666,392,266,456,912,0.2916666666666667,0.5350013593955578,0.43288995513844614,0.9101256254124991,0.6596779985463016
-74.33457858157176,-103.75027035544241,0.8990054274431907,357,278,459,912,0.3048245614035088,0.4985120985351007,0.47011526705256446,0.8960350140483816,0.6506554600329368
-138.7093435715931,-104.46288817811828,0.9044742762365828,277,356,401,912,0.39035087719298245,0.40509681433084654,0.4024434631513331,0.9411696279829119,0.7009857273250208
-95.92662472758639,-104.37535316946571,0.9038269714815185,315,316,370,912,0.34649122807017546,0.5212951317781546,0.4458173910689219,0.9029636763930139,0.6429351958491842
-67.1488020961104,-103.53231207429941,0.8983958257271476,389,262,498,912,0.28728070175438597,0.5602422195430008,0.4367096397310906,0.9323175953423332,0.6352705030502092
-88.95171497401967,-103.22052349916214,0.8797558729533548,384,290,461,912,0.31798245614035087,0.5356414428424889,0.41616949507535594,0.9397974328207365,0.6518613105890966
-85.8410382327401,-103.02178521160072,0.8854383608645036,364,276,454,912,0.3026315789473684,0.4891439965462059,0.4307456390563124,0.9135849434173101,0.644898527243358
-75.42364244246832,-102.6972474391796,0.8658200844732407,397,260,520,912,0.2850877192982456,0.520014472464691,0.43785634006530905,0.9361091484671783,0.6498348547341024
-107.82443430847204,-102.63409100798727,0.8714089105262341,328,329,441,912,0.3607456140350877,0.4150470818116388,0.4184760798102234,0.9099793844485026,0.6634346218152153
-87.59246114234453,-101.82029274086675,0.8713163561159365,441,277,484,912,0.30372807017543857,0.5296459394956147,0.433251686370668,0.9383072204057482,0.6527799196605802
-88.9876929581684,-101.45534773291794,0.870305353271406,375,291,470,912,0.3190789473684211,0.48178120692087995,0.4291202947389317,0.9429677982383637,0.6751603146256725
-54.54100878489965,-100.8403261191601,0.8722394691345188,397,237,464,912,0.2598684210526316,0.531450646060718,0.4255772120129567,0.9465723394498654,0.658722040977387
-91.04163699311803,-100.92679172976307,0.8741934744119081,371,310,414,912,0.3399122807017544,0.47063294194551014,0.4360960365863682,0.8741308226382385,0.626968935012666
-75.77553719623751,-100.5144998620402,0.869591253411595,398,269,469,912,0.2949561403508772,0.5116235068934348,0.4573160056392909,0.9051649026258343,0.6328083831040698
-127.89731469537716,-100.82135053510352,0.8699165290402707,264,342,328,912,0.375,0.5212530240096301,0.44968111548033973,0.8827954904270809,0.6408855831476333
-74.23654500946776,-100.51318906452494,0.8721849080060764,367,274,477,912,0.30043859649122806,0.5545576375377721,0.44038589525564736,0.9196413548658279,0.6418754261957987
-121.95027765072068,-100.46153343495806,0.8816648290795109,274,349,381,912,0.3826754385964912,0.41534231589150805,0.4729964645024544,0.89285442151827,0.6296633518564045
-108.88890089449801,-99.8214871849293,0.8852321970500442,291,336,410,912,0.3684210526315789,0.47327631255764196,0.44097983850636824,0.8769487985028289,0.6371975372335896
-94.9483206910733,-99.54098385304559,0.8884892085378598,315,314,432,912,0.3442982456140351,0.5013448609967829,0.4339176721866813,0.9075212618917624,0.6326095262168964
-85.98407699701696,-99.37902881914475,0.8815592056105922,382,281,467,912,0.3081140350877193,0.45438869696696416,0.460141200227491,0.9023770991150791,0.6468588259268544
-53.81475647472168,-99.32442844866252,0.8786378280542014,498,219,539,912,0.24013157894736842,0.5417597295994654,0.4208703167481892,0.9412388538987081,0.6685477475291236
-126.43274754736348,-99.68519872705923,0.8505233490034924,261,354,343,912,0.3881578947368421,0.5156650632887508,0.4271328449804471,0.9198372249302316,0.632764977642444
-110.30425945015517,-99.71497235962649,0.8299512153772192,342,319,417,912,0.34978070175438597,0.44176421844857217,0.4200192855723083,0.886401914737395,0.67016365484921
-54.372846582453164,-98.99906143026206,0.7925984333547307,351,251,490,912,0.27521929824561403,0.5048108815848039,0.44669688681551634,0.9178979740544277,0.6521045441013696
-56.0460124142143,-98.18913207134409,0.7940694631933503,400,246,511,912,0.26973684210526316,0.5293710475223224,0.4376376471798535,0.9141404335395547,0.6340239418818002
-116.17076183836419,-98.35788871025065,0.789562291162921,248,380,312,912,0.4166666666666667,0.49545600847176563,0.4543665546404877,0.901849251107933,0.667579406735266
-78.60991445017936,-98.41354938769459,0.7950179794540476,378,269,450,912,0.2949561403508772,0.5691822240816528,0.44181690196541773,0.9341210303761042,0.650073364768545
-102.49040060875268,-98.20650894353926,0.8001772361741682,310,295,448,912,0.32346491228070173,0.48410641203456994,0.43896564679095695,0.9351386492015888,0.6493338522091063
-40.89511964004425,-97.88689124214093,0.8127264447806378,480,218,540,912,0.23903508771929824,0.5206898264281543,0.45587545659577156,0.92442749935296,0.65767837477079
-111.72544491434081,-97.77440066034565,0.8112762589557783,275,346,378,912,0.3793859649122807,0.4591167966422834,0.42763917413754443,0.8739267566725545,0.6098740970571234
-81.29062058243996,-97.35623424904963,0.8080439046450342,360,297,432,912,0.3256578947368421,0.5115037775905349,0.45282635354603223,0.9480262774313871,0.6260139116880755
-131.55843027216605,-97.448219072568,0.8113913312975665,295,364,295,912,0.3991228070175439,0.4983351995168783,0.45296365180608683,0.9086734492233411,0.5952644890294555
-120.68147936265066,-97.41441266429425,0.8135778789413608,325,339,391,912,0.3717105263157895,0.4149579463068046,0.45932402701588093,0.9511940466166388,0.6642241703874525
-73.62382635261518,-97.16239744550725,0.7974343032410305,435,246,499,912,0.26973684210526316,0.5215142482117175,0.43356724462100343,0.9284312710249285,0.6683421904414134
-54.82396098224829,-96.38379980543746,0.786995708423643,433,266,505,912,0.2916666666666667,0.5623937524427484,0.44898808856264644,0.9296343284553665,0.6420900159268617
-72.63640980616161,-95.88890691846805,0.7818198795154025,390,263,450,912,0.2883771929824561,0.5106208199784428,0.43349552076228076,0.9228739092044943,0.6475628863406984
-108.59339232683294,-95.74743034682803,0.7584090849861643,351,318,442,912,0.34868421052631576,0.5110722507782908,0.4618128800779015,0.9360469547945881,0.6275881784352232
-130.89096213551144,-95.12303148373256,0.7610448882986478,276,361,366,912,0.3958333333333333,0.41911459490467184,0.43562180143799767,0.892127645389955,0.6214136346742626
-121.67114542027964,-95.4436474398695,0.7579901210788232,235,356,375,912,0.39035087719298245,0.4042212801538684,0.4336408976512474,0.8957494995862724,0.6685542866683972
-82.13761375345726,-95.42966775384195,0.7385342074781043,361,278,464,912,0.3048245614035088,0.5364786264071052,0.42810365494738584,0.9417682023705073,0.6676832375175321
-78.36941579346849,-95.20498139850054,0.7435543428634138,417,256,518,912,0.2807017543859649,0.5159143522431758,0.453234426055359,0.9435160306073193,0.6658884752199677
-65.47581260142938,-94.98913138197689,0.7516908292198817,455,232,552,912,0.2543859649122807,0.554751536223785,0.45228960694089365,0.9444673447925034,0.6641362578930586
-93.00213908289344,-95.45475281723776,0.7719498450909766,350,287,466,912,0.31469298245614036,0.46774592800739107,0.4701551792991454,0.9529936972633304,0.6503085647205332
-78.4886054088892,-94.94863295943046,0.7715801120139679,379,283,512,912,0.31030701754385964,0.49551001219643787,0.4366244270118849,0.9410132103969134,0.664570843686851
-53.674487282977445,-94.5819639591196,0.7635368253748025,449,236,521,912,0.25877192982456143,0.577130013926688,0.45350323177228025,0.9383909669240008,0.6403722479696672
-61.928886968876476,-93.7436641049671,0.7975112747256133,482,227,512,912,0.24890350877192982,0.5629529068383577,0.4428899213253483,0.9443427438790944,0.6574801782221674
-88.63995702435942,-94.04956522574258,0.817125840242622,321,308,405,912,0.33771929824561403,0.504664809650221,0.4381758178707656,0.8902466293075172,0.642640014502098
-162.83169860402523,-94.28209610563174,0.8302684136158855,261,377,286,912,0.4133771929824561,0.4801925916819697,0.46088378040828054,0.8627101636871825,0.6603123463338366
-96.04865351126563,-94.64873072112273,0.8267532401300248,311,302,466,912,0.33114035087719296,0.45612106088428384,0.45568014352031055,0.9348872554668285,0.6406724770832752
-110.80734881014568,-94.5450303072454,0.8389456098486652,313,310,454,912,0.3399122807017544,0.4822864893930455,0.46876512001801834,0.8937095313311595,0.6653340274960516
-83.33822019985617,-94.3796629633819,0.8493469976278165,413,268,465,912,0.29385964912280704,0.5184977151010074,0.4492020388945308,0.9334216876466382,0.6369147424663874
-86.23862031325883,-94.02777824807843,0.8494903598342848,394,296,466,912,0.32456140350877194,0.4758242805202459,0.4548859649811424,0.9149787497795426,0.6577107341814934
-73.51309648299289,-93.49392565646308,0.851515411823684,425,270,500,912,0.29605263157894735,0.47278391567636074,0.43174442213691067,0.9391623700001382,0.6532806005869817
-167.33685848216845,-94.01190745665255,0.8774750613851087,188,435,295,912,0.4769736842105263,0.31122696870992655,0.4244358515252028,0.8857510215948144,0.6774227349633261
-104.04696256122506,-94.18457467053952,0.8786890767460156,327,318,422,912,0.34868421052631576,0.4943827637779827,0.4546494681794052,0.9249128862540594,0.639107771447086
-109.50976188118292,-94.63789202330403,0.8857434074465226,362,310,389,912,0.3399122807017544,0.5073919987987733,0.47863231134422857,0.9146275568633597,0.6334143095773069
-157.6295735588262,-95.17982307723587,0.8970266329829799,252,417,256,912,0.45723684210526316,0.3821603537744115,0.426745644870612,0.9115365219451784,0.6070464098206035
-117.81993157248571,-95.1894456985995,0.902895186606388,286,366,355,912,0.40131578947368424,0.4633185148799643,0.46750956381984543,0.8876822149754825,0.63793712076603
-52.83357044241052,-94.79533079724646,0.9050375769916031,469,225,549,912,0.24671052631578946,0.5695122070703738,0.42534710399560194,0.9459994364956725,0.6618991863135584
-106.1264737469941,-94.73853711089448,0.9018540262626746,325,321,386,912,0.3519736842105263,0.5261912316638749,0.4662566673910101,0.8932632196396099,0.6548019815424074
-141.17324568707073,-95.37151692335242,0.8905057406306196,252,383,301,912,0.4199561403508772,0.44844651834097704,0.4335901066553013,0.8776449413561912,0.6013169014467887
-117.90148116677899,-95.1641474987117,0.8959408609531958,402,307,415,912,0.3366228070175439,0.5180346213962489,0.4727454253817463,0.9312397073972586,0.6744861817981124
-60.499543112094734,-94.673912197532,0.8822159816626705,404,254,511,912,0.27850877192982454,0.5377721764530614,0.411065006575539,0.9379829479398712,0.672452457780839
-84.16331794194363,-94.13873930375213,0.881556919788695,398,281,469,912,0.3081140350877193,0.510401774613995,0.4512777175607388,0.9095951206865026,0.6566251061795413
-72.09678317374426,-93.44026171655956,0.8783542008728743,389,246,478,912,0.26973684210526316,0.5535781186561773,0.42340217168966604,0.9365703116250469,0.6467306962347861
-83.88772118118627,-93.71811053831088,0.899189915057702,382,292,428,912,0.3201754385964912,0.5537686157388171,0.42730860483110183,0.9157401698632149,0.6483347064383528
-55.9987089216027,-92.72204912187921,0.901948694370844,470,257,527,912,0.2817982456140351,0.5322193184239926,0.466046215998975,0.9293105244837326,0.6700918459313963
-84.30604747672892,-92.88173750342872,0.9286834304181142,360,284,452,912,0.31140350877192985,0.5028036512994613,0.4683000459483931,0.8996357018762909,0.6542084314667879
-93.78417124036129,-92.7860623334614,0.9291293587544022,304,308,454,912,0.33771929824561403,0.45907895226596523,0.4666727267641056,0.9244548926215649,0.6476792882573738
-96.95119187874913,-92.88954757241636,0.9304242812970839,297,317,387,912,0.3475877192982456,0.5526145133309341,0.4288323083397385,0.900209931161256,0.6181991982765844
-111.37734276578502,-93.2087432892613,0.9209106824014909,304,310,447,912,0.3399122807017544,0.4491708253301255,0.41236441245968575,0.9243361748956943,0.6418861862251595
-87.52030845424558,-93.0162230560347,0.9080952792855793,340,309,451,912,0.33881578947368424,0.46225850200409907,0.4224154628615565,0.9111259892050388,0.620014414093114
-120.16600439733827,-93.43148273185867,0.9169898891255022,273,353,366,912,0.38706140350877194,0.43024099282232803,0.433748033718653,0.9042888721461604,0.5720563856075223
-80.56815473787006,-93.4611086508619,0.9191422629516395,399,267,493,912,0.29276315789473684,0.5138531566372558,0.4487125869027929,0.9406030311811672,0.6253607399461942
-54.20631380633236,-92.93511061900114,0.9182542367334915,428,233,505,912,0.25548245614035087,0.5994580094916112,0.43435813961327935,0.8979613711818306,0.6559597039207519
-137.20880944281006,-93.32601084704284,0.9062517463275497,296,351,380,912,0.3848684210526316,0.4318169478857688,0.47712029829051283,0.9370252763202078,0.6215554807685955
-95.76736997175367,-93.42496168089241,0.9204956549947166,355,287,457,912,0.31469298245614036,0.48793042845660234,0.470989836924591,0.9291789951368932,0.6479725742060461
-150.4454522794928,-94.09433493915384,0.9228456602265118,217,389,304,912,0.42653508771929827,0.44978044757871233,0.4195441444749534,0.8680894034487473,0.6369519678129957
-112.27761897300705,-94.20630958664209,0.9273968344307998,333,296,421,912,0.32456140350877194,0.488734198709793,0.4272515615459677,0.927463424602016,0.6500048675199981
-83.06779598398055,-93.04771605574801,0.9176768517072951,369,298,453,912,0.3267543859649123,0.49569902885064265,0.4400769378376912,0.9326250888865881,0.6394201059165797
-102.60314707065137,-93.60587614079239,0.9583586458910511,290,315,387,912,0.34539473684210525,0.5042642334809015,0.45126015122802726,0.8875893738577064,0.626714866023875
-88.41019128168557,-93.4570516055565,0.9576870137040693,337,299,507,912,0.32785087719298245,0.44806301244462016,0.4371906554608127,0.925246919687043,0.6573920409801688
-119.88366425296255,-93.63797999568443,0.9567042974262822,326,336,400,912,0.3684210526315789,0.4306679057445064,0.4621021521725534,0.9021456448424033,0.5974760918091186
-125.6222425950696,-94.41111626950165,0.9547994108951773,257,366,349,912,0.40131578947368424,0.44947255058745506,0.4274261085688374,0.8693924831341251,0.6385345445656505
-187.0248561115352,-94.98668873174445,0.9660348005572865,156,460,274,912,0.5043859649122807,0.33972545163640755,0.4324871992533122,0.893703793571221,0.6817529645783393
-58.69469446820751,-95.02707814677012,0.9715371988537754,459,238,542,912,0.26096491228070173,0.4895078633527324,0.45127034299658086,0.9436662958106918,0.6787854748512862
-120.17163911583894,-95.45459306958973,0.9720712576286235,313,323,429,912,0.3541666666666667,0.5217270372724191,0.4387626993352686,0.9315689512936661,0.6615664388168775
-81.36624349125823,-95.43749997615794,0.9739671851633804,403,269,470,912,0.2949561403508772,0.49660962874083264,0.4472972322333584,0.9272178150113607,0.6530809768864535
-81.90241819963354,-95.67743510917006,0.9796987545812827,378,278,505,912,0.3048245614035088,0.4643978351059309,0.4517596479224917,0.9193834802682388,0.6481377674343923
-97.43419971695064,-95.67304122373577,0.9748412265574877,374,299,449,912,0.32785087719298245,0.47339379516998403,0.4365055280390114,0.923012386076045,0.6578042835580101
-73.37387234695521,-95.50754862839138,0.9760749821723234,377,257,476,912,0.2817982456140351,0.5335638605385076,0.45694142812421645,0.9356867535396806,0.5971718655161801
-87.45365856973453,-95.78119055595347,0.982964052436919,408,279,468,912,0.3059210526315789,0.4559859336816344,0.4424189009412063,0.9228633257374556,0.6408462511471508
-77.74604904084701,-96.00661869953281,0.9873931750096975,434,273,495,912,0.2993421052631579,0.5088166640702385,0.44248781584832675,0.9302758477583625,0.6509976425978942
-75.05128748489352,-95.89631889077606,0.9967754441702887,410,235,503,912,0.2576754385964912,0.5320011880790317,0.4569057345112185,0.9405610045618614,0.6685258952706666
-75.25562359806443,-95.33356712934263,0.991862819924476,396,259,489,912,0.28399122807017546,0.5216400082502718,0.459220250690043,0.9346145934867872,0.6431683473437739
-122.88930585030056,-95.25561793435467,0.9813880945516383,235,387,325,912,0.4243421052631579,0.43925465034425726,0.44978746837024786,0.8810748636371937,0.6224405499986271
-94.14592205150403,-94.86334277785804,0.9807508395598419,377,301,427,912,0.3300438596491228,0.5057829982392684,0.4464414193370049,0.9266482586135277,0.6327711492691598
-79.37467532808958,-94.98748420792819,0.9824647607069213,422,250,506,912,0.2741228070175439,0.5604574228586903,0.45158511369895715,0.9272882326584212,0.6707272905375166
-110.24258152426098,-95.20581245351502,0.9692779688071931,275,336,373,912,0.3684210526315789,0.5175864891265752,0.4347815161712469,0.8753276956713013,0.6226530432407631
-80.85869587832624,-94.52878330395133,0.9793508090278096,453,258,505,912,0.28289473684210525,0.47711845698377353,0.44875896971187934,0.9314971555791806,0.6596232787352193
-85.60417779108043,-94.70910659552894,0.9804013629891919,409,277,509,912,0.30372807017543857,0.5198880090697346,0.45258147520065517,0.9359597285114564,0.6496051673532351
-81.67822299370116,-94.78254303965022,0.9826864606753882,340,299,493,912,0.32785087719298245,0.46204475343113593,0.4349719317462785,0.9392583850687393,0.6430393532554549
-118.72494195998581,-94.58269902353415,0.9995161281592472,310,347,382,912,0.38048245614035087,0.47606100233043125,0.451695361808621,0.9003042709429421,0.6189750768222235
-108.73477304524616,-94.71078050671075,1.0002757557306459,346,304,418,912,0.3333333333333333,0.4632223610006273,0.436442729626627,0.9005248015781463,0.6714386567600478
-104.95952918305713,-95.08888777758023,1.0133929148664007,332,332,419,912,0.36403508771929827,0.4487591707605881,0.4304999995633807,0.9276964877345993,0.6861590526249834
-87.49350041314183,-95.07430563197144,1.0258385248099322,393,275,430,912,0.30153508771929827,0.5244327220014361,0.45454977315697165,0.9203253054874124,0.674765885658911
-98.57776353118598,-95.20167288495588,1.0245293449367794,325,307,401,912,0.3366228070175439,0.4963185423617518,0.4611270531829883,0.9127393751575865,0.6194560605816798
-53.42199659375996,-94.9816564264688,1.0275534395611121,482,230,512,912,0.25219298245614036,0.5538712676182714,0.43256107776197433,0.9181134800813616,0.656260050950896
-78.19099223422117,-94.6853220057263,1.035794537962785,402,275,470,912,0.30153508771929827,0.47462529198978426,0.4553058546942759,0.9418530305087137,0.6720145637998446
-44.35845186899652,-94.25298191299282,1.0358990957475078,488,202,580,912,0.22149122807017543,0.5690145546371657,0.43910836159012445,0.9547608920864995,0.661792911431539
-116.48442000858292,-94.52794918349694,1.0597555198187694,284,359,367,912,0.39364035087719296,0.42005023880506404,0.4544919026188338,0.8528003130637111,0.6428271494022049
-48.29256176454791,-94.46546471329346,1.065007167173523,447,235,562,912,0.2576754385964912,0.537615112292771,0.433704605293952,0.9507164580791866,0.6602892732440423
-55.232581300799964,-94.10737415637028,1.07419616913204,482,236,527,912,0.25877192982456143,0.5907986663081094,0.4394749949110972,0.9185540642679539,0.6485091170497123
-95.50186066841545,-94.30463739109206,1.0865603938491888,335,278,482,912,0.3048245614035088,0.46980591511091313,0.44062659995665016,0.9590379648928656,0.6856340723072701
-96.74234260081431,-93.99308767014641,1.0837721500574444,364,301,396,912,0.3300438596491228,0.4741737603454385,0.4734965815701947,0.9026301123575152,0.6132422522488027
-77.4334743188898,-94.02505696324064,1.081014790878716,394,290,441,912,0.31798245614035087,0.47559861625227307,0.44475272462746096,0.9069610435919957,0.6338646237593001
-67.56740912055754,-93.48122827793901,1.0696491045083814,411,234,496,912,0.2565789473684211,0.5436726875746871,0.4260872067303798,0.9336066281748675,0.6732731294705702
-142.48305849310663,-93.8171698539251,1.0584618923527482,232,368,309,912,0.40350877192982454,0.4290209102142786,0.43981989894874884,0.9249360799381309,0.5731962193851345
-84.95130651056414,-93.71719971212002,1.0533743400612177,391,293,475,912,0.32127192982456143,0.5417607357794624,0.43856333272985387,0.9363047174398701,0.6362625564980467
-114.208001520397,-93.99943895735379,1.0518158405774443,296,324,354,912,0.35526315789473684,0.5150606048528908,0.41605228623009366,0.8633208232427195,0.6453016752234839
-51.89323161344294,-93.98022370874101,1.0511695919836783,438,230,524,912,0.25219298245614036,0.5607994597214776,0.42619555181584234,0.9419648455900225,0.6579076575991395
-55.388116455515835,-93.26977739782255,1.0526365976870384,434,244,522,912,0.2675438596491228,0.5285810102099753,0.4697438745572833,0.9285937308117016,0.6538917307775417
-96.49197265529781,-93.13165452987396,1.0441783504718063,349,284,393,912,0.31140350877192985,0.5628370963419743,0.42963725969345445,0.9400365441996028,0.611580910638413
-82.60806174962867,-93.4140066815457,1.0446581484284223,422,267,495,912,0.29276315789473684,0.5071295914314742,0.444802612312842,0.9511749025868642,0.6742651910749341
-68.0712918276256,-93.53425947567983,1.046076164270664,390,257,471,912,0.2817982456140351,0.47818961208274813,0.4421507684874883,0.898550004982123,0.6837688320572236
-92.62757964820477,-93.29882765377825,1.0303577284160885,365,274,512,912,0.30043859649122806,0.457567373345718,0.41950842603515726,0.9301539235596176,0.6519522673237408
-106.91454244641899,-93.58187393374062,1.0532489152238456,368,322,414,912,0.3530701754385965,0.45945922188037774,0.44174280709997393,0.9355842843003849,0.6127795099643799
-89.63017332147712,-93.45327166086788,1.0446278719169368,393,278,399,912,0.3048245614035088,0.5484986446924809,0.4420844353860031,0.9188274607488216,0.6407297622872904
-79.07382953167664,-93.83505875978419,1.0309915043741023,413,275,463,912,0.30153508771929827,0.543991962173488,0.43247080838624025,0.9310312315902838,0.64229772059796
-87.7690570457737,-93.59549488109855,1.0326638381438509,341,282,438,912,0.3092105263157895,0.5438517745984286,0.4410493503426599,0.9274459239082008,0.609580455489006
-116.42676413917248,-93.94685631666587,1.0394965162422816,292,329,413,912,0.3607456140350877,0.4435962684993713,0.4417156586801216,0.9117744239881826,0.6568733853992865
-138.2801588109989,-94.0140736020542,1.0411470737632824,252,360,296,912,0.39473684210526316,0.47827926530190773,0.43293811647694735,0.8885101429119784,0.5949300563804392
-60.74207847202438,-93.41467959314794,1.034818041145153,435,240,511,912,0.2631578947368421,0.525972473185318,0.4617722179295128,0.928425201499652,0.6557816163847535
-118.50729184773435,-93.86351424809915,1.0449537747981419,217,347,329,912,0.38048245614035087,0.41034957355025825,0.4461017473455443,0.8765087803724944,0.6091016655317579
-104.33004026897575,-94.35857504096643,1.0469389171215382,294,326,400,912,0.3574561403508772,0.4658922965653115,0.4625781041368787,0.9298236861046093,0.6343675027185243
-91.28509555730123,-94.5450618984778,1.0394533946272204,326,291,424,912,0.3190789473684211,0.5221189521488716,0.44698818026945675,0.9114870027144795,0.6246895631858322
-86.6548579652618,-94.3256765548621,1.0621764057886585,415,272,487,912,0.2982456140350877,0.5268392730285919,0.46457072012994055,0.946119164048103,0.6481731021604938
-82.86891343336293,-93.84545606784063,1.0710984255783194,435,255,494,912,0.27960526315789475,0.5155357898835364,0.4675254130697005,0.9481072663350648,0.679056451377197
-97.97573473130112,-93.60850196095082,1.0654477539334932,357,290,431,912,0.31798245614035087,0.46165708441406106,0.4647316829159886,0.9254332503610613,0.6505093799774332
-108.07748637708242,-93.86790068718706,1.0808150508176297,331,314,416,912,0.3442982456140351,0.4533781520887729,0.4430201675976186,0.9171401409980801,0.668429519316859
-149.2477784960479,-94.57668431421286,1.0744377852152032,277,370,319,912,0.4057017543859649,0.4372980359743334,0.4454723487954022,0.9117214096427433,0.6274366398930629
-132.71530680758468,-95.2490792562744,1.0597155165513406,263,365,386,912,0.40021929824561403,0.3933303222632206,0.4403289128954801,0.8921783691655779,0.6716994125702712
-78.26906834061657,-95.10174854885163,1.0358387789453167,398,264,516,912,0.2894736842105263,0.5003132949799719,0.4600219940759205,0.9368563947699878,0.6836732631436863
-121.00086659327087,-95.52687116069545,1.0414213456858337,298,341,419,912,0.37390350877192985,0.4361483050772372,0.4294517126113073,0.9442278884196909,0.6864507061852079
-98.16643631350205,-95.9717906510007,1.0431071990806198,395,303,444,912,0.33223684210526316,0.48698748578260403,0.4380427244643502,0.9155327357748502,0.6537542109487241
-106.43121087778167,-96.41681389008974,1.0109358550033423,328,344,358,912,0.37719298245614036,0.46509979374236304,0.4457784329202532,0.9050015596844737,0.6325503932331924
-101.46254361787805,-96.54503975602495,1.0175423568464825,315,307,397,912,0.3366228070175439,0.4774063533321442,0.4472934017322238,0.9283361436613111,0.6453095783675469
-75.74595738907372,-95.67418234387542,1.008502537596623,440,241,495,912,0.2642543859649123,0.5560288696626977,0.45391097423195176,0.9473682430032461,0.6285681166698626
-95.32979378213389,-95.6669937465841,1.0184611179650216,387,295,442,912,0.32346491228070173,0.5274024880170293,0.4395397106039326,0.9228654221222778,0.6315312246207013
-90.75818718467478,-95.46650213032937,1.005039405625946,328,310,435,912,0.3399122807017544,0.5190554077061282,0.4523524280139706,0.9140722479494793,0.6824908469450063
-70.79299156048864,-95.34104984393572,1.005734731720247,428,270,477,912,0.29605263157894735,0.5415302307495606,0.44493055579951923,0.9186542640775205,0.6501180620151034
-112.59355079062007,-95.60459914870931,1.0074393834100892,342,315,415,912,0.34539473684210525,0.4904751241945591,0.4617474214840232,0.9056283339416938,0.6327875769183301
-60.459401450718026,-95.47406219838658,1.012586621538534,410,244,478,912,0.2675438596491228,0.5606671064411464,0.4584420501092274,0.9199474508429457,0.6462546816231501
-78.21905621980507,-94.58288417576294,0.97468623259897,402,259,491,912,0.28399122807017546,0.515193139278965,0.4599561162780014,0.9373006353266754,0.6525115856492372
-92.09497013042066,-94.46336425145489,0.9795619666167918,342,294,441,912,0.3223684210526316,0.5293252966248052,0.41627268808703394,0.9291659087463534,0.6560685520761468
-139.55398884600828,-94.76380652110316,0.9718398121419678,265,382,285,912,0.41885964912280704,0.4182462252591652,0.4741179936269109,0.9135670434203785,0.6089910866061162
-116.70021033791157,-94.354512888894,0.9621785620619973,317,341,400,912,0.37390350877192985,0.43605555036443816,0.44821206974604183,0.9084551561139927,0.6175972634562678
-69.99985611363955,-93.87631213430554,0.9590707704246387,395,251,523,912,0.27521929824561403,0.5268330871093471,0.44189159256392474,0.9405743845059301,0.6527981426355814
-88.53614076770735,-94.23333783755851,0.9616945547283544,354,324,459,912,0.35526315789473684,0.42526706366592043,0.454854628458977,0.9166723877387716,0.6501757953331097
-77.73412951801505,-93.94941439526872,0.9757715423064377,438,256,508,912,0.2807017543859649,0.5455031829899412,0.4587329026781119,0.9327284848103202,0.6623398126078711
-103.59428967793009,-93.57362483517733,0.9760949430047077,379,288,443,912,0.3157894736842105,0.4889704561084034,0.4516983981805343,0.9328157028075544,0.6487579034803039
-108.31567986678,-93.47776682217734,0.9695064601887521,329,342,331,912,0.375,0.5684577372890876,0.46058816326124,0.8655707337593882,0.6105141476689595
-132.87703950117591,-94.20154178606816,0.9746982156254309,304,341,399,912,0.37390350877192985,0.44703291563606096,0.45317300611945877,0.9139260431526578,0.6717517505816639
-92.78010300029243,-94.28770963665166,0.9734823096415769,294,333,387,912,0.3651315789473684,0.5205997008250943,0.45661131813748923,0.8962085606472758,0.5853945569067727
-54.276242799313195,-94.10950423290733,0.9756086117452523,413,224,539,912,0.24561403508771928,0.5209645568005635,0.44074614232770637,0.9450972738781992,0.6755252841549848
-169.44045808141996,-94.96503160190967,0.9430958254273527,203,422,209,912,0.46271929824561403,0.46570695198866585,0.44869511599123063,0.8971235970671662,0.6214145988877231
-59.45623078463384,-94.99960682053998,0.9433917061036561,417,228,529,912,0.25,0.4882380740965136,0.4365259293499826,0.9058262727223155,0.6639262721760119
-101.27874433283507,-95.16933378910103,0.9284889181652831,402,287,435,912,0.31469298245614036,0.48973379265979067,0.4521883524647226,0.9236293609462013,0.689242581974722
-73.58250876473579,-94.96731716434476,0.9438670385333903,375,295,503,912,0.32346491228070173,0.46824852504618075,0.423687741915437,0.9286531552374009,0.6565625585530913
-70.06695201932634,-94.69847476575055,0.9398095024834273,424,266,489,912,0.2916666666666667,0.5609315487781374,0.4597823068046289,0.9141025194788764,0.6536600034588483
-97.29366409020268,-94.5576379789947,0.9400979568576396,378,290,418,912,0.31798245614035087,0.5240111144890314,0.45651460352829104,0.9086494165831936,0.6456402732850224
-89.39144436223071,-94.57634933807458,0.935868135672299,387,263,497,912,0.2883771929824561,0.5206246164052276,0.443467893918397,0.9582768606916016,0.6717262791162462
-78.99924491135084,-94.1646817432147,0.9362610142931774,394,281,470,912,0.3081140350877193,0.5431907814227817,0.4230272818907676,0.9113895475118373,0.6501267740945695
-117.915755676332,-94.53815775259933,0.945512263726378,275,331,358,912,0.36293859649122806,0.43772637853007557,0.46473289603504536,0.9033749980828131,0.6029466557878277
-91.8221555308261,-94.91431616984424,0.9445575128517654,400,313,444,912,0.3432017543859649,0.44447181893246235,0.4418031059829732,0.9304676762415393,0.6256589075063812
-100.51892033505621,-94.54741727876672,0.930393960208663,337,307,416,912,0.3366228070175439,0.49845154152122795,0.4328409652466036,0.9052964363147492,0.6543710342857899
-107.0855540746703,-94.6605991197959,0.9504846716985988,348,345,384,912,0.3782894736842105,0.4723010669810898,0.467826920277783,0.9148985675334539,0.6324151597806141
-176.67056960096247,-94.9228502930106,0.9514091652494696,205,438,227,912,0.48026315789473684,0.34398453732378076,0.453084393907067,0.8737937673936873,0.6556541630167242
-78.03882495900592,-94.58046235287058,0.9498497385588897,387,303,443,912,0.33223684210526316,0.49134243633428953,0.4427812383102391,0.9217749886462882,0.6221045102407977
-123.64469116556927,-94.98623130468646,0.9667041651911612,296,367,385,912,0.4024122807017544,0.417436406204572,0.48136404259586374,0.8749350388656233,0.6286755631661263
-98.02011429031121,-94.94040097688307,0.923706590890676,367,286,420,912,0.31359649122807015,0.47619979643270655,0.41992186887075333,0.9342903863820258,0.6313175945437632
-185.73963669271313,-95.91369543099334,0.9247763122504804,195,432,206,912,0.47368421052631576,0.40401963485961323,0.49239332272271563,0.8742785922887303,0.6903143267710011
-117.429972503444,-95.88915851349817,0.9466337542495975,301,351,366,912,0.3848684210526316,0.4628633553717513,0.43594325853631855,0.8422101556671735,0.5966614572032478
-171.99815521534322,-96.3529176397009,0.9458450308565296,227,418,230,912,0.4583333333333333,0.4225905222183009,0.44481136369631613,0.8604811927576715,0.6640021813862448
-118.72952968775513,-95.6699643754631,0.9499336867673065,288,354,327,912,0.3881578947368421,0.5090468987865144,0.45195336337476927,0.921204126698909,0.6170304851825028
-77.29704236467612,-95.85598785442778,0.9471242538246821,466,257,496,912,0.2817982456140351,0.5218364314132534,0.42539430552756474,0.9344189816461711,0.7057319666501441
-101.78103846446605,-95.67208184791403,0.9484712330526505,350,282,481,912,0.3092105263157895,0.4806292460802739,0.41593183173739673,0.9460363721460342,0.6838840638371325
-129.0844172000594,-96.14926358500205,0.9604804148477935,283,369,332,912,0.40460526315789475,0.39934996901038067,0.46127560848996774,0.8896447174639386,0.5999626990466308
-124.6076777221689,-96.57631618022742,0.9701011385179282,272,361,326,912,0.3958333333333333,0.44174430456602354,0.4322454213023054,0.8726082913254737,0.6314599128416315
-122.70039199839856,-96.82897810304188,0.9679316069532655,272,348,356,912,0.3815789473684211,0.4648748040946809,0.41927228789575877,0.8831182461811035,0.6355165740197504
-69.07654918708262,-96.78600487144317,0.9618606243506466,426,229,478,912,0.25109649122807015,0.5231818598258848,0.44028229140954683,0.9384218533261982,0.6280312290045141
-102.2722497821436,-96.93419078356725,0.9523353472978031,360,302,419,912,0.33114035087719296,0.4984106320371467,0.47638800931683545,0.9227601081582346,0.6445403368455151
-127.98986685353567,-97.43662896169411,0.9654630536212914,253,362,305,912,0.3969298245614035,0.4564585546325085,0.44436131371228177,0.868411185378788,0.6074942194383016
-97.98748662926471,-97.66599095313782,0.9557828724658515,368,289,449,912,0.3168859649122807,0.5014380814658013,0.466229588016496,0.9316998920614658,0.6711310298274121
-81.89174122102509,-97.73235212936747,0.9581435504475967,360,295,459,912,0.32346491228070173,0.4559575643449687,0.43026368608386933,0.9364719847121316,0.6752734097734345
-66.9218968406599,-97.17267803927105,0.9560042398481676,400,245,499,912,0.26864035087719296,0.5112934515133981,0.4415057995791792,0.9288190332916147,0.6859446082060855
-125.02710476032806,-97.48148986635928,0.956854014516698,256,347,346,912,0.38048245614035087,0.49824771542180624,0.43728790397281697,0.9007944419887894,0.6193695359261565
-75.7335742273942,-97.44507885535234,0.9632286052657151,386,276,490,912,0.3026315789473684,0.5381428541734695,0.42933836944091325,0.9345554450526893,0.6519155755474878
-100.26055794093159,-97.34525861951904,0.9644566189269012,308,322,389,912,0.3530701754385965,0.4910504485174634,0.45952222715955876,0.8755633284122474,0.6038576462788078
-99.37842248633936,-97.53045588559917,0.961169975127424,402,293,480,912,0.32127192982456143,0.508628879770684,0.42052090899278716,0.9408713083919923,0.6572588883181404
-54.00855779712658,-97.21449968565963,0.9639154000544038,481,243,539,912,0.26644736842105265,0.5114902537885873,0.43758152186979804,0.9515416237142523,0.6530604808484816
-107.97804726364451,-97.47749792835906,0.9636014162956441,309,311,424,912,0.34100877192982454,0.4702492901406757,0.4312387627458757,0.9035368108964655,0.641282708273777
-150.10157156106524,-97.79126422436984,0.9474749586338844,213,412,224,912,0.4517543859649123,0.4005143680132014,0.4673349038233419,0.862587601870051,0.6003599312892755
-80.04285001575693,-97.50434499407498,0.9429072139722833,396,257,541,912,0.2817982456140351,0.4978617025261885,0.43930672750057137,0.9362777921874378,0.6633641625391674
-97.56879969697296,-97.43043769921412,0.9326111064659588,321,324,424,912,0.35526315789473684,0.4733168547070455,0.45201900729458355,0.9246135679026675,0.6408205177602616
-115.05737302353728,-97.7060764253181,0.9250793672080583,313,335,381,912,0.3673245614035088,0.44654622074734684,0.4670112062933486,0.8924248887844781,0.6617449035886888
-79.85590636851119,-97.51885785369136,0.9170286604016161,402,270,478,912,0.29605263157894735,0.5118225633041831,0.4317173966478743,0.9439506688725503,0.6655431045515926
-100.20451185422233,-97.98668300629598,0.980566086562048,361,302,493,912,0.33114035087719296,0.461902935509703,0.45189314032260924,0.931311365594918,0.6715082217441583
-61.26964941668514,-97.8174695781206,0.9774637501508774,435,237,498,912,0.2598684210526316,0.546494246775104,0.435584095203749,0.9169866776987184,0.6397687875718098
-105.24784788733035,-98.42636353830395,0.9838682177730447,289,301,409,912,0.3300438596491228,0.5371801960339482,0.44997877436286843,0.9170524317338078,0.6371237746880359
-75.21662425711891,-98.0136855807893,0.9802413693928597,399,294,495,912,0.3223684210526316,0.48426173891574364,0.44758446109903255,0.9312659714723059,0.6575600136668425
-66.3974342541018,-98.19473430568483,0.974115958763463,387,264,466,912,0.2894736842105263,0.5308742923335242,0.443624206919472,0.9174757642300259,0.6281709525270701
-144.47879619703514,-99.0871964546472,0.9698771395430659,266,397,266,912,0.43530701754385964,0.4852364870441393,0.44215074134853327,0.8779207136033018,0.6387900288799937
-105.02276060398842,-99.18240545400293,1.0035902388016607,357,299,461,912,0.32785087719298245,0.4954702139441575,0.45453660370250926,0.9359975575349334,0.668901699893393
-74.52812628061866,-98.96026329080098,1.0064444895689213,433,248,512,912,0.2719298245614035,0.5472689510687885,0.4601568114901353,0.9383799092459427,0.6652360613820577
-150.77895915609307,-99.69371813917297,1.0087573298911847,222,413,277,912,0.45285087719298245,0.43737637781988503,0.441567863000279,0.8625425871348713,0.6379897655045813
-134.85455417222775,-100.36658958968967,1.0076464058750267,277,368,328,912,0.40350877192982454,0.4263362555744159,0.4683188518455266,0.8443676296648562,0.6430834881060703
-116.62878514368137,-100.10804685619541,1.0260027262136189,305,362,327,912,0.3969298245614035,0.4899076240945346,0.47361264135638703,0.8563329751668901,0.6153953023533044
-109.51541971349285,-100.35368798822472,1.033831656938397,315,319,404,912,0.34978070175438597,0.47215670573992413,0.4627929067558876,0.9120621324810371,0.6216236650955949
-111.93774257179173,-100.33098539873866,1.0688442232944058,317,314,441,912,0.3442982456140351,0.4968609346642248,0.45245817212014694,0.9122083929232859,0.6137353493315257
-111.78302111182863,-100.92988329372253,1.1129079452576789,332,304,417,912,0.3333333333333333,0.4049431635250503,0.453002605516252,0.9092457724044651,0.6517058516349784
-153.17753779902654,-101.90777750715765,1.113920594921823,178,385,309,912,0.42214912280701755,0.4849932437660738,0.43759194855637246,0.8735118773503566,0.6366081264713638
-103.8700066406557,-101.98155784701125,1.1242975386707965,341,294,444,912,0.3223684210526316,0.47343030185741686,0.4479180986330353,0.926183388592459,0.6130521597118422
-106.75904618928823,-102.22306769140783,1.1231742095905815,268,351,401,912,0.3848684210526316,0.3890257700989147,0.4262325661184911,0.8725722527042737,0.600191558213877
-130.0602661945629,-102.84295743507721,1.1232853043998652,231,359,329,912,0.39364035087719296,0.4540457398801241,0.47741948897509723,0.88751928234355,0.6162048032359309
-115.4508860092781,-103.07119049868794,1.131674763055146,307,326,368,912,0.3574561403508772,0.5202514312926382,0.45892203242126745,0.9176184901727548,0.652372704633862
-139.47111531481818,-103.39675622737191,1.1077556988775121,257,349,351,912,0.3826754385964912,0.5103100396175474,0.4502812148607092,0.931738350175712,0.6305368596587649
-69.47574634543224,-103.19521195761145,1.1140624194746216,407,249,525,912,0.2730263157894737,0.5415262667277027,0.4377860304462045,0.9394933943785047,0.6615195412339799
-67.52376701431223,-103.07971133243782,1.1137445926544172,414,255,518,912,0.27960526315789475,0.5489977098203491,0.4318385729329692,0.9340504655699657,0.6475166597434238
-101.0497579536161,-103.21251834151624,1.1191677216657958,322,327,443,912,0.35855263157894735,0.4044441763991838,0.4568115646213108,0.9264233239806603,0.6372298719295177
-123.80635398212333,-103.28631423994575,1.1176972996620298,262,341,332,912,0.37390350877192985,0.4913208254042535,0.450123916055948,0.9043324079328515,0.62792381272376
-67.00146759468522,-102.57352732778264,1.1134625810391143,390,236,522,912,0.25877192982456143,0.5450042351276303,0.43178696346459344,0.959954431068703,0.666781796671276
-89.02446937154183,-102.85635123677781,1.118047263759306,368,299,403,912,0.32785087719298245,0.5368045357477806,0.45328157362548854,0.9242563561882999,0.6102284944931977
-80.13273566581216,-102.47260567495857,1.1182079834190266,375,270,463,912,0.29605263157894735,0.5300741432952033,0.4648088090126057,0.9123124916882962,0.6523969578255938
-121.74422284333595,-102.64674750070216,1.1122795909611536,228,354,347,912,0.3881578947368421,0.44008421594535757,0.4755259170908478,0.8626543440500806,0.6291957252350663
-132.9131310074805,-103.06302785520398,1.1172105262992889,266,370,363,912,0.4057017543859649,0.46750412527263935,0.44936300884522595,0.8953390504945623,0.612886101971189
-128.3034996715737,-103.4795142722671,1.0976133481707824,267,325,373,912,0.35635964912280704,0.4788018273856329,0.43967963737869326,0.9046189697291083,0.6344270965028252
-121.06681437572502,-103.86149328169071,1.090715546396242,231,350,341,912,0.38377192982456143,0.4146656228879248,0.44357342189204485,0.8556140273705625,0.6346094299548005
-121.08639745269639,-104.09259990890467,1.0974599053888872,299,345,358,912,0.3782894736842105,0.46858529204859123,0.43494159500349766,0.9240772413132953,0.6489851099374254
-47.502964465343986,-103.4868546897873,1.0821222003430664,423,228,564,912,0.25,0.5603738127957248,0.4478813675923341,0.9342919485405742,0.6751963689223025
-92.4997413524743,-102.91937431835153,1.083100617790986,381,276,466,912,0.3026315789473684,0.5162663670099482,0.43665920376085815,0.9303084875481362,0.6589898442253934
-46.42123033088375,-102.05643355358453,1.088889959878102,475,225,533,912,0.24671052631578946,0.5528811040171525,0.4670444891338757,0.9283121078981678,0.6531587412233544
-85.63121299624854,-102.13005500014084,1.0929231824685426,350,280,439,912,0.30701754385964913,0.5478882154090113,0.44241490414674056,0.9258111550126026,0.624081246283683
-90.9198484318096,-101.82924481852622,1.0926839622633933,385,298,459,912,0.3267543859649123,0.5112063541087526,0.44588555192506,0.927321708233642,0.669090005765911
-133.58797191265577,-102.18346017451775,1.0973156741425591,319,362,320,912,0.3969298245614035,0.5036250965333665,0.4324295488081667,0.9201656571739586,0.651463973113791
-109.26424600779512,-102.21179052581789,1.0976670546625116,307,314,395,912,0.3442982456140351,0.5456847263780193,0.4476470826914377,0.9174774885115974,0.6278048594712319
-95.40922021145124,-102.15125729175365,1.0785793790997262,343,277,465,912,0.30372807017543857,0.514117380883135,0.4479929206389248,0.9164812535959714,0.6222186056563611
-119.58493255407254,-102.58964704340362,1.0788754313077322,294,335,384,912,0.3673245614035088,0.42347372067387007,0.4338376478708473,0.8718078453140836,0.6568391222038888
-100.4917624916156,-102.64126673049846,1.0717587334189767,385,294,471,912,0.3223684210526316,0.500402302263022,0.4686710495693263,0.9389371723724995,0.6593174632054238
-145.12456749453793,-103.18493053359708,1.0859326146225328,262,407,322,912,0.44627192982456143,0.3893092887156844,0.4192426281849229,0.8860344896051254,0.6494037215131074
-123.73674478315199,-103.7143680658237,1.077597126176629,304,348,359,912,0.3815789473684211,0.48080894329171114,0.4391092138703954,0.9011176923708466,0.6657062278962896
-101.46357693054397,-103.60306832722294,1.0751176861522067,318,330,367,912,0.3618421052631579,0.49022766882294083,0.4294808223564375,0.8994881951192828,0.5942136292934712
-124.63018590538587,-104.24477617176963,1.0783599303529576,305,352,384,912,0.38596491228070173,0.3758232427163368,0.4865631725494621,0.9107191505410613,0.6254045884000884
-122.9457163908294,-104.69204277347986,1.0825641484012711,292,354,346,912,0.3881578947368421,0.4499648277015966,0.4695277976530182,0.8620328627456683,0.6448932209406208
-86.85012065203186,-104.63959427869598,1.082175678171366,398,283,476,912,0.31030701754385964,0.5106145826740456,0.45487168993454086,0.9431786377303545,0.6517443295320012
-128.60674818458997,-104.53012187208179,1.083084576897146,323,349,331,912,0.3826754385964912,0.554278013806138,0.4449614206513884,0.9055044947100459,0.6331588365339228
-57.017173102363905,-103.93329149972632,1.089009325520864,467,225,522,912,0.24671052631578946,0.5536607417349578,0.4421506338007315,0.9514482168208042,0.6486367801346711
-118.66199610949892,-104.4199128996849,1.0843093401215507,307,328,433,912,0.35964912280701755,0.43149491269309,0.4413603190640523,0.9447769772482597,0.6332299578081838
-93.78074903759007,-104.47235898238374,1.077878561279775,292,328,389,912,0.35964912280701755,0.44999169673608985,0.44199144866265155,0.893477661508283,0.6287064363146678
-125.17760708675486,-104.94679375807112,1.066094156253872,302,353,374,912,0.38706140350877194,0.4338405618577778,0.45686146284335416,0.8970143709204311,0.6822873972149249
-72.2432167809576,-104.63328302910142,1.0721933712148015,381,286,500,912,0.31359649122807015,0.4828982199676305,0.42096785276804816,0.8986225771296027,0.6583235787521299
-170.21001760234716,-105.25222640645708,1.0741364689312225,211,417,288,912,0.45723684210526316,0.33577665570272014,0.45305312777313655,0.8946339876621637,0.6270291436591374
-114.22837261854339,-105.06573973763075,1.0714260949886307,326,324,383,912,0.35526315789473684,0.49034119501604023,0.4271148711061951,0.9173609691756469,0.6411079372621554
-93.26103285336661,-105.0705490361615,1.074817535762056,398,274,478,912,0.30043859649122806,0.4947358808978131,0.44835095921761614,0.9440426197287562,0.6807598127359693
-56.55508409441315,-105.09333744911248,1.0665844339158337,391,245,509,912,0.26864035087719296,0.5120770162883497,0.4438114956027519,0.9166346016119388,0.6300420125182224
-146.26977805025751,-104.86163064880085,1.0740490105311589,239,392,290,912,0.4298245614035088,0.3631074020530842,0.4484425448178749,0.8969209148165067,0.6049107494888242
-110.83742111185472,-105.37544255207307,1.0826667831986116,346,320,384,912,0.3508771929824561,0.5222086369146479,0.43326787635742187,0.8914500957233344,0.6424907336049731
-93.86340178653491,-105.30128912661006,1.0721645427294582,281,302,387,912,0.33114035087719296,0.5057729880403417,0.4756711242746899,0.9222011452301665,0.6192161825365429
-133.75734796568355,-105.90303751861958,1.0569217576774594,313,355,372,912,0.3892543859649123,0.48624061581922634,0.4506875377404044,0.9273618950275567,0.633998379838039
-133.51610330802478,-106.53752903150655,1.066889616053181,222,380,325,912,0.4166666666666667,0.4255629099545404,0.4643471774740302,0.8902554987546707,0.6142285441259808
-122.01652307246545,-106.78475762132918,1.0566243013405154,329,368,382,912,0.40350877192982454,0.42888302693649927,0.44691099542341095,0.9198109288566796,0.64136844463775
-58.11442159699067,-106.47198739367677,1.0534592351267817,422,228,531,912,0.25,0.5454824657341036,0.4270316464597004,0.9020265889806095,0.6447015722756202
-112.87476383286753,-106.81074258289195,1.042386465892124,292,336,409,912,0.3684210526315789,0.4160341988853202,0.45281561549129146,0.9328320539352443,0.6307657990588685
-98.3792293568055,-106.61537731969668,1.045223962109203,361,310,398,912,0.3399122807017544,0.5471676838782561,0.44100428248779494,0.8936763785964478,0.6067382070788124
-114.02853167522387,-106.83744108114065,1.0479353536647875,370,325,392,912,0.35635964912280704,0.5369783045211407,0.4603054271978261,0.9205957571254285,0.6431356082645703
-69.12652688926183,-106.52351714668272,1.054252087215786,427,265,445,912,0.2905701754385965,0.5529957994562253,0.4688667469775989,0.9305160354496289,0.620578886593593
-47.38789446695667,-105.92654055060557,1.0264663486868277,466,194,595,912,0.21271929824561403,0.6150998021812066,0.4542434555035767,0.9653322377451468,0.6690718706895019
-59.02104728003041,-104.75004532739624,1.0293478861461316,424,273,460,912,0.2993421052631579,0.5784059204892855,0.4268513837877747,0.8992642623230597,0.6171111418734322
-71.67878086155912,-104.68644488642178,1.0348865676412802,406,255,515,912,0.27960526315789475,0.5288502648501657,0.4411106439134763,0.9373636309745979,0.6490792650287511
-67.19014584748777,-104.12189943324096,1.0163540715574293,367,246,557,912,0.26973684210526316,0.4908131130454481,0.4534247866495984,0.9511886277774737,0.6657113444357998
-106.91732370862101,-104.21087152742406,1.0157737625691547,330,321,403,912,0.3519736842105263,0.48730139908030706,0.4698361515286745,0.9239434317008345,0.6428675738607289
-141.00352612285766,-103.76351042172551,1.0325309224474386,240,416,240,912,0.45614035087719296,0.4513096216457539,0.4536447447773958,0.8597916163917686,0.621792982849345
-163.76435409803048,-104.22685423767138,1.01431599077125,149,416,268,912,0.45614035087719296,0.3752428736303958,0.47255299290388786,0.8980819491608596,0.5807380679095612
-112.69426039815413,-103.63381528949947,1.0176770228514824,328,335,416,912,0.3673245614035088,0.48091770317914073,0.46078655499653054,0.9064329255536173,0.6774401713672527
-69.58402463449646,-103.14236023896687,1.0051851844741642,413,241,480,912,0.2642543859649123,0.5550184398802341,0.43352963266925876,0.9379084273170238,0.6719914222014435
-62.38396993098984,-102.99322951463002,1.0079075140313907,413,273,486,912,0.2993421052631579,0.5367653340973341,0.4311300296352285,0.8992291547811396,0.6507130687248576
-91.12116190476252,-102.88663074903299,1.0087667456870175,308,319,421,912,0.34978070175438597,0.49655886647943287,0.4581314283391152,0.8892972491819794,0.626701521287943
-51.35571427102894,-102.1093437197427,0.9945190809611145,458,243,532,912,0.26644736842105265,0.5460478098207294,0.43723487014183837,0.9546886238753388,0.6579340572261145
-104.65070204327859,-101.90977396295379,0.9837780583323733,292,309,384,912,0.33881578947368424,0.5139290730715161,0.44734648502163726,0.917614451985039,0.6335110925471259
-107.86660708900287,-101.76143611385983,0.9867021731857878,289,328,411,912,0.35964912280701755,0.4172995755081077,0.46069465799982084,0.9059037437966274,0.60597376930741
-83.64601084170086,-101.90713073040602,0.9957592246034506,372,280,478,912,0.30701754385964913,0.5228653071365597,0.4446956399568497,0.9322136416354553,0.6401836289230408
-128.12807574049717,-102.16568898998956,1.0018172550213433,263,336,398,912,0.3684210526315789,0.4932687805772753,0.45076488949797044,0.9381072492600998,0.6338596221198086
-130.70738725743868,-102.19286419402859,0.9964709217756568,289,354,399,912,0.3881578947368421,0.401213833116774,0.4486534440556719,0.9121124033151641,0.6357495325651141
-108.477744283316,-102.29776677056911,1.0020447940032604,296,330,410,912,0.3618421052631579,0.47243692030763806,0.4469420628005207,0.8977099273678112,0.6403335158806421
-81.37683379717735,-102.29261769633064,1.0048004061167624,401,282,458,912,0.3092105263157895,0.5681226151025864,0.44908332803576273,0.9188941802439601,0.6584707245656022
-109.62638187983234,-102.71966254672236,1.0052434152994203,349,328,420,912,0.35964912280701755,0.5025988961460574,0.4575926340664116,0.8960354015301197,0.6576751744125066
-47.20313028280475,-101.94142280194714,1.0112541812974796,455,228,531,912,0.25,0.5812480853532457,0.4509816691392642,0.9282697406844718,0.6332463564067482
-162.3256738367388,-102.80734379804056,1.0037569289731294,203,437,252,912,0.4791666666666667,0.34083025967482516,0.43691854956361065,0.8836854892816751,0.5524019332462898
-142.8888519065545,-103.2336267376968,1.0168450744443631,224,407,317,912,0.44627192982456143,0.3401540885871465,0.47029656816863175,0.8903726757710896,0.6496509522610076
-107.06913744358565,-103.31053388726927,1.0215603914348332,320,330,419,912,0.3618421052631579,0.40002802772369833,0.46785183519847934,0.8881829411609866,0.6380856593991677
-99.70384070465006,-103.76748671634448,1.0282478570887823,349,290,421,912,0.31798245614035087,0.5023368749953241,0.4110965983236833,0.9016885648733711,0.6708543330620947
-82.04513785953557,-103.50815762230339,1.036695602893715,385,277,438,912,0.30372807017543857,0.5251058900448363,0.44225947319924536,0.909965676478857,0.6305005659125325
-135.40081710814437,-103.36115007777418,1.0431370023962265,272,373,399,912,0.40899122807017546,0.39343535129306556,0.4568209420720115,0.919314626161845,0.6280605815701961
-114.89567806867198,-103.70967835830332,1.0468587593288476,332,310,414,912,0.3399122807017544,0.46182420783215783,0.4583544403178223,0.8984398704093696,0.6208120243558041
-91.7741756362228,-103.65173211769583,1.0479407356286687,320,316,383,912,0.34649122807017546,0.4617663876963471,0.43708339127016754,0.8797604078465172,0.6126740449830128
-67.25681374638552,-103.17372652492432,1.0371827564659113,387,249,536,912,0.2730263157894737,0.4896182981162353,0.4345652861227662,0.9362138762129759,0.6280341390020711
-102.02940918600498,-103.39546155309927,1.0413536280455005,329,301,406,912,0.3300438596491228,0.5524279962352854,0.47535105249114534,0.9018655738286824,0.6633738864735812
-113.4711285475487,-103.52812772003253,0.9748242236755565,273,332,402,912,0.36403508771929827,0.4446409966782572,0.4557114192358196,0.8976098946063485,0.6117814702386585
-149.89114514794133,-104.4143426773451,0.9686040622206791,188,409,286,912,0.44846491228070173,0.3650094159112982,0.4633471237124483,0.8845324225696474,0.6296452824956343
-110.65862883825113,-104.46845048685431,0.964089750809965,300,338,352,912,0.3706140350877193,0.4211551425738811,0.4151371544378772,0.8763961828995588,0.6264507566354368
-123.22025935939216,-104.94848683787704,0.9435265167880854,316,314,404,912,0.3442982456140351,0.5084169943245761,0.46572438848868103,0.9187967937441903,0.6449584271583482
-144.06417738492112,-105.72515426918524,0.9438804199393975,258,388,260,912,0.42543859649122806,0.3546123575024128,0.46300533718914744,0.8920012738406378,0.6064541165585081
-93.48381250202439,-105.21520443223513,0.9389009486517197,320,307,413,912,0.3366228070175439,0.48639479754272646,0.4555785794357441,0.902193720725804,0.65857174774123
-110.6346282200081,-105.27132310839532,0.8911387498268216,327,305,431,912,0.3344298245614035,0.4860952511332089,0.4555748214025618,0.8982077792891247,0.6615236521903953
-97.80752046774417,-105.50411705026657,0.8949122476058352,368,319,439,912,0.34978070175438597,0.4695404066089997,0.4625587820197132,0.924902017422709,0.6360425914580584
-82.96076489886745,-104.82593510769433,0.9045604082474165,340,297,388,912,0.3256578947368421,0.4581811194302539,0.4434484161137473,0.8542657350480444,0.649406435457196
-74.19500575446116,-104.21933962351665,0.9032559860296899,414,269,464,912,0.2949561403508772,0.541752200868636,0.4553924342149686,0.9146434472022351,0.6303397456319481
-88.76862572153365,-103.94073802929518,0.8878977626888329,367,299,434,912,0.32785087719298245,0.4682067318909482,0.4493719122008235,0.8986884590041524,0.6483798200366633
-58.88555037220476,-103.43443933588227,0.8826126827089803,374,266,492,912,0.2916666666666667,0.5428250561972273,0.44678213030358893,0.8956002864086443,0.6496035910580049
-88.28024192714177,-103.19786432943577,0.8579710402261381,342,310,384,912,0.3399122807017544,0.5297395760591386,0.44321175384104466,0.8923435338507645,0.6235130720883789
-112.51743677130519,-103.20520848603053,0.8133272995101549,372,310,384,912,0.3399122807017544,0.5559084917838643,0.4464435615049898,0.9263066937044208,0.6343313763469797
-145.5199421202294,-103.12863252924255,0.8174190610752761,232,382,384,912,0.41885964912280704,0.3265580171812005,0.4361837825860267,0.9108029502900616,0.6204486693485329
-88.02647519316226,-102.97019721476764,0.8126299234259012,361,276,483,912,0.3026315789473684,0.48984036015930404,0.4359178633094371,0.9289292977428351,0.6265545646187766
-71.70474508942692,-102.619654203769,0.8163640739081853,372,259,464,912,0.28399122807017546,0.5059328317806182,0.4314371560489603,0.8971273458683954,0.6392195731686149
-149.89176290289038,-102.81796917085231,0.8239827290467602,205,423,349,912,0.46381578947368424,0.32263031546700105,0.4639382529042705,0.8834765801784429,0.5567553848976309
-73.95677673959908,-102.4030280781555,0.821964807294777,395,266,456,912,0.2916666666666667,0.5932009365417045,0.4537894689745529,0.8920694660472281,0.6554824414892017
-113.08309708459898,-102.13914789585331,0.8136606957932861,271,326,411,912,0.3574561403508772,0.40495967649931225,0.4429701824232645,0.8979724992383904,0.6780928235528468
-99.98461512695314,-102.44423658366851,0.8182440104813573,345,278,467,912,0.3048245614035088,0.5822907550652885,0.43324339114951643,0.9314053341314823,0.6324101952832281
-81.60236558673314,-102.58502256939275,0.8188002467289534,341,294,391,912,0.3223684210526316,0.5230484776574033,0.456888016016883,0.9270458680068043,0.6336244240735093
-100.80472166714375,-102.58257220652803,0.8211130483290836,339,328,413,912,0.35964912280701755,0.5071715732371761,0.46976978421694887,0.9067819143370599,0.6369726378998551
-90.40732583776777,-102.2485819250845,0.8216978251371623,318,314,421,912,0.3442982456140351,0.46197155988453675,0.43226045158057685,0.8728337277546542,0.6256354339599385
-109.32778490404716,-102.6718450981781,0.8365221703668222,334,306,403,912,0.3355263157894737,0.50420966641966,0.4514162365459128,0.8914852589398731,0.6733638148737523
-72.11387665688328,-102.50273917103152,0.8322309333580958,352,266,486,912,0.2916666666666667,0.4695764213962858,0.46855600787066953,0.9177663609690324,0.6517862635371557
-91.99014691941554,-102.62131328356755,0.8322320357623344,381,309,439,912,0.33881578947368424,0.5390358612544713,0.44282016073381686,0.9194421188577137,0.6515640471228309
-65.49230455883809,-102.05879410072255,0.8366772384661941,417,259,512,912,0.28399122807017546,0.5306542933343007,0.4323985156878547,0.9348576786347264,0.6413789248761095
-122.95092507432825,-101.95917204139103,0.8302557396668709,317,345,389,912,0.3782894736842105,0.4392347675494709,0.4648244798821619,0.8765172447327098,0.6448314915710944
-77.13404924652629,-101.44747753714054,0.8266835208333124,368,283,476,912,0.31030701754385964,0.4977985079333304,0.4438556589174456,0.91896596896947,0.6270361869156945
-140.44659184050178,-101.64127531178832,0.8193866247231373,229,397,362,912,0.43530701754385964,0.41443578598782926,0.4523837084533024,0.9404864604744546,0.6268440996564224
-60.884014132594174,-101.0392514785873,0.811422054892861,424,247,494,912,0.2708333333333333,0.5577864885760045,0.44544973961855594,0.9083052927970122,0.6381968982773688
-60.216695284915424,-101.166388786783,0.8103445417297563,402,276,435,912,0.3026315789473684,0.5488130479266307,0.43398145149111544,0.8987855088017301,0.643687446770504
-78.19324633946117,-101.02332383665288,0.8224802807955572,343,275,465,912,0.30153508771929827,0.5253415935035787,0.44995395611283057,0.9176398890051884,0.6295328768502102
-97.04394357442283,-101.52955096908826,0.8129584578219293,370,296,435,912,0.32456140350877194,0.565573620653865,0.44393534649448985,0.9339070537566334,0.6524204565413906
-144.64899070829608,-102.11972874620874,0.8124434497992374,240,373,365,912,0.40899122807017546,0.37528349152128576,0.4383826988915449,0.9055161656616209,0.6055049639901701
-77.11210695987964,-101.98165133148943,0.8108730518296909,434,249,494,912,0.2730263157894737,0.5665534809990315,0.46828546420380895,0.9404024712148362,0.6706976960369807
-115.29693240959764,-101.79874093645886,0.8201283706753775,300,362,326,912,0.3969298245614035,0.4231450918564767,0.43692540778300487,0.8635524334134903,0.5777677476455967
-106.72228417476192,-101.77332131812852,0.8260260043900918,298,323,410,912,0.3541666666666667,0.4536795383921215,0.44118223307506754,0.9293729623699877,0.6476137401448614
-78.83300393696294,-101.60755915538365,0.8217611571537385,425,271,457,912,0.29714912280701755,0.5562346030154179,0.45305775268467946,0.9171070405790288,0.6548141350622977
-125.84233892384935,-101.67013321908142,0.8350061744296,259,358,288,912,0.3925438596491228,0.47444024475124763,0.4476690210975955,0.9109973361755975,0.586954287955512
-138.0172426796056,-102.04538802096133,0.835438826207541,227,389,293,912,0.42653508771929827,0.42669514704924144,0.45978757341628407,0.882865283728446,0.6719979589649071
-95.36319572665053,-101.54777430328242,0.8323668952086305,356,315,390,912,0.34539473684210525,0.49021248134484713,0.4619321035971357,0.9106760205328137,0.61185886122436
-118.19616876485368,-101.49236854309946,0.8490327947458686,286,340,387,912,0.37280701754385964,0.46767145882994826,0.45233731659017457,0.9144221464128414,0.6012427637908447
