-191.52948938687072,-191.52948938687072,30.335125475588924,101,494,101,912,0.5416666666666666,0.1382879763087021,0.38810570984723936,0.7087673012721263,0.6145829436764252
-156.3260750976154,-173.92778224224304,26.22417904964444,145,469,145,912,0.5142543859649122,0.13568973879467047,0.43206271326362683,0.7575096670701261,0.6061610047325204
-190.50297505812898,-179.45284651420502,40.48275538140784,96,502,96,912,0.5504385964912281,0.13351828221856804,0.33059620683623564,0.8135753602577367,0.46246174440567356
-189.96281645336106,-182.08033899899402,35.675771366398074,105,500,105,912,0.5482456140350878,0.1398900310938563,0.4627473636933981,0.8253675166436775,0.5374771204047158
-238.0178724154551,-193.26784568228624,29.033820868758774,27,536,27,912,0.5877192982456141,0.15420694333349197,0.44850417852824304,0.7595704980016841,0.535575246078605
-246.6080462564917,-202.15787911132045,24.401306251408005,28,542,28,912,0.5942982456140351,0.16100008511523192,0.4734269543617824,0.7779548900965084,0.44838067535809745
-203.4284943534851,-202.33939557448684,20.943974964722006,111,500,117,912,0.5482456140350878,0.17889251561971378,0.3890966438139712,0.8534439194155361,0.644651620814609
-178.06929976900415,-199.30563359880153,18.357078109561215,122,471,122,912,0.5164473684210527,0.2427017608706106,0.44005915209420954,0.8822274992429416,0.5497678746523316
-167.42640044478787,-195.76349658168888,16.496722127654056,132,462,133,912,0.506578947368421,0.25855116397396966,0.39515395039180085,0.8648882640089982,0.581243051972901
-169.107353714893,-193.0978822950093,14.899676159771918,139,462,139,912,0.506578947368421,0.25929437669378236,0.4034286494914147,0.8445996548509562,0.6159523547471328
-162.17439769805466,-190.28665642255885,13.572061129213795,154,429,154,912,0.47039473684210525,0.32788059840086603,0.3593889419477382,0.8167149712577606,0.6211014739980419
-161.52123429802123,-187.8895379121807,12.484410842662761,164,428,164,912,0.4692982456140351,0.3162617215364949,0.4459760186494244,0.8725921669344521,0.5754702376429357
-179.6558767215016,-187.25617935905154,11.524071547073317,121,455,121,912,0.49890350877192985,0.3316893939662612,0.3767718695736456,0.8544169465696668,0.6307645342301965
-128.0901551474062,-183.03003477250545,10.847987164717908,312,370,324,912,0.4057017543859649,0.467469263994458,0.4269554938047337,0.8810058991331081,0.6515795375733392
-103.1181706194309,-177.7025771623005,10.144587099706143,356,331,371,912,0.36293859649122806,0.546274382251237,0.4336136464854,0.8998061167300458,0.645267524055214
-146.1021771152825,-175.7275521593619,9.593170261215008,273,363,291,912,0.3980263157894737,0.5049740593006141,0.42972486906905244,0.905492820614655,0.6274728626831515
-102.82296668414025,-171.43904713140768,9.04062994878043,340,334,367,912,0.36622807017543857,0.6427895611737282,0.4294968787298623,0.9046090824504566,0.6244257468231321
-84.27794250941952,-166.59676354129724,8.573392142265995,379,304,421,912,0.3333333333333333,0.5903168800817368,0.41894768573057345,0.9100940206890894,0.641131579295137
-126.53607680290855,-164.48830634453992,8.138871014911638,314,346,378,912,0.3793859649122807,0.5187948924572036,0.41460090869718674,0.9227685908745785,0.6556720957034434
-135.7000467318452,-163.0488933639052,7.757861007992917,319,379,329,912,0.4155701754385965,0.4467210349033818,0.4189147350357902,0.9021326844861544,0.6595965802854947
-135.38919017559738,-161.73176464065244,7.473845289339214,294,365,296,912,0.40021929824561403,0.46776220318622,0.44488178476959905,0.9045314217521628,0.6154587298731798
-145.94746654351047,-161.01429654532782,7.21711326577441,238,389,240,912,0.42653508771929827,0.40492721078931726,0.4350053501343173,0.9136631861369372,0.6245880719826219
-151.07520095682062,-160.58216195452314,6.939537414345365,252,389,253,912,0.42653508771929827,0.4122224954818778,0.4393895317072048,0.9273678698680344,0.617570205465039
-116.95539452500564,-158.76437997829325,6.6856910878029945,305,346,340,912,0.3793859649122807,0.40281790278152574,0.44775452802783583,0.9205484210760929,0.6174475990436122
-139.62023587088768,-157.99861421399703,6.452552217506386,294,372,294,912,0.40789473684210525,0.3888967592846734,0.43216298531981784,0.908633412721413,0.6686858407375964
-131.6818146609792,-156.98642961580404,6.234065743780078,298,364,303,912,0.3991228070175439,0.39971583023647683,0.4378978354147243,0.8737416322488154,0.656054362496893
-167.22223992216038,-157.36553370122462,6.042521085896471,224,411,240,912,0.4506578947368421,0.41358672538575714,0.4531916382090716,0.8753082867321785,0.5865235605001956
-99.9715660713644,-155.31574914301535,5.850529532278257,352,325,389,912,0.35635964912280704,0.4060074589414567,0.42416149528414493,0.9099593246681047,0.6314012408687845
-128.52329856051404,-154.39187153672222,5.674712331498173,321,338,358,912,0.3706140350877193,0.43754286474732285,0.41383660903830655,0.9177081123917686,0.6407190148932488
-163.42112168492102,-154.69284654166216,5.613845619506196,290,374,315,912,0.4100877192982456,0.4479819306455841,0.4221314059176516,0.9168359380663297,0.6777298209643084
-143.94954103988485,-154.34628829966934,5.7227700196854325,302,349,328,912,0.3826754385964912,0.41197451954620373,0.4252067738531278,0.9363934520995821,0.6429649237329704
-155.16267331701908,-154.3718003314615,5.561266223043462,235,409,243,912,0.44846491228070173,0.44665449315629346,0.4457678460854628,0.8688054314680199,0.6454484541796375
-161.99340546273024,-154.60275806271204,5.419147129937988,241,399,251,912,0.4375,0.4627455743782865,0.44120546130651744,0.8835087134670742,0.6180574137915452
-123.80610475097058,-153.6969741417785,5.284047245627565,310,348,314,912,0.3815789473684211,0.4157972786176322,0.433163128222365,0.896058970221393,0.6694355892597209
-132.11101049767288,-153.0802323233755,5.261948159051414,308,346,348,912,0.3793859649122807,0.4834621837983276,0.43800377832744675,0.9046756170296119,0.6483895255408381
-144.4473590051571,-152.8404302867583,5.126622648547605,273,376,313,912,0.41228070175438597,0.41881816107461933,0.4366195812226313,0.8850426453755524,0.6201987906624559
-161.14432246802082,-153.0648598051708,5.004820192579459,220,412,235,912,0.4517543859649123,0.45098849712025985,0.40134362464278334,0.8662870813297626,0.6066090873536684
-120.27041539890477,-152.20184811026905,4.933938012090379,353,338,369,912,0.3706140350877193,0.45858672072692386,0.39774482598655214,0.9010414914736664,0.6334886432515638
-135.48847453990723,-151.7733000700034,4.845767196038584,297,347,376,912,0.38048245614035087,0.47425442194816864,0.4311269838597566,0.915084545632276,0.6406639097226475
-154.3947456309992,-151.8388362090283,4.888028392867418,264,393,288,912,0.4309210526315789,0.47141397241761945,0.45531219004307366,0.877558560676869,0.6623572419122811
-141.50822305715823,-151.58687003459244,4.878064915564795,280,379,290,912,0.4155701754385965,0.47456340187777774,0.4046595143972462,0.8914090729704288,0.6470073529124897
-150.83703940355622,-151.56901692432967,4.799875983423134,259,385,259,912,0.42214912280701755,0.43187190867566366,0.4675850219839062,0.8963582245860224,0.6276245652701786
-127.72539364566798,-151.01451405738405,4.7756807221629485,278,350,304,912,0.38377192982456143,0.45232320181396074,0.4470498300269547,0.9270730618583848,0.603450489607304
-139.6071675872335,-150.75525618306244,4.675922104990591,249,385,284,912,0.42214912280701755,0.48742068351666423,0.41258210163070064,0.9187927974819664,0.6224063603288744
-128.18522123181629,-150.25369985081255,4.581187983355482,312,357,320,912,0.39144736842105265,0.4892930362184563,0.42111915166732156,0.8796897379577439,0.6282723678079618
-169.1482421430523,-150.66445077020904,4.574957327813706,251,398,262,912,0.43640350877192985,0.4958430613723388,0.4504171060078446,0.9187372046678036,0.6119034779292066
-126.42624780822453,-150.1487443242094,4.530491803482832,341,326,390,912,0.3574561403508772,0.46422125890918803,0.4316798389993039,0.9144198960215827,0.6374540845071216
-167.29992893463492,-150.5060606702599,4.597847340753543,280,385,281,912,0.42214912280701755,0.4331163482568588,0.4427352662207037,0.9215497689445439,0.6657007884713312
-147.14959311564579,-150.43756133241064,4.529853406315193,286,363,296,912,0.3980263157894737,0.4140307781182589,0.42892190589917584,0.8936101357826192,0.6639503288428401
-137.39936592826194,-150.17679742432767,4.48795309985187,322,367,333,912,0.4024122807017544,0.39836906982442766,0.46444752565380093,0.8949844384106219,0.6630159641696697
-176.7271970241083,-150.6973934949116,4.470666579793619,206,411,230,912,0.4506578947368421,0.42067140480089726,0.46708355960538706,0.8642573942829245,0.6295156520112639
-215.48563203128708,-151.94332115907267,4.515332322018385,135,484,147,912,0.5307017543859649,0.4307827530113055,0.4223826135712354,0.9024214403665637,0.5988393486267899
-182.80585132180676,-152.5256330489356,4.572607352947325,240,418,261,912,0.4583333333333333,0.4284435471733406,0.4539418401173233,0.8781000707629203,0.6090332730521917
-143.85776458706295,-152.3651169663083,4.539021139103568,266,370,303,912,0.4057017543859649,0.451494262172973,0.40494731123428224,0.9060686406122378,0.6496137922230102
-138.4791003395939,-152.11264393673167,4.472942187652811,282,393,282,912,0.4309210526315789,0.39906930668883345,0.44413003567508574,0.872040702802405,0.6600561840183675
-175.05185863329027,-152.5222727705988,4.4172016667909375,205,419,212,912,0.4594298245614035,0.4388882994791416,0.4092553906367823,0.8875866412382348,0.6318499248616636
-138.85799433412663,-152.28254858750276,4.369105013384349,259,379,261,912,0.4155701754385965,0.39400746591551195,0.4098121073446963,0.8718755267010847,0.6136295577311179
-164.77641539547838,-152.497960084192,4.378615343291309,265,402,270,912,0.4407894736842105,0.41002377596828427,0.43871312635568,0.9032393598223819,0.6245653799311743
-155.0348861804202,-152.54095883158567,4.341659390341225,220,394,230,912,0.43201754385964913,0.38361976087166194,0.4110002614089264,0.8556642776789664,0.6457491078493001
-151.15210575981305,-152.51781128038948,4.329833505063806,266,387,272,912,0.4243421052631579,0.37915434239404666,0.4125208109125264,0.8937792010502692,0.6657950442849924
-187.55437851255104,-153.0921812350151,4.320262565256295,179,433,180,912,0.47478070175438597,0.4540846608767028,0.4142459561968339,0.8580298644117694,0.5466428117466361
-148.764291771504,-153.02237656624877,4.354305432284072,271,370,273,912,0.4057017543859649,0.3560844127261251,0.4513337068093886,0.9093841697390243,0.6318865573761538
-116.49366694712306,-152.4425557786436,4.295889848663312,279,359,334,912,0.39364035087719296,0.4052867569185605,0.43460302548626784,0.8803121294656009,0.6200744158108837
-151.75712679671577,-152.431845950801,4.240397145003194,238,390,248,912,0.4276315789473684,0.3804682595857036,0.43228624091541484,0.898208460107849,0.637989273121555
-146.5327636474668,-152.34109083844203,4.175160265849299,254,392,259,912,0.4298245614035088,0.3818428695984989,0.39515580893733876,0.8732758040887622,0.6232818626051965
-148.25188213059664,-152.2791331307474,4.11724055967275,295,374,316,912,0.4100877192982456,0.37203720233595183,0.40002618802743406,0.9269603295252145,0.6629554658533294
-184.49192054223528,-152.75992100256065,4.072185881248707,192,433,210,912,0.47478070175438597,0.414412053444946,0.4557567225745427,0.8177083647751516,0.6578603068523601
-128.6780257235673,-152.40577548375194,4.028492785665392,271,375,277,912,0.41118421052631576,0.38387938604859695,0.4347340898413204,0.8706246029145454,0.6392387799950946
-128.3424550234542,-152.057031708965,3.9759349216690993,317,348,339,912,0.3815789473684211,0.42258520402703137,0.4470094621202115,0.9024461661206747,0.6428073568989333
-169.0443918218579,-152.29970828200632,3.9323262630138953,227,415,237,912,0.4550438596491228,0.4469205990522693,0.4191552125509365,0.8883293781375993,0.6240775503885048
-124.878717948148,-151.91349715054352,3.883073374788059,248,366,305,912,0.40131578947368424,0.4007311009599962,0.42055977114559884,0.8816517594168083,0.6386377173861627
-167.11640013675478,-152.12464858090758,3.840966512155113,229,409,249,912,0.44846491228070173,0.42382586189645177,0.42665457912657434,0.9123306465297797,0.6546141934275572
-127.6349530789374,-151.78917330005868,3.82172745018102,284,356,340,912,0.39035087719298245,0.4158294392846544,0.422377888956832,0.8976565555340216,0.6079837313550459
-128.67119329966084,-151.47676816491816,3.777900343380136,287,361,308,912,0.3958333333333333,0.44933659688604843,0.43436703500629315,0.8937925621367429,0.6512022073981821
-117.56778596760141,-151.02464840228728,3.7305277926290024,294,352,303,912,0.38596491228070173,0.4077396061504562,0.4472516930385181,0.8574241977810284,0.610336930963334
-95.11699792962315,-150.2890214223838,3.689977291803413,327,323,382,912,0.3541666666666667,0.40187346471422225,0.43780517001930525,0.8723234198476829,0.6460506603125208
-184.90582274844627,-150.7385902707742,3.645895726003173,199,433,211,912,0.47478070175438597,0.4497174428664516,0.4227924285537897,0.877328508228167,0.5898685252367167
-118.07610265901145,-150.31984042959778,3.6172032100038267,314,353,356,912,0.38706140350877194,0.39537273801645834,0.4457017267132056,0.9012196534421376,0.6040428003018166
-104.39284379526893,-149.73848604182146,3.5743696711901456,306,339,329,912,0.3717105263157895,0.39771245480991124,0.4441473979244425,0.9094805451567943,0.6368832430100174
-168.04949005730964,-149.96737359201506,3.5378228212749363,217,419,218,912,0.4594298245614035,0.44360315265345085,0.44166668542948045,0.8739465559025797,0.5567671501205248
-140.68440619606872,-149.85276905626264,3.4971173857273032,256,389,274,912,0.42653508771929827,0.4393483181596649,0.4226706128390525,0.8464985177953288,0.6513562882706713
-150.8488461690289,-149.86491633812565,3.465226230383762,252,378,265,912,0.4144736842105263,0.4521201413217187,0.42880938914173,0.8727405004373664,0.6393904934859798
-131.49733049979088,-149.64362012320595,3.431488842988531,273,366,293,912,0.40131578947368424,0.4242071506389968,0.4311460609247724,0.8973511223345468,0.5957309193442429
-146.2180789326791,-149.60283987093777,3.4046083566753125,281,369,320,912,0.40460526315789475,0.4251104332881793,0.44197977441046116,0.9138597818554627,0.6312429090180788
-111.74267187689847,-149.15742612983144,3.367114585731202,310,341,327,912,0.37390350877192985,0.427471316531363,0.42676040899270107,0.9150290917756608,0.6488498529248252
-114.36173485354234,-148.75282506847924,3.3416123612556827,355,337,363,912,0.36951754385964913,0.43976256672261665,0.45193625173443186,0.9267153689483908,0.6366932085438005
-112.41226286233868,-148.33511745691442,3.3064816459873883,328,342,336,912,0.375,0.4763264797459694,0.42909880222865354,0.8764291460489244,0.6458829628753546
-125.4474870852751,-148.07503074814576,3.3000829297597067,309,346,354,912,0.3793859649122807,0.4597293169844633,0.4373613311208186,0.9088758485375005,0.6371554890388595
-157.36632010821066,-148.1794272578094,3.2712075110636953,248,385,304,912,0.42214912280701755,0.45115621276913076,0.45194132077664123,0.9021912888313768,0.6430827682180408
-128.1429725527024,-147.95679998330823,3.2403928074075976,282,359,343,912,0.39364035087719296,0.4537972351139883,0.434348076195531,0.9236703712106036,0.6118950383428313
-154.50080694845204,-148.02871214776036,3.2084923718462512,277,387,316,912,0.4243421052631579,0.4612245783511245,0.4305030662555545,0.9038622264993892,0.6305403817902838
-118.55719071689715,-147.70836952351186,3.178876115560804,303,363,324,912,0.3980263157894737,0.47048626177318165,0.44565211983484215,0.9058828127059481,0.6010053491831964
-108.53753666005926,-147.28717777229195,3.1499674581436836,347,324,373,912,0.35526315789473684,0.46032974611254557,0.41123536426467094,0.9157315688307898,0.6492851514928796
-151.29852229676447,-147.32985165021185,3.1330262546128744,251,397,263,912,0.43530701754385964,0.45389070702210593,0.42133511114622496,0.85373913705457,0.6145070541505615
-189.91013786470907,-147.77806518931183,3.1527354998253068,195,432,228,912,0.47368421052631576,0.44466240408014956,0.44222961330250216,0.8395268207456607,0.695142197008748
-122.7036299213148,-147.5168731552702,3.1870926277953644,309,347,319,912,0.38048245614035087,0.5065054374875126,0.43407967988480106,0.9212747295410284,0.6264296197461555
-119.30660493195565,-147.22604564781332,3.162564577680316,323,334,345,912,0.36622807017543857,0.47032380479557645,0.4596343599168681,0.9142592523946144,0.6328894421217154
-151.68216086846937,-147.2715162112894,3.140543302873145,262,399,273,912,0.4375,0.470981623473398,0.43029801167907766,0.8755229751209889,0.6306104949926179
-143.0146690156792,-147.2285177547681,3.131519081262634,272,384,280,912,0.42105263157894735,0.4378049227763111,0.4439212043841327,0.9144289635475379,0.6213858316572209
-134.9721193316722,-147.10595377053716,3.1068749204416206,270,370,307,912,0.4057017543859649,0.4369488315253083,0.42781363937821804,0.8577798141392642,0.6431043751713615
-152.78915303650749,-146.7185504070335,2.8142022680257077,260,405,263,912,0.4440789473684211,0.4492736183965794,0.41654172786775084,0.8518723585369908,0.612486362645343
-200.81558243877947,-147.16344548044515,2.6274794159129353,184,451,209,912,0.49451754385964913,0.45885343532726935,0.44659843340039207,0.8951799063345125,0.6956252836687399
-163.48871324464878,-146.89330286231032,1.9468337666778148,240,406,243,912,0.4451754385964912,0.3994650076496282,0.4640889477893923,0.8618108710306104,0.6282385416426645
-173.94635360416834,-146.73313823381838,1.769744948801801,213,425,213,912,0.46600877192982454,0.47881702339332066,0.47664009603872864,0.8573539423290235,0.5794447117584344
-120.9287640799956,-145.5622471504638,1.7467319207425165,337,327,345,912,0.35855263157894735,0.43105403788960867,0.432592774925779,0.9150630407777841,0.6128747938488414
-161.24633362562898,-144.70863002415518,1.7363376981798242,266,381,310,912,0.41776315789473684,0.4130324067935263,0.43417633011447065,0.9393315411068041,0.6527573620316952
-131.88481146117834,-143.99319319523212,1.7443894733201248,285,376,293,912,0.41228070175438597,0.43820041516993574,0.4393592482782715,0.8849095775904412,0.6253544225058154
-114.3345947964428,-143.35584614550652,1.7440770465330997,322,331,345,912,0.36293859649122806,0.43830923263523547,0.44225199642125146,0.8891378572758719,0.6399174480409757
-128.30023345967606,-142.96458447565539,1.731103642394333,315,358,359,912,0.3925438596491228,0.411956254690192,0.445093747190152,0.9131137947350078,0.6497645255563205
-128.29375945525442,-142.556448533059,1.7365947582524668,294,367,331,912,0.4024122807017544,0.4202366259691358,0.4461047250857088,0.9073361663465623,0.6557274068679821
-150.693312242194,-142.4416376785004,1.740426487807302,261,390,290,912,0.4276315789473684,0.42249698663766844,0.42425284700136684,0.9042136441005812,0.6441027326928206
-158.8033866445075,-142.4144592019653,1.7600273218454925,249,393,292,912,0.4309210526315789,0.41942660449956387,0.4546137930967819,0.8898787323905989,0.6411183558001436
-118.71726738756344,-141.80507310862586,1.76402406027933,280,364,296,912,0.3991228070175439,0.3461756891655533,0.46366094787598655,0.8992301939813211,0.6232878439786252
-181.84522541842074,-142.342623811336,1.7523666326158784,201,422,201,912,0.46271929824561403,0.3599020345848499,0.46507056956132825,0.8927798217574212,0.6482092782498
-166.43935268427418,-142.97583563198444,1.768225513225422,265,405,274,912,0.4440789473684211,0.4271183159553619,0.4817252119672568,0.9345208758255122,0.614321511967194
-126.99220880451519,-142.7847359488768,1.7577118663212499,293,358,293,912,0.3925438596491228,0.3688665654405107,0.43064700828645974,0.9058379578705397,0.6302229968255842
-160.19671702704397,-143.35847345230582,1.7569652014458932,265,382,286,912,0.41885964912280704,0.449534884126841,0.4293646580007705,0.9093912762613229,0.6413961928424733
-124.84868709544934,-143.7641808981661,1.7516535178015755,308,353,339,912,0.38706140350877194,0.43611604332753867,0.4607203429804714,0.8946208609124042,0.6441766813184194
-130.92503426379395,-143.80807047277497,1.7597324299006993,271,350,327,912,0.38377192982456143,0.46644680135901495,0.42014416458685716,0.8916463593699108,0.6272349711011355
-173.36572303966094,-144.1847272358531,1.763329630342382,219,414,219,912,0.45394736842105265,0.423408030297057,0.448509627613953,0.8701039501386959,0.6349318203712064
-141.66632767266455,-144.24749861082378,1.7616056809094618,233,394,257,912,0.43201754385964913,0.41709824530722495,0.4525104135612544,0.9104165178058655,0.5985261554969683
-174.93828070399783,-144.53740675242867,1.754788142246492,247,400,262,912,0.43859649122807015,0.4506414376288679,0.39997123295504217,0.891282544154005,0.6141766971133058
-131.0340277301105,-144.3369950201616,1.8598884271177778,258,379,276,912,0.4155701754385965,0.46054996681464017,0.43871257660122465,0.9081227859653844,0.6258175964915598
-142.12041222070894,-144.5886451971186,1.9200196189616545,282,360,285,912,0.39473684210526316,0.38789808003333964,0.4625034636552641,0.9065671584952747,0.65425509233363
-115.0298405299583,-144.34274124370933,1.914573986496249,313,322,315,912,0.3530701754385965,0.41470037408000393,0.4637052728329388,0.9042866741034121,0.6704946467052694
-203.391170514028,-145.0598348022398,1.9182825705798325,152,459,157,912,0.5032894736842105,0.45354938345579665,0.4428946893020802,0.8129702119234485,0.6195443874833558
-140.5560105671716,-144.7931725086899,1.9213765936328022,276,374,276,912,0.4100877192982456,0.3595178075699588,0.4207847269631728,0.9050814290720007,0.6370331509702836
-127.74297266697306,-145.07088657464598,1.9279119262383633,315,350,325,912,0.38377192982456143,0.38203449993511895,0.4688182138853868,0.9239849090038027,0.6443502956241239
-113.80252862677509,-144.9236788753086,1.9242472453194714,286,347,286,912,0.38048245614035087,0.33955267217813445,0.4530234529334268,0.9080825250028003,0.6095460576281244
-138.33733736409746,-144.67284103210037,1.8969538201890652,282,371,305,912,0.4067982456140351,0.4262544242090527,0.44598319667885955,0.9008804968463545,0.6347698893992799
-175.0441736074862,-144.98378735777635,1.8252616993470627,228,417,260,912,0.45723684210526316,0.40747421501863995,0.4574757778463581,0.8942564552281144,0.6449553862936664
-121.26199918072835,-144.64478061641347,1.8331414953658194,305,371,349,912,0.4067982456140351,0.36743388183930414,0.47093740440277854,0.9073766721743849,0.6359426207862152
-179.61523063243874,-144.82099886811054,1.8346895947040682,230,402,276,912,0.4407894736842105,0.43215642382211084,0.46707841848612947,0.9425103043909938,0.6378399043597556
-145.5776294331798,-145.03871411493265,1.8651127189682537,278,356,324,912,0.39035087719298245,0.4298400959962668,0.45589486867840284,0.9088622063788255,0.6584976929534282
-139.46424583439378,-145.11224646829984,1.8328417715638232,268,359,338,912,0.39364035087719296,0.46025241982682785,0.447462610938054,0.9039871140754848,0.6102828317072174
-138.6246788948876,-145.05401966719717,1.8577632742695076,291,379,346,912,0.4155701754385965,0.4594865844137071,0.4625200646754067,0.9190482047422041,0.6377466503436232
-146.47984997277806,-144.90737494224473,1.8573007489721491,283,373,330,912,0.40899122807017546,0.45827705681614866,0.45955453206975183,0.9146051700160224,0.6109415666086019
-137.18322236535647,-145.07650301190927,1.8508048291266104,251,398,312,912,0.43640350877192985,0.35941102852456347,0.4674054796186445,0.8877480594611585,0.6401095158268074
-125.33057652817413,-144.97492403179194,1.848984358146875,328,354,335,912,0.3881578947368421,0.3703200775312183,0.4846707713897817,0.9117043655324969,0.61321940333721
-149.56729060338589,-144.92664948151582,1.7898749417803375,249,391,274,912,0.42872807017543857,0.39427569170550025,0.4476216585597554,0.8877730829856154,0.6064540723539772
-145.88740901303413,-144.97044134107455,1.7739643276596235,279,385,288,912,0.42214912280701755,0.32997252414331485,0.46880248401540897,0.9053536228191726,0.644557566766828
-126.82008239127897,-144.7302717709518,1.7638835985203978,233,387,270,912,0.4243421052631579,0.30842966852967585,0.459200671485294,0.9040040641469632,0.6268072732277122
-131.58893398666746,-144.7689071743618,1.7514732421929722,288,374,302,912,0.4100877192982456,0.3573796907413271,0.4893554884350619,0.8900709459631434,0.6075626973189221
-158.5618455444633,-144.95845395393408,1.752825113755183,239,412,261,912,0.4517543859649123,0.39059946937422385,0.4088610911398517,0.8808156840050491,0.6193046557983038
-115.58950783063956,-144.8324968199223,1.7514664341871247,320,351,353,912,0.3848684210526316,0.3391774495628755,0.43024331839944147,0.9020402685987641,0.6642144044434611
-151.1061137277492,-144.65207553576928,1.7144353718426328,256,397,271,912,0.43530701754385964,0.3642203479186114,0.4515157789044106,0.8834271664753439,0.6208320265937403
-169.81642990758374,-145.08597735676287,1.693311206820165,237,392,311,912,0.4298245614035088,0.4191268448224975,0.4513369043623351,0.9053470559866484,0.6609185996773704
-145.78002972366755,-144.8707783646532,1.6181820327341427,263,382,294,912,0.41885964912280704,0.4180209729461715,0.4635832303912962,0.9258739686201037,0.6418330886052184
-134.79692235866403,-144.74725165708335,1.6119171601393407,300,359,353,912,0.39364035087719296,0.41838770146854254,0.44721223078105626,0.9140234728398902,0.6327107751226714
-116.91162115913669,-144.54237420939214,1.5927335463985963,280,355,343,912,0.3892543859649123,0.39078070468315534,0.4374235382899507,0.8929161707975513,0.6306988991682317
-170.67662718584157,-144.48186851100948,1.5765719954057316,173,438,175,912,0.48026315789473684,0.29705317842755935,0.502283388043477,0.8582120308492787,0.5702627885472059
-130.14722015842727,-143.62848439228085,1.5189725176951705,260,376,260,912,0.41228070175438597,0.28139916689779987,0.46354666708820746,0.9232477000925564,0.588799673497883
-120.00932506329349,-143.0005191296957,1.448201267468974,269,365,297,912,0.40021929824561403,0.2548234345360326,0.48832087548928826,0.9132767481344852,0.6248600433479208
-133.5287036156098,-142.89722851998118,1.4286155414709591,251,377,261,912,0.4133771929824561,0.2862200096859234,0.46921779374260353,0.8860223131239509,0.6348587458577852
-123.35931876442172,-142.74603070422944,1.4215582678357022,254,374,262,912,0.4100877192982456,0.29743181473050767,0.44948657197124997,0.872114045029719,0.6226995983174196
-154.36458943950691,-142.53915801229164,1.4088377289727463,213,422,227,912,0.46271929824561403,0.32648083937139233,0.4701363071459184,0.8535886898265416,0.6137742809823015
-125.59049511271739,-142.40648302007753,1.394746091642178,255,371,282,912,0.4067982456140351,0.27225288563192496,0.465422950853458,0.9227922558047416,0.651806155501255
-142.7098959579141,-142.18581782570192,1.3596465535609943,280,391,285,912,0.42872807017543857,0.4021734628768993,0.43591437739670064,0.885257239660319,0.6424583089776468
-128.24065739629884,-141.91787553786068,1.3391736017795626,305,363,339,912,0.3980263157894737,0.3767247701715219,0.4566410141803064,0.852356746594276,0.6479713063269519
-93.40887291551762,-141.34044320941774,1.3084195576517146,386,300,416,912,0.32894736842105265,0.3475234926082872,0.45607076880776365,0.9168753629810302,0.6522677796857562
-142.53772033205138,-140.89027662761274,1.27963778851466,239,401,249,912,0.43969298245614036,0.29806825224477634,0.478550056360232,0.8733651492626534,0.6162562610284775
-133.10015124139704,-140.73363522231165,1.2220944687702162,278,380,288,912,0.4166666666666667,0.29881593206084583,0.4930849654491565,0.887585189079188,0.6050309125645792
-106.8030913853484,-140.63672946669394,1.2193110134451275,309,344,331,912,0.37719298245614036,0.29984685883851975,0.45188501391605246,0.8972494934562851,0.6084957305325979
-130.34269250352992,-140.42258512376205,1.2165528922234659,291,362,318,912,0.3969298245614035,0.3559659318021626,0.4658209824341167,0.9235041001351677,0.6411393125159591
-127.01702552680882,-140.22742774255548,1.246712228426937,247,385,258,912,0.42214912280701755,0.31181068148078633,0.4831164985919521,0.9008715055091591,0.6026233563702529
-150.3930326767364,-140.24883924801688,1.259491825801539,234,412,267,912,0.4517543859649123,0.25953146127386784,0.4793837525267941,0.8635453833832202,0.6710988937541535
-129.0732366331713,-139.69465240892623,1.2734807735541944,287,358,288,912,0.3925438596491228,0.31990096801412815,0.45903573825137123,0.8953940169030693,0.6309921127871452
-137.6506632152552,-139.78437878384318,1.267710898335475,296,373,318,912,0.40899122807017546,0.28680155718015793,0.4691704319012355,0.891338500939504,0.6220256892393146
-103.25594968287868,-139.5335137304374,1.2768844982735663,327,321,397,912,0.3519736842105263,0.3313166988681093,0.48688888222938476,0.8839881170275433,0.6530467143503186
-158.46553915781882,-139.42772520379697,1.2798065676656636,258,424,276,912,0.4649122807017544,0.2830006132503856,0.4682130440043089,0.8980350607034402,0.6340776457144792
-155.27930582443352,-139.73173108255983,1.2777232041959796,196,417,197,912,0.45723684210526316,0.3148145417218072,0.49855368165190955,0.890441748327664,0.6279574229262052
-152.64106679315495,-139.5869777491238,1.3041111363277473,191,410,196,912,0.44956140350877194,0.25940783874220974,0.4618919816123576,0.9011535183772619,0.5908577863973423
-138.19290927845992,-139.69255731111903,1.2855334848533946,265,375,285,912,0.41118421052631576,0.25784145214269594,0.46088134926304347,0.9131805969323891,0.6636132798033613
-136.08231995040006,-139.76666857762643,1.2808659483558749,251,390,284,912,0.4276315789473684,0.2993608581394787,0.4689103538334073,0.9045467874063169,0.5793858072310687
-162.07091301591825,-140.2116998481096,1.2844266604448853,196,411,196,912,0.4506578947368421,0.23528087428158087,0.4787788259702315,0.9186161924338375,0.584734679135177
-180.82210225712325,-141.06875089138458,1.3308397437705373,153,450,191,912,0.4934210526315789,0.23493963551464145,0.5055790079959211,0.902759664071239,0.5775450951154237
-168.94182683269725,-140.9091109322271,1.3911946788837009,166,442,171,912,0.48464912280701755,0.22122551773623372,0.494639921232672,0.889720754005508,0.6099473264860541
-189.199295245067,-141.62034285808767,1.4194711339659758,185,444,186,912,0.4868421052631579,0.20789475066813887,0.4929225733149441,0.896596258829032,0.6560018287048418
-135.19721938655843,-141.92838661400057,1.421733319697374,278,393,300,912,0.4309210526315789,0.2511927155503865,0.4932252508416294,0.8836734881700838,0.6485273247138296
-114.63778738643879,-141.39426958729186,1.4173198079424443,267,364,267,912,0.3991228070175439,0.24634420283960923,0.49714086086876796,0.898982388942294,0.5876776993822791
-127.65498655408192,-141.263975390872,1.4370083363143564,229,393,229,912,0.4309210526315789,0.2561902594425983,0.4856543784739881,0.8974381330779071,0.6094565487374602
-121.0466299240683,-140.9659532284224,1.4461919281403968,238,367,285,912,0.4024122807017544,0.24079699976079202,0.4973413770119889,0.9005739529446966,0.6550532120536318
-138.49569288955553,-141.03593685232005,1.4416122897063344,236,388,243,912,0.42543859649122806,0.2622643186552575,0.4631375226998281,0.9032761272463579,0.6161727405582992
-136.17658619646036,-140.93552192495784,1.4413647480068081,247,389,278,912,0.42653508771929827,0.27072324073172943,0.4951135351566256,0.8661688188660399,0.6152847378003296
-109.83044399562796,-140.91639964614515,1.4479313707385735,338,323,380,912,0.3541666666666667,0.3433180830246972,0.48940318685769396,0.9119829752672235,0.6349308392489487
-142.39621442597016,-141.1967444418694,1.4411859368054007,277,384,296,912,0.42105263157894735,0.3552296969026439,0.490468968029696,0.9140043286706668,0.6535209356073637
-114.72085047895006,-141.21983031803555,1.4403066850739563,318,323,389,912,0.3541666666666667,0.35928483807222844,0.4430068249972008,0.9160683380620314,0.6528369512416156
-141.14069665791374,-141.37676241376192,1.4171572223287803,269,360,331,912,0.39473684210526316,0.3377779816303827,0.46279825115458884,0.8958410012923225,0.6827227522432051
-112.57745885331659,-140.928873801213,1.410139048828048,300,341,333,912,0.37390350877192985,0.3628088297688426,0.4418769225844325,0.922035753298175,0.6184222495999497
-111.340053973518,-140.76084461542115,1.4360664247829034,296,352,302,912,0.38596491228070173,0.3456374596513236,0.4889506846956332,0.8850792347280128,0.6482276780735006
-141.99464817238004,-140.6357830276604,1.4334560276588872,286,376,308,912,0.41228070175438597,0.33694176041577467,0.5308205706928394,0.9085915714879139,0.6552043690241137
-117.95706873105156,-140.62978180780195,1.4343144234235055,287,349,312,912,0.3826754385964912,0.301251801915388,0.48584070174888466,0.8990657631372723,0.6496539046536135
-129.3183132854268,-140.8375895740556,1.435193861141222,267,369,281,912,0.40460526315789475,0.3004748260992528,0.48016153448081417,0.8998663626986417,0.6324332093345794
-152.27692026652247,-140.84737355375321,1.4375152457354508,276,384,304,912,0.42105263157894735,0.3008431802377626,0.47341956561753934,0.9221824528603239,0.6885096121440554
-93.04702008743705,-139.8787423759805,1.3925632943404782,328,334,328,912,0.36622807017543857,0.2602184608199157,0.48793752803373713,0.932726120879532,0.6417834075175978
-148.35398679046315,-140.135245944672,1.3534769701077227,221,411,223,912,0.4506578947368421,0.2511539840135375,0.4741720120282233,0.8880867400468655,0.5652299457446474
-149.2093495359285,-140.43427339071172,1.3472652639451201,227,406,237,912,0.4451754385964912,0.21122672689083888,0.4801010162035057,0.8990133388663769,0.6281731978605758
-116.67289898922908,-140.0841807719193,1.3373510271946636,329,337,358,912,0.36951754385964913,0.28515143374638996,0.44758893825229235,0.9278674940281025,0.6329904293689379
-115.93568493783064,-139.81339093114082,1.3313573975100315,355,328,362,912,0.35964912280701755,0.40280449674293656,0.449158940848385,0.8952037356489905,0.6285432389640403
-155.42967829196093,-140.0179665207437,1.328808177353226,261,378,294,912,0.4144736842105263,0.43777468336194153,0.44683120098274354,0.9059037090575259,0.6426035027552509
-144.04380112385525,-139.93051300161721,1.3304927371197401,298,368,321,912,0.40350877192982454,0.4340009815865681,0.4467390071390841,0.9088661790453556,0.6457869170243759
-117.80576811123471,-139.10041485834174,1.3118465008307971,316,352,340,912,0.38596491228070173,0.2749674777955293,0.4938438642704655,0.8926551757499831,0.6424072359237754
-119.35895606435267,-138.6591172865388,1.3139918151041676,287,369,294,912,0.40460526315789475,0.30847649098732094,0.49762062030182225,0.8906477416048179,0.6328797583319692
-151.8740883479195,-138.4383946339763,1.2864579062663304,221,413,229,912,0.45285087719298245,0.25641106210947234,0.503017012219938,0.8761011232950908,0.6294097433163414
-126.92678406811835,-138.4983748338575,1.287387432853518,338,339,345,912,0.3717105263157895,0.28292375785802504,0.4978491646436973,0.9259389400760899,0.6190177194445319
-149.14184736173848,-138.3773299712186,1.2888629000591854,248,393,280,912,0.4309210526315789,0.27191461858011456,0.4835487239662399,0.9093557200694838,0.6410937230304327
-114.57239833798475,-138.20420583998668,1.2833483793014921,295,358,346,912,0.3925438596491228,0.28799605471267425,0.4298333118091702,0.9206622974896114,0.6453413321590546
-157.7759432022994,-138.63861932404524,1.319362869007933,221,399,223,912,0.4375,0.28479258577337035,0.46638487241068405,0.8979222206006825,0.6121449936287626
-114.08586399756211,-138.49647562942408,1.3210697437874697,340,335,391,912,0.3673245614035088,0.2742820895209245,0.49499505770361346,0.898562935293056,0.6478616963078053
-105.86679761668049,-138.27220601103835,1.3189710752319375,300,335,317,912,0.3673245614035088,0.29158602802788836,0.5034856449560718,0.903278146022137,0.6110640719289729
-115.11022185594155,-137.91637510717584,1.314301392221688,306,348,311,912,0.3815789473684211,0.29906412828584544,0.46448149690646573,0.8970790958233933,0.6345381686923267
-151.76570062258105,-137.84599824695658,1.2921069100062947,266,404,270,912,0.44298245614035087,0.28934638589058126,0.47132076509317,0.9144819692448761,0.6107739468268313
-138.44769799284404,-138.04330255300937,1.2890697693884783,270,378,272,912,0.4144736842105263,0.24141258407965563,0.4971760295524629,0.897935767274348,0.6532420242641701
-123.94942673897795,-137.46434456621495,1.2865125895221752,304,360,341,912,0.39473684210526316,0.26272181371190534,0.4809107696481456,0.9037783646811982,0.6784883493289605
-141.45475999554114,-137.21449863932764,1.3354426225005538,294,378,325,912,0.4144736842105263,0.26882380890917135,0.4868762443028389,0.9238816160508505,0.650062509407955
-106.3619676716696,-137.00819622799915,1.3369257027564414,309,349,318,912,0.3826754385964912,0.24941384058213395,0.47831071829426897,0.8797748655030397,0.6163104840782759
-132.19674479957004,-136.72819650572444,1.3410245509749392,263,384,273,912,0.42105263157894735,0.24437691934402395,0.5059833652549393,0.9034961567527421,0.645241329755582
-135.06452111217388,-136.83035484589166,1.3539866257993813,242,396,294,912,0.4342105263157895,0.22073205288838757,0.49107997365818024,0.8912098214533225,0.6570962100273877
-158.63558845597117,-137.10746038781343,1.3548585365521655,185,422,227,912,0.46271929824561403,0.2104086002916767,0.5029610960679586,0.895174604755579,0.6170664417290229
-136.14043891029442,-136.73520754651975,1.3537939876299254,247,385,251,912,0.42214912280701755,0.21693724055056535,0.5062755601877601,0.8874057629155715,0.6888159193582495
-142.3291891925156,-136.74183616171828,1.3383947111174381,247,394,256,912,0.43201754385964913,0.21654469843715454,0.5324789760544565,0.900020577309138,0.6312471271122531
-151.1766638270132,-136.50421999294844,1.340041949541059,223,408,265,912,0.4473684210526316,0.21797056245276403,0.4893639439434312,0.8680372240828099,0.6496148402823669
-139.5221966392376,-136.5891016820397,1.230075588918204,238,388,251,912,0.42543859649122806,0.2866163095920945,0.45419022804042125,0.8920684457978849,0.607190416183824
-127.3649467939378,-136.44154702777203,1.1624757350422494,271,381,279,912,0.41776315789473684,0.27032860296229994,0.4335296353536113,0.9076376723952281,0.6006966971191724
-73.85622868713021,-136.02981090934375,1.1630410903212975,367,303,394,912,0.33223684210526316,0.2488268523230427,0.4724417086261178,0.9095311759484254,0.6322938020260925
-144.83822531296863,-135.44428145733318,1.1597729552515426,252,393,270,912,0.4309210526315789,0.31004150852051526,0.4824377503273374,0.8623943603705458,0.6081049184196521
-144.72126683338487,-135.48593401999528,1.1511807724415348,244,389,281,912,0.42653508771929827,0.30772148079393274,0.49181967766496254,0.8933216804418315,0.6561678940307153
-84.14331781037828,-135.04993747142933,1.143350473535586,385,305,397,912,0.3344298245614035,0.2871070556755978,0.47450612816653825,0.8965203313958668,0.6707264235495086
-117.51179888336536,-135.0870301739952,1.1608134015081637,324,348,360,912,0.3815789473684211,0.29391939102244513,0.4768649544167019,0.9066354508915794,0.6759340403616122
-103.55525835644798,-134.73920938391873,1.1499936405111735,343,328,361,912,0.35964912280701755,0.31688755702643834,0.44917279166187807,0.9096625940845731,0.6484465267628203
-119.08752511701083,-134.17964289901397,1.135014551297335,278,359,290,912,0.39364035087719296,0.3112009859506637,0.4747737350033524,0.9201776342458752,0.6161724534148999
-135.01320902740045,-134.3171549974807,1.1393402434904354,280,381,313,912,0.41776315789473684,0.29345061208504386,0.4556883556085283,0.8764991465947691,0.6929089831824254
-163.34108944246316,-134.15441358558095,1.152898701173595,211,413,267,912,0.45285087719298245,0.28267608760305313,0.47836165435670486,0.8920466753617977,0.6354378223398359
-144.94839645358797,-134.14812125578504,1.1226944575390245,234,391,241,912,0.42872807017543857,0.2921456366699795,0.4732143564639642,0.8858274353732826,0.6404811087824491
-130.67101519392438,-134.06018894938035,1.1124765058650303,265,368,308,912,0.40350877192982454,0.28179654342308874,0.476651428344732,0.888823388231832,0.6368265742605493
-140.0656450683774,-134.07459861111525,1.1029904875297687,278,392,322,912,0.4298245614035088,0.28853229661239693,0.476799483749732,0.8816300610192506,0.6431406153446607
-122.13361457097513,-133.8311362570972,1.1139492690159185,310,350,352,912,0.38377192982456143,0.28611248178619786,0.4944760684956799,0.9220092838981532,0.6226668720420577
-148.7083925344285,-133.94638795878794,1.1017478126872273,238,407,240,912,0.44627192982456143,0.27598417140641857,0.4871904768326153,0.8838371118585918,0.6466193576046
-135.50192781617932,-134.048101471668,1.0893723299963554,288,367,318,912,0.4024122807017544,0.3027898213414327,0.4797340727678633,0.930019621042124,0.6616554337024043
-136.06495607447224,-133.91307812637885,1.0938455680695736,281,389,287,912,0.42653508771929827,0.2677429082844204,0.47566312109368786,0.8909586207054874,0.6476317222706116
-134.18135115531086,-133.7960175478016,1.0938708048601493,292,374,294,912,0.4100877192982456,0.27035586009971335,0.47219003335685183,0.8952883704752529,0.6509439815338346
-115.994943556235,-133.68776615945117,1.0889364540875985,284,369,296,912,0.40460526315789475,0.26407286111751355,0.48470750616083197,0.8985289673509501,0.6043013216458042
-139.7774318622015,-133.76965113820648,1.0674679450909548,266,396,284,912,0.4342105263157895,0.2770852877661388,0.48461829201500517,0.8942561243723922,0.618786353186806
-135.69872140483048,-133.54101989681018,1.0666946968662427,229,401,252,912,0.43969298245614036,0.2702620272861039,0.4877651630699984,0.870057797676079,0.6425635369322115
-110.02660308939781,-133.48539084939776,1.0703987003142006,322,348,334,912,0.3815789473684211,0.3097316124611943,0.4799197609085498,0.8956486153369824,0.6390476497615197
-117.51533815214559,-133.14948309364172,1.0697849579877758,277,361,303,912,0.3958333333333333,0.24986026569877517,0.46873865489850525,0.8859755176198685,0.63582601462273
-115.40978855897428,-132.60541668015563,1.071217365929031,268,360,292,912,0.39473684210526316,0.27557869090989545,0.5283021127737106,0.9050548091745436,0.6744303867926161
-127.97177087204152,-132.42733409163935,1.0696363659601986,256,386,273,912,0.4232456140350877,0.2563180991109544,0.4742972806676109,0.887716114394221,0.6326568725965025
-172.12529189796152,-132.8006177870323,1.064036711646329,185,435,204,912,0.4769736842105263,0.24283660029639395,0.4741661268868855,0.8932720895626632,0.6377831998106523
-162.61810576181182,-133.2576826330591,1.0627822306504071,200,441,248,912,0.48355263157894735,0.24954791014377284,0.47927038126455035,0.8597960488732362,0.6322197494119098
-152.97461640502667,-133.08066252525094,1.0488955945307965,221,403,255,912,0.4418859649122807,0.2754633306116715,0.47625165700852684,0.9050471530095141,0.6205372881484696
-165.83217725136822,-133.43751209618034,1.0471668020541793,242,402,242,912,0.4407894736842105,0.287281975210283,0.4323414456258872,0.9098992046358463,0.630584643050743
-134.35455653387544,-133.58096441088617,1.0566868526883355,280,382,308,912,0.41885964912280704,0.32236862140343836,0.47888984410642776,0.9267872849346014,0.6081776261326461
-145.13325951649577,-133.69700996989502,1.0529666211199535,231,385,305,912,0.42214912280701755,0.2952081816287892,0.45056081068905657,0.8925906104618558,0.5942937803490573
-154.24589058625867,-134.00587568811338,1.0848443994026904,276,389,298,912,0.42653508771929827,0.30931647539219753,0.46202327644194663,0.8946012328774602,0.6709467068753531
-115.22590761596302,-133.61448886987796,1.0847562360945018,284,347,355,912,0.38048245614035087,0.330146490283906,0.45184362680317414,0.8648336510777014,0.6389968227490413
-114.02655402769022,-133.49884945902767,1.1161187460898487,332,358,333,912,0.3925438596491228,0.32292891356013687,0.46323841007695776,0.9143761483401883,0.6232755227820086
-89.7098942119598,-132.96884944156815,1.1094100318657434,361,310,389,912,0.3399122807017544,0.33297042999537785,0.45595893718135655,0.9271454070667535,0.632228825941665
-126.3946981136047,-132.9503898487412,1.113883141738509,310,365,350,912,0.40021929824561403,0.31403246875731977,0.4579170189119969,0.9075890920443559,0.6757299032589833
-137.4675965816556,-133.3909770854026,1.1117499817175178,266,384,292,912,0.42105263157894735,0.3037932518451497,0.48863633879738183,0.8809602278283792,0.6190250066006573
-96.77587625676111,-132.93335864464967,1.1140800964473394,338,350,367,912,0.38377192982456143,0.2374513808657199,0.5015814632418246,0.9124649275241588,0.6470140022649563
-122.51710321902154,-132.8275281644259,1.1155561177360696,268,368,302,912,0.40350877192982454,0.2694880796288647,0.4580958059528557,0.8980048624068266,0.6349224657021074
-139.4575428672119,-133.15407267924454,1.1183002306742937,272,383,300,912,0.4199561403508772,0.2700291967225177,0.4651312259782075,0.8948537042684616,0.6281825227865708
-145.61916252337986,-133.30683737944307,1.1151277611374204,214,397,225,912,0.43530701754385964,0.28292921574778984,0.47159204553761774,0.9063012024025516,0.6215189002791276
-150.06354226278611,-133.53730254680283,1.0924442779516519,244,402,258,912,0.4407894736842105,0.2717187997473637,0.4894376073963607,0.8898640857344926,0.63832082293526
-145.53539222275577,-133.48872614226303,1.077982925120127,198,411,233,912,0.4506578947368421,0.2662834566970071,0.45200702529448644,0.8845527515951281,0.5960892279333491
-131.46601785904667,-133.5126539545218,1.0842604118655101,243,385,282,912,0.42214912280701755,0.29090448846551903,0.48354760520892653,0.8330139214599711,0.6730873647873313
-160.81323130276166,-133.74427963539685,1.109950028454864,249,401,291,912,0.43969298245614036,0.2980534451154093,0.48352747538963664,0.8930181169357353,0.6940363289202
-116.0807674813815,-133.8725278133819,1.1079713021409747,300,349,411,912,0.3826754385964912,0.29223005942891855,0.4589003345107977,0.9048216861579474,0.6469960253233434
-150.9038586483203,-133.7969110082869,1.098975702208376,215,413,231,912,0.45285087719298245,0.3083823154104997,0.4474509256613384,0.8719373107640361,0.6709922191238488
-154.04066165112664,-133.78452456655384,1.1037417319837117,240,397,241,912,0.43530701754385964,0.27332674852383426,0.4759753990513139,0.8941094164506795,0.6729594944582984
-137.04092661285176,-133.6285231647508,1.0758829196829094,258,380,281,912,0.4166666666666667,0.2697981055724966,0.4514353519391648,0.8932693846332148,0.6188734015727967
-134.11880816156196,-133.5877821535818,1.0711281889254454,249,392,270,912,0.4298245614035088,0.26188437480369714,0.45975856484799715,0.8816494477539498,0.5922182974720336
-148.18622860645104,-133.70882124014233,1.1005150297866206,222,399,243,912,0.4375,0.29132978805776083,0.4800505845232582,0.9085242758254908,0.6359976379701624
-102.44994355309433,-133.11261154551408,1.0971401927022335,322,350,336,912,0.38377192982456143,0.2471374067962396,0.4910255240103221,0.9285838995544248,0.6395960996497694
-123.51978941802648,-132.53958841712313,1.053369141945184,273,373,303,912,0.40899122807017546,0.2818233212131712,0.4728285487756126,0.897249149727791,0.5966742768476029
-128.7527786030377,-132.13769793482652,0.9906488301038604,266,381,270,912,0.41776315789473684,0.28960209147455207,0.4494134052850977,0.8994926276059513,0.6381981387649602
-108.71688048773014,-131.33287378725316,0.9569784096425957,351,335,376,912,0.3673245614035088,0.2955079767056473,0.4908137788986284,0.8921165761905788,0.648825648220201
-99.23000510738402,-130.9732016444614,0.958285701428653,311,343,362,912,0.37609649122807015,0.2788248639760454,0.4968608273907156,0.8838081742748498,0.6369392719380702
-101.44870904180051,-130.84131086101502,0.971510824150333,348,324,366,912,0.35526315789473684,0.2954695381410996,0.4806169745158926,0.8935868459057993,0.6417938619609067
-123.30539484958562,-130.79781494397005,0.9603597257565123,329,342,357,912,0.375,0.26306736745676174,0.4514785651781549,0.8944556680059342,0.6547427375778555
-145.62485199233362,-131.0435971646527,0.9785562540275922,253,401,281,912,0.43969298245614036,0.32012039889088406,0.44523283198794095,0.906774735039932,0.624954569884708
-82.58847586370764,-130.48452499439423,0.9790175140669622,357,308,384,912,0.33771929824561403,0.31649165711767596,0.4580655462551462,0.9001688644280601,0.6546576218803993
-151.25716057046267,-130.63533073813426,0.9738135480235363,211,407,248,912,0.44627192982456143,0.2842677163802439,0.44194296088340707,0.877730268214588,0.6434893730215822
-163.4695567341265,-131.17172186551926,1.0022333995456105,196,429,206,912,0.47039473684210525,0.2768252081789364,0.5030663772163176,0.9021808426672302,0.6397474509764939
-128.05900397734382,-131.02834976103296,1.0244003850266075,288,367,290,912,0.4024122807017544,0.26477293931870766,0.49690732929213194,0.9129675064001788,0.6255079883512081
-119.81478889157276,-131.07928914515918,1.0251199781918428,332,350,337,912,0.38377192982456143,0.27894873264398323,0.45445589392204766,0.9039642303957317,0.6441505966815061
-118.76073166160535,-130.85548949519608,1.0306336942813468,302,358,308,912,0.3925438596491228,0.2922392392784733,0.4501237650375016,0.874223809576386,0.6269084355261646
-123.55344404027895,-130.96524934706574,1.0336815764606624,311,369,325,912,0.40460526315789475,0.2834995864392928,0.4697590659517318,0.888453220723468,0.6358608683711234
-126.70071480816475,-131.1188559554122,1.0035211432012734,310,354,311,912,0.3881578947368421,0.2966697698162173,0.4671879909276848,0.9063787158033215,0.6362889380528391
-166.40757991713176,-131.36298527285973,1.0366633071836076,255,414,255,912,0.45394736842105265,0.29817247312241174,0.45506665722344425,0.8812597555810945,0.6152586109717978
-105.0226158512549,-131.23364074406174,1.0332324836105276,339,323,340,912,0.3541666666666667,0.2669888908900996,0.4738348917805372,0.9179072898083344,0.6643033658382266
-145.19046243353168,-131.3923622355428,1.0308470267283472,247,383,273,912,0.4199561403508772,0.32527898075717454,0.47054741340751693,0.8607593665109637,0.6628899657714656
-151.93087086187245,-131.3889017414963,1.0179389613257313,232,411,274,912,0.4506578947368421,0.33431839472158204,0.4698842231413699,0.8575951145561183,0.6187723768831602
-144.07543910562038,-131.89918593167812,1.0292705558477593,301,362,365,912,0.3969298245614035,0.2913797917818863,0.4744956547220775,0.9354707264299643,0.6440735007402982
-119.63645934847662,-131.61201065725825,1.0110105574821069,304,360,315,912,0.39473684210526316,0.3049489964645469,0.4768368631004395,0.8679911392630468,0.652924941741755
-163.80114212656864,-131.75792858316467,1.0094817102537548,210,411,210,912,0.4506578947368421,0.3353758635306234,0.4379079389858954,0.8907957333082015,0.6133710272227331
-152.5579315050393,-132.11677890832277,1.0212999252757289,256,404,256,912,0.44298245614035087,0.32525443081938926,0.4394210055784641,0.9200302153423792,0.5937220508736184
-136.71829029233157,-132.32460496186778,1.0259284437613467,230,393,307,912,0.4309210526315789,0.32204111545271563,0.450808468406478,0.8900390190189991,0.6601352405073996
-127.6782777581831,-132.04709095653004,1.0236134891566726,282,373,315,912,0.40899122807017546,0.3257841715427982,0.45490348978673795,0.8910750303614905,0.6579496003993109
-110.85434799949813,-131.71519642528648,1.0141185973050901,300,351,327,912,0.3848684210526316,0.3094328941628781,0.4539620913185756,0.8882604666384025,0.6580948512021182
-155.61935112020666,-132.09333225537617,1.0043276553141518,222,401,244,912,0.43969298245614036,0.3423072710715697,0.41511716038994706,0.8943440571166369,0.6435227858028999
-116.91207885394202,-132.06886348327205,1.0027278295521613,292,346,338,912,0.3793859649122807,0.34588689009843926,0.4678135749999525,0.9186323072911108,0.6322990195893309
-165.66459793595803,-132.20676857915245,1.00387829104121,227,428,264,912,0.4692982456140351,0.3046893458670888,0.46813263103994196,0.931861665069639,0.6783244758987704
-137.93631562647715,-132.31686389473603,1.0112073336259795,239,391,256,912,0.42872807017543857,0.3146626568254443,0.452937163670035,0.827187202170427,0.6397981758121191
-101.65133225486379,-131.84195874366728,1.0113780264626058,338,324,387,912,0.35526315789473684,0.31265502389370786,0.47210323010036626,0.9157965222383632,0.6333109778414199
-142.97306524276067,-132.12596541271503,1.0182902322111702,271,393,304,912,0.4309210526315789,0.3133266580965649,0.4638382865079067,0.9203263166763307,0.6635290757316348
-128.08895300906968,-131.82909551078274,0.9964586472769196,314,363,334,912,0.3980263157894737,0.28858095001163303,0.46255370337001067,0.8900683186664252,0.6495366018143508
-142.04373054420307,-132.10867417624914,0.9950193704362877,262,387,279,912,0.4243421052631579,0.2973606260047323,0.4722917482024004,0.9170827122405307,0.6023968176794812
-107.1678132293153,-132.12168433237548,0.9922342208395536,321,351,365,912,0.3848684210526316,0.2839554494373208,0.4644358466331417,0.9222505833879677,0.6636275625205366
-139.17765577371014,-132.36235867155315,0.9959229386974379,268,369,312,912,0.40460526315789475,0.31269782861248524,0.4553784628557941,0.9147741761374967,0.6613893728279123
-98.37372829083539,-131.8284389482357,1.041562190262154,304,339,367,912,0.3717105263157895,0.2966146664867116,0.47175946710279515,0.9112440509753315,0.6655987407713374
-109.02445760657858,-131.53420654437303,1.0477015716503313,322,339,345,912,0.3717105263157895,0.29425105523736256,0.5066195155204845,0.9282219222399846,0.6349445218626184
-135.0037841844553,-131.64475011882783,1.0462359770755945,287,374,301,912,0.4100877192982456,0.3184272197489748,0.47279041134012584,0.8933289068011581,0.6181352570927338
-138.2220132827965,-131.6124226517004,0.9929940970357172,265,366,305,912,0.40131578947368424,0.2863117105647323,0.5057582896422281,0.9150350239065609,0.6491093230875671
-108.44506645385619,-131.63325363952225,0.9953239670545944,339,328,360,912,0.35964912280701755,0.27055523211717764,0.43137993556946364,0.9097812105706561,0.6582983164164231
-133.93286894165837,-131.65061488094315,0.9940074552663295,303,362,303,912,0.3969298245614035,0.2742658265172423,0.4502071895504447,0.936287041555737,0.6287700226865579
-125.44401251138453,-131.55440979493525,0.9856283328299213,315,356,344,912,0.39035087719298245,0.29946850005251135,0.43070846455643336,0.9140015884052328,0.6336303247313468
-146.52762285745445,-131.43333013895008,0.9735859670881943,231,400,258,912,0.43859649122807015,0.3002480722001166,0.48420564128826993,0.9010648307277697,0.629707040660808
-167.1026076602373,-131.7429518264495,0.9692352919861321,241,411,257,912,0.4506578947368421,0.2993319083625496,0.44914081602233097,0.9001665691807035,0.6734195822854746
-113.55660971941003,-131.45522603171847,0.9845534675207063,317,334,340,912,0.36622807017543857,0.31552039064882714,0.4680895003486314,0.9133943854937127,0.6739823524309814
-132.1148640613371,-131.2646080340617,0.9897752702202296,292,351,317,912,0.3848684210526316,0.3278542287962961,0.4719044038482755,0.9125386403357446,0.6899953952922367
-152.1731174838573,-131.3911172425079,1.0029739139380203,235,405,283,912,0.4440789473684211,0.29746821594997963,0.5022960292073365,0.9158184708855899,0.63644266195787
-94.8695789861091,-131.06616356442956,1.0039390086417286,343,302,390,912,0.33114035087719296,0.34511444867296925,0.44360576519297834,0.9175820494814486,0.6498333501426931
-121.06758324299938,-131.5382771099883,1.0015135431842075,238,371,309,912,0.4067982456140351,0.3052071559244502,0.4660627664156418,0.9255235625306987,0.6154224613883219
-117.95319440531902,-131.2694268009118,1.0004285146048786,308,368,332,912,0.40350877192982454,0.3089713619383252,0.47938705898816986,0.915318764336725,0.6282166714780671
-147.60092966795455,-131.2982234292575,0.9978508680526711,258,396,279,912,0.4342105263157895,0.3061760387643199,0.4758228224570071,0.8597988969296125,0.6597106082218218
-94.3574123536066,-131.4003643746898,0.9978726999300954,353,324,398,912,0.35526315789473684,0.29544722754914937,0.4475661811757256,0.9236958070886642,0.6426479520850342
-129.1684255593179,-131.5169306414493,0.9780114012391776,286,370,289,912,0.4057017543859649,0.2810703722783163,0.46924935399660084,0.8786617487536121,0.6537741032829664
-137.32970315845796,-131.8546750894694,0.9828485156904289,278,372,284,912,0.40789473684210525,0.284905829758359,0.4423816099168228,0.9066213704625236,0.638770850143963
-104.877846122128,-131.71257829952054,0.9838652182404508,315,349,338,912,0.3826754385964912,0.2738130069386319,0.48850114434261,0.8802099626549819,0.6443318193798688
-143.44204436594197,-131.796866652906,0.9705137493136996,246,401,260,912,0.43969298245614036,0.28446423000696414,0.49328746530405854,0.8700270902586987,0.6499316758020158
-92.9853096023591,-131.09330885450495,0.9594311285349719,316,328,347,912,0.35964912280701755,0.29212779343356704,0.4722119820349493,0.9064147538230113,0.6503565554011607
-168.87282722105897,-131.3325531621797,0.9685400412508283,207,423,246,912,0.46381578947368424,0.2908736489529092,0.4466597718814367,0.899892960005977,0.6354030688393592
-143.37126380921669,-131.45955564833258,0.9776978508951112,240,393,271,912,0.4309210526315789,0.2785631546285979,0.4534736820530905,0.8835816640384974,0.6211078313871955
-141.72268295044532,-131.47612602715327,0.9731996257531815,239,390,249,912,0.4276315789473684,0.28350980445422735,0.4882307357262557,0.8744822946415299,0.6034081572136148
-117.11989272694817,-131.42598880871302,0.9640209606083303,305,359,323,912,0.39364035087719296,0.271306268719158,0.494412596030645,0.8679855902021875,0.6216059692511963
-139.135368726848,-131.3302585706372,0.9613203846714931,296,372,307,912,0.40789473684210525,0.28057896493611134,0.467285870654683,0.8913797181420664,0.6243010073151333
-110.73171133859405,-131.08255640586134,0.9662231883382717,343,323,358,912,0.3541666666666667,0.2630629346930334,0.4859986521059952,0.9153261321006299,0.6561007154016801
-92.1237761309163,-130.6431446064258,0.9616199961941312,308,318,352,912,0.34868421052631576,0.2661007970050403,0.5089967741395406,0.9184702435472366,0.6664121337693467
-147.45125352992784,-130.77584363017195,0.9826070473570059,224,403,240,912,0.4418859649122807,0.3094167126794784,0.42520134416473465,0.9029263511186176,0.6002660006070276
-182.10945528643572,-131.43698874747395,1.015969720535548,192,457,203,912,0.5010964912280702,0.3032354877680441,0.46211009872491854,0.8558490972609799,0.684433279725142
-104.8754871843324,-131.08796930069525,1.015716410936169,351,320,382,912,0.3508771929824561,0.2471857467873833,0.4857148284153958,0.9115009004380933,0.6537789099545567
-121.06798165161567,-130.94166190316312,1.015912677248344,304,355,309,912,0.3892543859649123,0.255083306976782,0.4583921487245764,0.938397512891262,0.6372087116103088
-137.32670253453284,-131.21466289761443,1.0100806338563664,260,376,278,912,0.41228070175438597,0.29077469303225995,0.44593331541993503,0.8675698857672929,0.6508922447774071
-146.67667687451802,-131.50627628483818,1.0182306869893865,251,392,252,912,0.4298245614035088,0.30838293504360453,0.4989565876529238,0.8984325276337247,0.6460451817819917
-136.22653943317607,-131.7144437935802,1.0135601889247128,308,374,323,912,0.4100877192982456,0.29452231689384833,0.4702081104036183,0.9157673555306433,0.6588042400833182
-122.93688296772415,-131.66409491453703,1.0250182152093434,279,352,322,912,0.38596491228070173,0.2803607355834773,0.46496024754724236,0.9129622475797113,0.6712426333848868
-114.43941019496587,-131.0872360975071,1.0291285951069546,320,340,378,912,0.37280701754385964,0.27293186643483547,0.45932989366748384,0.9083197667131464,0.6562926364693686
-153.38468334640498,-130.994901873353,1.0337604213754452,269,381,278,912,0.41776315789473684,0.2978749322543724,0.46536555756262066,0.900743037177643,0.6135838954909906
-141.95797097655944,-130.88473541906836,1.0301712148640627,264,387,272,912,0.4243421052631579,0.31153456366028065,0.4843064886349189,0.8657920709205369,0.6758540580170466
-128.58620083349547,-130.5122756548896,1.0224123627971233,299,356,304,912,0.39035087719298245,0.3110497959764172,0.4582887384832873,0.8985722566214781,0.6556555697499814
-122.57996266669423,-130.3945297162178,1.0323110893300234,269,368,333,912,0.40350877192982454,0.2744727972722749,0.47128725775691127,0.9182491631325412,0.6255698455551607
-140.8315805382912,-130.35151292643576,1.0386616981209362,272,381,272,912,0.41776315789473684,0.2782238681969319,0.5098209544350417,0.8610083562551468,0.6417544225974674
-127.86331654730361,-130.08768718604622,1.0160185589084911,299,372,307,912,0.40789473684210525,0.2990157569361784,0.4867100784516697,0.8976037486496374,0.6563735565007723
-105.55505876304618,-129.99097869751705,1.0204582048760271,322,343,347,912,0.37609649122807015,0.23376487671707585,0.505639033727068,0.8982253134757044,0.6192354618624755
-154.07509727194724,-130.39146412995962,1.0222237323825318,256,413,285,912,0.45285087719298245,0.2500757721141432,0.4792784673752997,0.8967384501359238,0.6537829280359285
-112.81846094926435,-130.62254979733265,1.0181676592553939,305,365,330,912,0.40021929824561403,0.24793956335239317,0.4901432857655434,0.8800674551159249,0.6143073558954196
-131.40235761020548,-130.67262639229864,1.0142044251884683,293,364,340,912,0.3991228070175439,0.24067562827012465,0.4703209093714346,0.9324323440192432,0.61551481943109
-99.80280692004659,-130.29597849568256,1.0142298098943499,302,338,336,912,0.3706140350877193,0.2447590774574283,0.5063350981016034,0.9104604573081266,0.6497049594297704
-121.26286352039095,-130.54084836831888,1.0110107010908644,280,355,305,912,0.3892543859649123,0.24282936956322604,0.4747288726201375,0.9241488160384382,0.6145930196448569
-129.02111385969044,-130.60588847472553,1.0098936802559928,284,380,288,912,0.4166666666666667,0.2555603839232166,0.4826564513973801,0.882559415926607,0.6660983842741769
-141.84827327052733,-130.62979577875868,1.0249056186904408,275,395,298,912,0.4331140350877193,0.2630562918730404,0.46532720559490726,0.872653919272679,0.661654533795302
-99.35150764500003,-130.1671192299749,1.025540309882331,343,337,359,912,0.36951754385964913,0.2640628638602455,0.46518323165326503,0.9208827498708115,0.6319401165233054
-160.2235224735635,-130.26871903208269,1.0543991506409656,211,409,236,912,0.44846491228070173,0.28593522143303,0.4449309415742255,0.8898373922895783,0.6290096859469504
-144.01676481117428,-130.25353275796687,1.0534710911271272,239,388,272,912,0.42543859649122806,0.2741148335815281,0.46378103698558926,0.8877485161909235,0.6581920365299068
-145.22400224528607,-130.39111260182926,1.0233815274464566,258,398,281,912,0.43640350877192985,0.2913895753352513,0.4862774701391176,0.9004402589039134,0.6400307909711854
-110.21693247210202,-129.88514961352266,0.9987610035556087,319,333,348,912,0.3651315789473684,0.269785030931953,0.4786426027722597,0.9046084114280187,0.6366906458837337
-103.18960656551636,-129.756238004364,0.9969720563329755,314,351,331,912,0.3848684210526316,0.2853471451417396,0.4632967400924273,0.8907889230901455,0.653167307312699
-116.71109024997088,-129.4143103203805,1.0007394861050054,275,369,312,912,0.40460526315789475,0.2733715452242433,0.4728261918207065,0.896401040121977,0.5990802521043004
-112.48177679978454,-128.9987214718671,1.0029358455510862,318,371,331,912,0.4067982456140351,0.2705380063189976,0.4868075526886341,0.8839619532835417,0.6535887633870355
-152.61866575513633,-129.15449886328997,1.0011798873635147,240,402,256,912,0.4407894736842105,0.2724494551444759,0.4757147233276108,0.8733859962387863,0.6147734287705363
-139.17464524539727,-129.2050572341283,1.0016246325757578,287,378,311,912,0.4144736842105263,0.3147219842317881,0.4163280792267725,0.9141511701455979,0.6482366535293531
-162.01299685432664,-129.34332491660706,0.9867819720059262,198,417,201,912,0.45723684210526316,0.29659130223922675,0.46043547712082755,0.9036157771879836,0.6388073915109982
-109.52294930298888,-129.414054974106,0.9854426589306646,301,349,341,912,0.3826754385964912,0.2924002071271443,0.4636592341906746,0.9184112598086763,0.6334283740723149
-126.2550250165218,-129.44140733009095,0.99705865686715,283,377,346,912,0.4133771929824561,0.29769316970542903,0.4499476489815984,0.9197686407151157,0.6555022283149392
-97.07931446337304,-129.12467268869432,1.0004492022015459,354,327,382,912,0.35855263157894735,0.320859322607957,0.45844912288080275,0.9108333219353885,0.6476956805151054
-120.52116684067241,-129.24271555222376,0.9960914538847916,321,340,339,912,0.37280701754385964,0.3144547510683044,0.4784759193736509,0.915969149987776,0.6129481259956215
-101.85930581383322,-129.26900855928824,0.994409203719665,377,315,413,912,0.34539473684210525,0.3309794243431,0.4900158828616715,0.9326679869915805,0.6624044974709312
-127.80141562410596,-129.53253562511128,0.9831266971132177,272,360,338,912,0.39473684210526316,0.31013884693096055,0.459081193963962,0.8985630424223636,0.6483850644259412
-104.3700864694359,-129.3431825413098,0.9817992207218498,323,329,378,912,0.3607456140350877,0.3214357564273805,0.4634377659942525,0.9128406043902709,0.6438618372699424
-106.95470288299761,-128.95648105021644,0.9555191759374346,322,357,365,912,0.39144736842105265,0.3002144015975764,0.4852608302406595,0.9056230159730475,0.645435983337931
-121.2453965043473,-129.34305025662283,0.9576877467579692,278,369,303,912,0.40460526315789475,0.31565758066316335,0.45234958573943507,0.8829513851154137,0.6613231092790613
-126.94378721619839,-129.0999165230802,0.9847079401111474,279,355,375,912,0.3892543859649123,0.28811279328621586,0.4776368669553117,0.9169495082192326,0.6550780209356574
-130.7432713091335,-128.77265366883023,0.9584065359021859,290,373,339,912,0.40899122807017546,0.2951345585875276,0.4601850093038654,0.9142134835920439,0.6738299083930105
-108.29960170076671,-128.57505964606446,0.9332834364600245,314,351,323,912,0.3848684210526316,0.2859370121754676,0.461172009610253,0.8868941285802413,0.6441276195195452
-134.2704063980215,-128.71961582112897,0.947265546924978,274,386,317,912,0.4232456140350877,0.26480119463198765,0.5011879947200104,0.9104786754628601,0.6429304130184214
-108.54835594365309,-128.61749206394944,0.9517093675682932,304,336,324,912,0.3684210526315789,0.26487989044299853,0.4527654930616887,0.9097069919367811,0.6372739724585238
-166.99529662123885,-129.05191058975902,0.9512707948484307,214,417,222,912,0.45723684210526316,0.2834415707518505,0.5013393719277698,0.909597137120241,0.634776542327172
-154.76765750289843,-129.33258001670637,0.9628426071166954,226,419,239,912,0.4594298245614035,0.2787604728381004,0.48169992383385196,0.8868177696009822,0.6519987800413652
-147.52762096028863,-129.14378042713795,0.9323286636674989,260,409,283,912,0.44846491228070173,0.27949772305460313,0.4542243556408771,0.8896714819636699,0.6342254173996794
-139.84636594047544,-129.49201792803015,0.9348215737564501,313,380,323,912,0.4166666666666667,0.26139525433276856,0.47652424800733306,0.9067575914067768,0.6339332402439805
-133.00900098018266,-129.37020331349666,0.9335785884083465,253,392,280,912,0.4298245614035088,0.2691490594711764,0.5108708601081156,0.9040879383483125,0.6401176441076525
-134.31980065874873,-129.1940926114654,0.932445421355044,272,377,310,912,0.4133771929824561,0.26381879133480035,0.4929107768086666,0.9296698320869295,0.6155733948617605
-145.74585992878946,-129.21079681969712,0.9426914688938374,258,394,289,912,0.43201754385964913,0.2692083737867092,0.5012731573328745,0.9171596994373977,0.6328110084290972
-139.2323304975945,-129.40675553118828,0.9376811432812593,268,386,302,912,0.4232456140350877,0.2758460823163034,0.47381093360440857,0.9106551346194754,0.6405572988198793
-141.23538971954116,-129.181098007118,0.9762563602101914,265,384,283,912,0.42105263157894735,0.2873602162166562,0.4977086220880896,0.9269125666531295,0.638969323953534
-117.42517124215438,-128.82977040448915,0.9698666331004385,307,360,331,912,0.39473684210526316,0.2871766169029685,0.49882142621569353,0.9242624442234066,0.6300313180227045
-151.76787543939489,-128.9802662559598,0.9608681074466073,245,406,260,912,0.4451754385964912,0.29031286524627103,0.5085863781198479,0.9033171025471406,0.613772914307647
-135.9505470208598,-129.06298894858656,0.9633797316882908,258,372,297,912,0.40789473684210525,0.2971354870180345,0.45139001366050285,0.9082817046877034,0.6549856625506881
-134.9637662700463,-129.30408313129203,0.9749616931554201,271,375,314,912,0.41118421052631576,0.28730351875838106,0.48725804507637116,0.869676187416629,0.6505887545704353
-96.76744759505613,-128.71556409604054,0.972678708325313,350,320,387,912,0.3508771929824561,0.2908033605979114,0.5068147482931254,0.921613701997598,0.6455743372113129
-90.05100798514663,-128.44695338735258,0.9677605426000624,356,306,365,912,0.3355263157894737,0.3050706904481989,0.49225065842633636,0.9320124180669245,0.6323315055590799
-142.88067570941894,-128.21911416508718,0.977739647278351,238,399,260,912,0.4375,0.30968656932459854,0.4711502411553554,0.897189996032936,0.642156753421129
-139.3117013947389,-128.23286802276982,0.9743485147336624,268,382,271,912,0.41885964912280704,0.2808577766355366,0.4799716712458432,0.9036200104776225,0.6466844921387712
-140.86695009242732,-128.62502420114546,0.9735303623207443,266,386,280,912,0.4232456140350877,0.2829899221620845,0.47993133530411813,0.8999423619002518,0.6526803304310399
-137.13406348311625,-128.56663418354904,0.9802433644377535,280,360,298,912,0.39473684210526316,0.27664107742863736,0.4857549082266121,0.9044086030588426,0.6320322210668806
-168.10581956495093,-128.96680284910784,0.963884885218232,210,416,238,912,0.45614035087719296,0.29609391376037264,0.48508978142366194,0.9054124000780308,0.6393917711168
-142.4202387244864,-128.97056793091065,0.9738523248639056,269,392,288,912,0.4298245614035088,0.27597492329121026,0.4584345855918895,0.8609240296079695,0.6741214767682137
-148.0809253346343,-129.37969905196385,0.984880619312984,226,406,260,912,0.4451754385964912,0.28427076071058277,0.47077374116106263,0.8764336313820095,0.6472515463061008
-118.85628320924476,-129.17648532631918,1.0036745247434495,317,336,318,912,0.3684210526315789,0.2621813905551832,0.4828731542678377,0.9279000535074586,0.6657433773234173
-116.07764072781828,-129.35352445068904,0.9587375307769354,297,356,308,912,0.39035087719298245,0.25802069960586965,0.43814281372656927,0.9062894263109427,0.6550419507215411
-133.8661632439085,-129.60194150706232,0.9646551755286095,270,384,275,912,0.42105263157894735,0.2723813850231126,0.4646115667658863,0.8877167306997058,0.656237084479285
-113.77187128181373,-129.38962237803594,0.9668009538139664,305,349,316,912,0.3826754385964912,0.26533130954900497,0.480142280906224,0.9316325826626449,0.6306760470669636
-132.28085273035842,-129.33021077251155,0.9665468315408106,283,359,301,912,0.39364035087719296,0.2647820331699105,0.5116899331883555,0.8933328539604095,0.6892457855782825
-127.09086719598153,-129.5166687799328,0.9636582989406614,302,375,305,912,0.41118421052631576,0.2722027687569593,0.4837396138022854,0.9040335770755643,0.6549785646091698
-144.09996869671414,-129.61833977748333,0.9605365675427503,261,387,287,912,0.4243421052631579,0.31988312735240276,0.46456385862280714,0.8963060548198923,0.6018729384976841
-106.66287408339086,-129.43052839320342,0.9551727063784701,333,327,385,912,0.35855263157894735,0.2763011581405718,0.502225493314098,0.9278668037368835,0.648041846287795
-142.64080493102142,-129.39166021393908,0.9556336300004308,275,367,314,912,0.4024122807017544,0.29052726076356417,0.4611858791456951,0.9109640027998377,0.6543248757922042
-143.7894622856458,-129.15852876019315,0.965035668196323,242,380,277,912,0.4166666666666667,0.2894141877123246,0.48975863673131265,0.9146449907612588,0.6001110074831922
-117.00528130828917,-129.19301547608194,0.9526219555949507,302,363,308,912,0.3980263157894737,0.28430042293386165,0.427483527523409,0.8676397417964655,0.6757541624521989
-126.89582960402932,-129.14082513150888,0.9412075989484887,260,376,266,912,0.41228070175438597,0.2981970832130312,0.46777071479016924,0.8910034563626424,0.6041811825877491
-161.9269437674904,-129.23836339434519,0.9515285570137713,190,424,193,912,0.4649122807017544,0.2943740538976785,0.4838996789260917,0.8820886155564924,0.5990419780373237
-189.11046583066195,-130.18077226279073,0.9557471282077175,156,455,162,912,0.49890350877192985,0.30917050578858085,0.5128239084186719,0.9189696185750091,0.6330729101488396
-125.71792862093332,-130.22727571657006,0.957154395301059,286,363,320,912,0.3980263157894737,0.2839686024835101,0.4812795818204146,0.9154855811381242,0.6511160930736543
-143.85705147751426,-130.48631428729203,0.9577562128832007,236,384,283,912,0.42105263157894735,0.2746463437287659,0.4295841014450254,0.9048877164284117,0.6076853822624835
-145.2169442819263,-130.46247443343177,0.9604108600424744,256,376,295,912,0.41228070175438597,0.28023507388260643,0.47763066709847674,0.9075621760815138,0.6195672406267677
-149.9618777674339,-131.01851908757,0.9617393909314358,237,410,256,912,0.44956140350877194,0.3065112566635227,0.44668753260048105,0.8964351046142583,0.6080760537812276
-144.14978275559437,-131.16833265953278,0.9622709683148872,268,391,284,912,0.42872807017543857,0.2835227850286441,0.45539266266484063,0.8803783943317596,0.6384681081259019
-120.3084024117471,-130.99811965206564,0.9835583613201158,271,371,326,912,0.4067982456140351,0.30083094701123886,0.45019583196003177,0.9046757509340821,0.6493225715696763
-105.10395772027445,-131.0003807680471,0.9848136415286488,354,334,384,912,0.36622807017543857,0.2760485446898866,0.4939672799515345,0.9061074527473642,0.6164925224566232
-135.70467034719672,-130.92300702785968,0.9869442830129321,268,377,288,912,0.4133771929824561,0.2866254625921817,0.45928869828996155,0.9056332590603565,0.6114757795896711
-141.99590449793524,-131.41311297681546,0.9754831605864303,260,384,285,912,0.42105263157894735,0.3010094553888734,0.4732775092230281,0.9026873514398736,0.6250480455606241
-167.6288241347033,-131.40067294595187,0.9591025571963029,246,420,272,912,0.4605263157894737,0.27301365806803946,0.4536874849747749,0.9036161810392659,0.6400772005765298
-152.16305494541294,-131.48859085731385,0.9488727269090595,248,399,254,912,0.4375,0.2535808501990312,0.5072434840097895,0.9166482122920351,0.625171218555538
-94.98703076181647,-131.02123433542755,0.9373017416912788,344,324,373,912,0.35526315789473684,0.2543477968103336,0.49141624086083474,0.8934044737081765,0.6448183629588436
-130.07068935080287,-131.1507423016661,0.9389103677143019,285,380,297,912,0.4166666666666667,0.25046414861591265,0.4860121014625222,0.9177008003348578,0.6524077730816452
-111.72645585708212,-130.87665317296845,0.9408592222497104,320,342,321,912,0.375,0.2570442243622747,0.48414203540714273,0.922462537060574,0.654082338982802
-118.9917952334933,-130.95925401191744,0.9418285610540635,301,367,303,912,0.4024122807017544,0.27799352694843876,0.4721308321506231,0.8957237366967244,0.6500992131189989
-108.74438138871503,-131.1254600644954,0.9377809463261219,296,346,311,912,0.3793859649122807,0.2598451078271416,0.49413255328123606,0.9064571396803367,0.6497192239639958
-197.3091698958043,-131.62403922815417,0.8957742128805254,159,459,161,912,0.5032894736842105,0.3076776594347167,0.4596343990234912,0.8828072239003384,0.6063115117489754
-125.80776674708109,-131.06102234276062,0.8629914885088619,309,366,322,912,0.40131578947368424,0.2760587236868079,0.46013965123757994,0.8898820928244829,0.6157259176912899
-113.17809481940884,-131.1440484191114,0.8647030155020397,275,371,304,912,0.4067982456140351,0.2691623178705016,0.4431565694192988,0.9020113169188164,0.6165514812732816
-140.0623419897422,-131.33399202249265,0.8717616723406971,226,410,271,912,0.44956140350877194,0.2752584639436205,0.4578284646206793,0.8579126664073016,0.6271385268057053
-158.74345125241456,-131.54815950967148,0.8733485324707186,215,408,228,912,0.4473684210526316,0.27066433653969924,0.44297731901284065,0.9044425333076758,0.6015427219480222
-106.10309212312967,-131.1424236621576,0.8753319165514513,325,322,343,912,0.3530701754385965,0.2612841619439341,0.4823439391024005,0.9067608256668728,0.6129155086678609
-117.81502834505538,-130.95830855127642,0.8979410372358023,300,369,334,912,0.40460526315789475,0.26538459881861826,0.4635670380557112,0.9032854325966934,0.6303425080549571
-100.63570370913426,-130.7352967586905,0.8991796094193173,325,352,340,912,0.38596491228070173,0.27725162544088644,0.5072062162360237,0.8841312791342716,0.6357731345001018
-127.28140348822035,-130.8637166916231,0.9082385088328395,309,367,330,912,0.4024122807017544,0.2832974803436774,0.4449220350918268,0.9121585922814502,0.6428601090354081
-168.60430314129914,-131.01591288957198,0.9502405147914936,227,409,242,912,0.44846491228070173,0.2821973909555908,0.47268376206362506,0.9219743386302409,0.6255930057160283
-121.31390756964714,-130.80947225550287,0.9482633450604975,263,372,318,912,0.40789473684210525,0.3046627588836512,0.47257842734380545,0.91294169728832,0.643812995745547
-110.4928753539082,-130.62853900070698,0.9508876243498183,329,328,335,912,0.35964912280701755,0.2779468681605065,0.44512501476893657,0.8699012427521723,0.6521556669554808
-137.51701669701117,-130.7779095410102,0.9388321948843913,283,371,293,912,0.4067982456140351,0.2815830418163066,0.4942995340638075,0.914046113101033,0.6410898441064082
-98.45054431116388,-130.35409917873892,0.9373002527754504,336,317,364,912,0.3475877192982456,0.2899236055408522,0.4438138484063091,0.951867386859406,0.6428001040388299
-131.94182126466987,-130.39488422591256,0.9272155181942761,278,380,332,912,0.4166666666666667,0.2920614184226751,0.457742892093254,0.8731249310910728,0.6402468028545174
-92.57180886848609,-130.265051726967,0.9240547572574261,378,297,378,912,0.3256578947368421,0.26864455586122776,0.47038568376213247,0.9275397173437242,0.6600148179585942
-125.7460399680223,-129.98176115392772,0.8927578322297832,306,370,354,912,0.4057017543859649,0.2698115181006566,0.4718936695379091,0.9206257850709424,0.6165736255277244
-155.77394180177663,-130.41131596245285,0.9030870550914055,207,404,207,912,0.44298245614035087,0.26720004379698087,0.5111009774235116,0.9084849012502162,0.6317628156510291
-126.54273284062972,-130.36271971475708,0.9083765364315992,245,361,307,912,0.3958333333333333,0.2645786670192224,0.49130852982259304,0.9105664835283914,0.646911876768954
-137.4366732107765,-130.73905837766438,0.918394613523545,234,399,243,912,0.4375,0.28013710111891504,0.45245950916682,0.8782517056460044,0.6170062222279796
-152.16929242981288,-131.04812266675862,0.9218032528291199,247,408,273,912,0.4473684210526316,0.2820714449289081,0.4951803735439317,0.929222866790985,0.6464110674172862
-148.66195571969956,-131.2445310853587,0.9165476112996379,281,393,291,912,0.4309210526315789,0.2696381262119019,0.4763334051818534,0.9203013454926575,0.6239528891623146
-155.21996805681292,-131.37824803322155,0.9204718269533262,201,413,250,912,0.45285087719298245,0.27792903459542645,0.49095467830608086,0.9260287775973063,0.616847059921632
-153.99242552140956,-131.92465721198565,0.9201732259610129,245,395,282,912,0.4331140350877193,0.28305984414633417,0.4839096498256225,0.9305166792713325,0.6734523289605403
-123.44046799342581,-131.55682666718428,0.8862777372122059,322,353,342,912,0.38706140350877194,0.26190170359022014,0.47218936846417503,0.9281514578753205,0.6277132443322685
-121.91307753438636,-131.33578979441637,0.8890123052247894,304,382,338,912,0.41885964912280704,0.2732893634800669,0.48549364460378774,0.9008631971694573,0.6371921900634759
-95.66910235146683,-130.84024079547817,0.9014735886897013,358,307,397,912,0.3366228070175439,0.27295909893978465,0.4628670493846313,0.9182617642585593,0.6165242086575649
-113.36587139443873,-130.87173018470153,0.9020496298859936,269,352,301,912,0.38596491228070173,0.2554256316059203,0.4800991430789468,0.8993277862387771,0.6508568472865731
-105.94633048411518,-130.89929742388756,0.8965572984478182,313,334,323,912,0.36622807017543857,0.25868669414934553,0.5097286546431216,0.8998082170847511,0.6356387823047348
-119.2800952595266,-130.9249874739831,0.9023647853159865,293,350,340,912,0.38377192982456143,0.23750434268923187,0.4965270999459926,0.8838827166595941,0.6746923308496126
-153.29027466159872,-131.33307245260121,0.9236176880419826,203,409,204,912,0.44846491228070173,0.27011509015765117,0.47612533945671703,0.9216139599375642,0.59096661997549
-123.06990837219236,-131.03758487877178,0.9227603465689543,290,365,293,912,0.40021929824561403,0.2600937409785923,0.45697479687637454,0.8996466735173065,0.6434226923239518
-131.12948033726627,-130.95713322969047,0.9234927678217391,281,380,308,912,0.4166666666666667,0.2556979553247552,0.4849387110890238,0.9162377746327174,0.6029665524961171
-133.51581324792434,-130.67216139362645,0.918860620556407,288,361,342,912,0.3958333333333333,0.25189674994224137,0.48635639823605287,0.9150469900333426,0.6380190853372308
-145.42048620970047,-131.0311367626936,0.9212684954947996,246,395,259,912,0.4331140350877193,0.27337820090313925,0.4666919827291648,0.8699273635859974,0.6434978337713645
-114.02288496526955,-130.90881536218106,0.9072768770090676,340,345,357,912,0.3782894736842105,0.2763855292111674,0.48182021740497777,0.9038868153841265,0.636357885358843
-125.25448718355283,-131.19056708938288,0.9060637675947818,319,370,347,912,0.4057017543859649,0.2804377939103973,0.44796224050407557,0.908742582870521,0.655611946933473
-142.4225086557989,-131.40958050753412,0.9049791965572436,262,387,294,912,0.4243421052631579,0.2716568927416747,0.4949269304435747,0.9012760774772413,0.6694289525890261
-171.37281911696547,-132.10471564056542,0.9034643080994869,212,418,228,912,0.4583333333333333,0.2825888380382999,0.48598552028234426,0.926387412674277,0.6017803490114436
-116.02355396601098,-131.98693702398447,0.908730142678974,303,355,339,912,0.3892543859649123,0.278236959414473,0.4600539126569506,0.915296415219701,0.6318786465127252
-126.97364547874093,-132.21297261407753,0.9057380530254381,277,367,283,912,0.4024122807017544,0.30054343746470946,0.5102770898523651,0.8921145661055313,0.6520295148940904
-124.44321034701565,-132.38785768871773,0.8973716477469386,305,362,321,912,0.3969298245614035,0.29204233399597695,0.47063842092673186,0.899240980893,0.6509600879014026
-160.80783494949978,-132.78348207316924,0.9238219757748738,217,420,222,912,0.4605263157894737,0.26385536998556214,0.4873915188185905,0.8909426904089052,0.6400226286837273
-147.9003326781452,-132.99304752778872,0.8941445247569898,207,410,230,912,0.44956140350877194,0.2767135248019174,0.4863388512904113,0.8622500963194303,0.6184174743871815
-141.10045778809493,-133.09661939257833,0.8847192975800827,269,376,287,912,0.41228070175438597,0.2929426990003777,0.4913835702334394,0.8941560745117533,0.6284507271031501
-127.48181626258481,-133.2884415381965,0.8833456475091572,309,361,335,912,0.3958333333333333,0.2788471340010352,0.4904090737569,0.8647099934741034,0.6729647835615792
-163.853935672198,-133.58427683093828,0.8709912007530288,208,411,239,912,0.4506578947368421,0.27216804794919197,0.46215785499060397,0.9059482719756203,0.622380353332895
-97.02068463206912,-133.46900011782245,0.8583403550035077,327,331,383,912,0.36293859649122806,0.2815177000687776,0.481841641287009,0.9254409469935374,0.6388485792459897
-122.35078930596063,-133.02255504466964,0.856894299615922,315,362,343,912,0.3969298245614035,0.2694504393152605,0.43433936162225656,0.8962147562781935,0.6608401387414415
-137.9998408030886,-132.85487687767153,0.8467588467699882,278,372,312,912,0.40789473684210525,0.3051125738917912,0.469467815213435,0.9282862539433849,0.6477815808568824
-117.4972695607852,-132.5545733636765,0.8603393796982055,279,365,334,912,0.40021929824561403,0.27402508507365275,0.47652232411661827,0.9172784892398723,0.6494163884778529
-187.2401064059801,-133.02851076833156,0.8865790070692757,178,451,189,912,0.49451754385964913,0.29215813356382936,0.4562729452235748,0.8774652172430075,0.6378302890887385
-142.59848788191957,-133.12440563734893,0.9102056745681043,279,369,306,912,0.40460526315789475,0.2826333486651972,0.46626729117022947,0.9162841282687285,0.6506178580368328
-108.14354427729518,-132.86264307353437,0.9157277892004582,360,327,374,912,0.35855263157894735,0.2934039510319545,0.4757106913752024,0.929069607555102,0.6456065373930414
-152.48185488620788,-132.93000302310855,0.8911634958628608,237,407,283,912,0.44627192982456143,0.30102460996527647,0.4624131884745247,0.9313339015690749,0.6149645807573144
-122.41901090290843,-132.76186982716172,0.8928265107353662,293,350,329,912,0.38377192982456143,0.27840595383317074,0.4591601765730379,0.9100108081381445,0.6042995034733923
-134.88805077638057,-132.6983964377301,0.8593266589822331,252,392,256,912,0.4298245614035088,0.2682029829516914,0.455820139712921,0.8770570800887199,0.6385696478503005
-147.38025249047635,-132.99794725021334,0.8590542389588905,290,386,308,912,0.4232456140350877,0.2725213434213747,0.4735198695162539,0.8996630839584903,0.6291030942180392
-104.06381246885826,-132.52090662050796,0.8523253196277524,346,324,349,912,0.35526315789473684,0.2791199781585484,0.49194798990899535,0.9180115053585318,0.6304178844948983
-146.4362244088742,-132.62576339438812,0.8503625199320056,262,390,271,912,0.4276315789473684,0.2977136600453037,0.4534116556753471,0.8911278460729072,0.647035574028881
