-242.6441492733572,-242.6441492733572,0.09135683499931602,335,996,335,1594,0.6248431618569636,0.9046604629272511,0.4331244890302623,0.7233226471226194,0.2820058330486275
-132.20052106559757,-187.42233516947738,0.8022630307452703,594,784,594,1594,0.4918444165621079,0.6911129808337164,0.40862551062011065,0.7742911002439442,0.28168696682260314
-201.98198889258765,-192.2755530771808,0.8677210290984726,425,922,438,1594,0.5784190715181933,0.8043182842783874,0.4579742069031602,0.7501897010398312,0.3225677737926399
-162.16567212629354,-184.748082839459,0.800752081907135,437,917,437,1594,0.5752823086574655,0.5840626360886715,0.4212817182176101,0.7854421604223356,0.31131586206469475
-115.19865748080944,-170.83819776772907,0.7110428508744518,436,907,436,1594,0.56900878293601,0.34282447301862506,0.4446672368510247,0.8066201571740028,0.2916256727816176
-132.48466252080203,-164.4459418932412,0.6485664445954679,446,888,466,1594,0.5570890840652447,0.4328637122806434,0.4607405410733418,0.8093477322729093,0.3035339215157391
-108.2940666740041,-156.42424543335022,0.6157152461793887,427,907,432,1594,0.56900878293601,0.3474896857734381,0.43448849669914186,0.8049565828459461,0.2923417514590704
-137.62942476623596,-154.07489284996095,0.6783004043333665,367,945,367,1594,0.5928481806775407,0.4106944057586615,0.42516259107748444,0.7870506087118941,0.2750893133903957
-103.8493565086781,-148.4942777009295,0.6597592281629636,515,843,531,1594,0.5288582183186951,0.36840108806155175,0.4396387460266388,0.8161000215052164,0.31340470322718517
-110.45830047645748,-144.6906799784823,0.6150624969873655,504,863,505,1594,0.541405269761606,0.39695911974398407,0.4282120511787486,0.8160923103015111,0.306884388742604
-109.35100614618497,-141.47798235736437,0.6372941050559512,509,856,515,1594,0.5370138017565872,0.4250610819771406,0.42636144695427686,0.7858007095614709,0.28064711257593733
-112.06149205539712,-139.02660816553376,0.6147743558716466,499,831,501,1594,0.5213299874529486,0.4144581774194546,0.40598715247096995,0.807577311590673,0.29674996043021834
-114.8963818407326,-137.17043690977982,0.6476391017569033,487,843,509,1594,0.5288582183186951,0.38800447485298856,0.4394807428061315,0.8352480049069944,0.30604136265606
-115.34172452578703,-135.61124316806607,0.6530139415615329,527,856,532,1594,0.5370138017565872,0.38311246369631535,0.4326379408865201,0.8326406029905892,0.31260804365082945
-138.90812744006362,-135.8310354528659,0.6306939193544103,456,881,494,1594,0.5526976160602258,0.4537027963817251,0.4046068327029058,0.8033922312245237,0.30089372547402743
-147.14534506867616,-136.53817980385404,0.6337624390270274,385,938,391,1594,0.588456712672522,0.41839467592335444,0.4319905599255527,0.8010267156426493,0.28847657848735714
-148.59797684176988,-137.24757962961377,0.6298307282980532,414,943,435,1594,0.5915934755332497,0.424764056245651,0.42471213650265127,0.8160303531370959,0.3165879454339296
-125.16103872756418,-136.57610513505546,0.6341677647581273,451,882,465,1594,0.5533249686323714,0.4233987851023267,0.4201063492229115,0.7977163105371238,0.3112498281693259
-106.398591416865,-134.98781493936124,0.6720114819064956,567,807,567,1594,0.5062735257214555,0.40154579019231296,0.42237054115552647,0.8206981559129383,0.2997728894311069
-156.94554107537195,-136.0857012461618,0.6454217353218289,404,920,404,1594,0.5771643663739021,0.44264471697698354,0.4064876924649273,0.8198235008654818,0.29922109023139665
-144.8890687092199,-136.5049092205931,0.6526592106473021,430,893,440,1594,0.5602258469259724,0.43943251706811687,0.41874644532937383,0.855269242239315,0.32800053405213114
-167.2384170845528,-137.9018868507731,0.7905276764264848,327,980,327,1594,0.6148055207026348,0.45000751982271137,0.45874619138498773,0.8302699911695536,0.31255519147287775
-136.75474984228114,-137.85201132866476,0.7714020584155522,408,914,410,1594,0.5734002509410289,0.423719664886228,0.42694290182064015,0.7615343354933377,0.28259576476837595
-117.37813285542288,-136.99893305894633,0.7619773240012097,535,803,545,1594,0.5037641154328732,0.43908025335188355,0.43102437383230274,0.8635584034476634,0.33294013604454903
-160.59186774271043,-137.9426504462969,0.7587700900566026,379,930,383,1594,0.5834378920953576,0.4803829108655343,0.4203736840309994,0.8053448027891944,0.2916289053547745
-140.2068826324481,-138.02973629961042,0.7797053671933658,475,866,476,1594,0.5432873274780426,0.44584638984068753,0.39048098821966043,0.8444822815091722,0.2974989560678161
-146.82316193703778,-138.35541873062624,0.767608077369085,460,874,471,1594,0.548306148055207,0.46772037425494223,0.45706741835149556,0.8472889972893962,0.32627016630061256
-130.65475552225996,-138.08039504461314,0.7945816718216505,523,814,523,1594,0.5106649937264742,0.4502140903007962,0.4087459097823959,0.8622791254792969,0.3283740212192598
-130.4507567686354,-137.81730406957945,0.7816195267019157,488,869,490,1594,0.5451693851944793,0.43497759975712874,0.4342580252895922,0.83259667285885,0.31871522822229525
-128.65667020783044,-137.51194960752116,0.7674648936673314,532,822,561,1594,0.5156838143036386,0.46711027953401757,0.4462521234682354,0.8685733164710716,0.31992900761861026
-143.42652251812655,-137.7027422820568,0.7611729151752106,491,870,527,1594,0.5457967377666249,0.4542010973064298,0.40220071426736953,0.856904460276111,0.3226126622316436
-139.8562035211749,-137.77003794577925,0.755843435123133,458,877,469,1594,0.5501882057716436,0.444732147230091,0.45810621355271036,0.8304167468085453,0.32396800024656697
-118.36961710057028,-137.18214640501535,0.7368780212028803,537,821,545,1594,0.5150564617314931,0.41336525049657913,0.43282627445744803,0.8452438077243097,0.32210964891082994
-98.28244177343204,-136.0380374452629,0.7295220111869534,567,780,567,1594,0.4893350062735257,0.3942144549009551,0.4179357060515887,0.8153269325311595,0.3062861524004107
-103.83761335078458,-135.11802532827778,0.7273485417661579,580,790,590,1594,0.49560853199498117,0.39130720519105183,0.45194809076966574,0.8301100753833571,0.2993884050207983
-147.8940438841043,-135.4729147326063,0.7695286673056386,444,932,456,1594,0.5846925972396487,0.41155279972368175,0.4031578917408395,0.8514456709282595,0.3207979276538951
-82.05540149137737,-134.02919815851905,0.7580463228811152,629,728,638,1594,0.45671267252195735,0.3692835448068524,0.41656693071164075,0.8179412863889346,0.29320122579316227
-87.742054777056,-132.81111543795424,0.760454624812947,581,791,609,1594,0.49623588456712675,0.35608399803638185,0.4251535281935304,0.8587432840321078,0.32239338459450423
-122.24847332519299,-132.54027846070397,0.7510190833074303,482,864,493,1594,0.5420326223337516,0.40679739123522896,0.42664203642081844,0.8347139879858361,0.3233247412779385
-80.70492313087914,-131.2443945774583,0.7501119533931473,646,740,649,1594,0.4642409033877039,0.41150721391419953,0.4334415190911554,0.8203244372290546,0.31728845856039856
-92.16781427536873,-130.29130725301712,0.7522685853797336,627,734,644,1594,0.4604767879548306,0.3740499747500372,0.43371144831394365,0.8698686747030303,0.3448648662928107
-123.72471995997607,-130.13495993651614,0.7543909403437112,482,878,487,1594,0.5508155583437893,0.40501200347077543,0.43468684247860667,0.8138735904666183,0.2803426974352286
-111.55454997238408,-129.70285737921074,0.7432072150625374,554,811,569,1594,0.5087829360100377,0.39788676192330286,0.43002526148228465,0.8390038601847172,0.35130550967721724
-96.10770277033564,-128.93933113809996,0.7399930897454844,560,810,573,1594,0.5081555834378921,0.3739368721620829,0.39733657799794997,0.8294016015133217,0.31131449291484553
-147.45947737228423,-129.35088994330403,0.7535685011187963,434,923,440,1594,0.5790464240903388,0.3775653939193701,0.4611619876909748,0.8678978540511343,0.32570210984418063
-113.37228942161693,-129.0035290623978,0.7449426124843029,563,821,566,1594,0.5150564617314931,0.3662028547817405,0.4245821633743461,0.8522819147501078,0.31521277882539556
-91.02439670693688,-128.19546241653694,0.7329517274380473,610,787,611,1594,0.49372647427854455,0.3587111471869961,0.4326917067778225,0.8177880932591677,0.3166496752905777
-120.35663849704456,-128.03215358488083,0.7249980086816583,516,826,518,1594,0.5181932245922208,0.39463468024162635,0.42917519817904104,0.8267179764225997,0.3154637916518516
-117.27414126943968,-127.81260231313712,0.7340435363918081,517,838,530,1594,0.5257214554579673,0.38741728397796926,0.4139165613096583,0.8096112976866104,0.30600169065593724
-109.32511218784384,-127.44285251063125,0.7316414122299402,517,834,518,1594,0.5232120451693852,0.40520622493461955,0.44631635101531214,0.813260598246864,0.3145846442726501
-102.65896256620832,-126.95689388427002,0.7310721396600434,565,802,565,1594,0.5031367628607277,0.36454813922944734,0.4325429438183787,0.8337901730460208,0.31608274599438163
-115.92804045614166,-126.7448005491137,0.7445981381104924,530,838,557,1594,0.5257214554579673,0.3843636023681205,0.4078832759022783,0.8398356775127658,0.33398747509407967
-112.18987647394485,-126.47017934014823,0.7352764031967162,552,802,563,1594,0.5031367628607277,0.4133849672698966,0.4282790516411904,0.8414194739476528,0.30214675552807696
-90.54709854072134,-125.80493710312182,0.7351130272564907,624,744,641,1594,0.46675031367628605,0.3785723089493634,0.4278934327192654,0.8342458606834436,0.32132723426211024
-115.46037741679486,-125.61685419973404,0.7348615961710128,519,849,533,1594,0.5326223337515684,0.3891006511957975,0.43472930543149846,0.8277701313865017,0.29897299369933733
-112.94445297971754,-125.3905613208052,0.7344641044978013,541,781,541,1594,0.48996235884567124,0.40039532853482024,0.4537548799346015,0.8457674429110816,0.32750109522879967
-85.82555979048712,-124.69643848693998,0.726199438219749,634,768,639,1594,0.48180677540777916,0.3658163186271618,0.42643480584881366,0.8232600341478832,0.29926090196043403
-101.31226068440856,-124.29326300758598,0.7246901654642256,585,814,593,1594,0.5106649937264742,0.39479609657691217,0.4203901505172492,0.8619690386308382,0.3285725550550762
-140.15814533114795,-124.56215931815483,0.7318090053218457,428,935,428,1594,0.5865746549560853,0.41386251440901894,0.46645346251814174,0.8378225168953085,0.3287400523821996
-112.03506995442982,-124.35337449542608,0.731648693793793,528,834,536,1594,0.5232120451693852,0.397580954426244,0.4198907695700078,0.807727033847673,0.2858740231200477
-103.5463188740824,-124.01227522294504,0.7329031609343487,598,788,605,1594,0.49435382685069007,0.36881373303279075,0.42455464153584777,0.83518655840069,0.2999437799196671
-85.87623361295827,-123.39717777762267,0.7260028762886066,585,770,588,1594,0.48306148055207027,0.38859290234625965,0.4201909713588118,0.8274545068468245,0.3331178236561365
-97.92654074332351,-122.99288195168141,0.7240021340846481,606,751,609,1594,0.4711417816813049,0.3802348401875641,0.39778696587685425,0.847075814337786,0.31054714414819573
-98.62597575032014,-122.61214904228515,0.7289902625592086,571,809,593,1594,0.5075282308657465,0.37350621776417403,0.44987609207147056,0.8265320956908436,0.30236000000178787
-144.14553167960028,-122.94343185209,0.7183799358174695,393,926,405,1594,0.5809284818067754,0.4045381688657894,0.39778461573543283,0.7835187316650994,0.2911464275179834
-122.07881033890811,-122.93033152613269,0.7113570462317295,478,873,492,1594,0.5476787954830615,0.4027243292118353,0.43453180583838485,0.8212322829003792,0.3143881090106803
-155.0291145299518,-123.40941783962253,0.7379827693449659,402,933,402,1594,0.5853199498117942,0.4216007915476577,0.3716832276401962,0.8161130799762143,0.3186154404016729
-131.94876015603694,-123.53499640309923,0.7342489828298093,469,906,496,1594,0.5683814303638645,0.386379915391964,0.41792375337641746,0.8547992074419648,0.3154712567745018
-98.92665321350076,-123.17835374817751,0.7254834722994793,587,771,613,1594,0.4836888331242158,0.39775920898720896,0.43687471923956706,0.8583544435951241,0.32564615042959527
-143.0372505247953,-123.46205227355777,0.724846248441596,430,901,432,1594,0.5652446675031367,0.39591264264395426,0.4373127413804169,0.7753342569690448,0.2684165540723395
-86.75619482944055,-122.94506836589416,0.7211214752761155,619,751,620,1594,0.4711417816813049,0.35623912319771106,0.43454500835355503,0.8314141939661398,0.3128536403432595
-101.32608061560632,-122.64480464714013,0.715750920532738,577,786,599,1594,0.493099121706399,0.3816365225647929,0.4461277629527182,0.8386859783754179,0.2988820709313802
-77.4615041194229,-122.02585532484264,0.7155742984599407,644,730,662,1594,0.45796737766624845,0.3515266267031164,0.42981609071510596,0.8283596252848374,0.29970452736181924
-114.86251653742549,-121.929053449337,0.7197759034560978,509,850,516,1594,0.533249686323714,0.39637819738493774,0.45763671016042223,0.834579190392576,0.3259710553742513
-116.74959454186026,-121.8599939972373,0.7155009468365223,526,848,532,1594,0.5319949811794228,0.3916521261836867,0.412947273708414,0.8236965996455673,0.29047384298746587
-109.26570076802544,-121.69427961264239,0.7111002313661321,491,879,515,1594,0.5514429109159348,0.4111568209423485,0.4210256720034845,0.7678065436821894,0.2873289125684904
-122.5326634929233,-121.7051677149837,0.7044607407282294,496,859,516,1594,0.5388958594730239,0.3927082092308752,0.47603591127100364,0.8255936995367391,0.28805739041950323
-128.89967265959353,-121.79740495786332,0.6954291927701751,502,854,503,1594,0.5357590966122961,0.4059467717443535,0.4256030649852891,0.8593307891059653,0.32715901684052695
-98.8500786300832,-121.50693247270154,0.6904233951547837,520,846,545,1594,0.5307402760351317,0.35794086261672675,0.42199560073985704,0.8331268648090661,0.30612258337363424
-125.23510258793426,-121.55353459914197,0.6874709942156549,478,877,499,1594,0.5501882057716436,0.3740093960402554,0.4551454296171083,0.8289058378336365,0.328800212572609
-116.42513630734337,-121.49022103998396,0.6814522662650394,531,835,532,1594,0.5238393977415308,0.3758864060825994,0.4182966421674079,0.8529876103422368,0.3146155108918758
-129.43817069507196,-121.58714725528992,0.6736386926999753,467,899,487,1594,0.5639899623588457,0.3902373462818763,0.4192263065219686,0.8354651632256784,0.3105838769921387
-130.28426397685928,-121.691931794104,0.6667495398352279,475,868,478,1594,0.5445420326223338,0.37952328028368276,0.3946063179980958,0.8146180058429308,0.3165442529116889
-121.02802491672615,-121.68402814080189,0.6611929707303263,450,913,479,1594,0.5727728983688833,0.3721386298310371,0.4778632878762558,0.8383630626610774,0.3182938840278874
-108.35593868281155,-121.52722708835493,0.6560188165860049,558,841,560,1594,0.527603513174404,0.35769843293891246,0.4275191786467986,0.8544265973987658,0.32018316421679544
-136.01997214984996,-121.69574737976767,0.6531894092094874,428,925,450,1594,0.5803011292346298,0.4112673414245951,0.42731252975008477,0.8075169681023043,0.3012195507810667
-111.58969600436221,-121.57958586970554,0.6568784667848059,551,795,553,1594,0.4987452948557089,0.37996967504330526,0.40586166474479446,0.8343636857021095,0.31812861027447675
-107.60120042337054,-121.42074058054264,0.6510838905964961,581,792,589,1594,0.4968632371392723,0.38127530536470666,0.41971154545303124,0.8244129916688423,0.3018853805408077
-118.00502387439052,-121.38236174114768,0.6551796640015037,509,841,538,1594,0.527603513174404,0.40974320302726974,0.4302657544579216,0.8137879686554386,0.30019459077269267
-128.06782046069233,-121.45664461580927,0.6606911447225832,479,889,493,1594,0.5577164366373902,0.3830951566079883,0.41301757413436285,0.846682871695234,0.3345843823192563
-86.24873195350642,-121.06974447666309,0.6553896730674218,623,741,624,1594,0.46486825595984943,0.3672979967217455,0.45431062663634164,0.8254885373986182,0.3222005077369035
-130.9845711946808,-121.17751433229371,0.6513367506066987,491,827,491,1594,0.5188205771643664,0.40640099816289627,0.4376547790559771,0.83658233263845,0.2909031831796018
-70.77450217073444,-120.63554645958877,0.6564672777716847,654,721,664,1594,0.4523212045169385,0.34936123472122466,0.4061031370797985,0.8307433301374304,0.31763475664351404
-131.62189693115513,-120.75242252843523,0.6545048787238531,493,863,498,1594,0.541405269761606,0.41241025731845915,0.45829161570890814,0.855207580053976,0.32881538543092365
-122.20337572676952,-120.76769571999664,0.6482690282493025,497,877,513,1594,0.5501882057716436,0.39412002715985467,0.4081144012180055,0.8247331037771963,0.30896219449261575
-104.16415284299485,-120.5947421483612,0.6475839707938928,580,788,588,1594,0.49435382685069007,0.3826741425565524,0.39106868509089265,0.8494246845833917,0.30401714866884405
-112.74452274944433,-120.51381205146515,0.6486430351381991,573,810,589,1594,0.5081555834378921,0.407507152829374,0.39974231819695766,0.8380916711342675,0.3076513189722032
-114.10822537842682,-120.44844892214843,0.6515082963634179,558,833,559,1594,0.5225846925972396,0.411369440908133,0.41368512584324657,0.8230601769019148,0.3097644479746442
-95.95390651772937,-120.20102930190177,0.646938280572999,590,781,594,1594,0.48996235884567124,0.39435744476521617,0.4580615407137579,0.8198934635605415,0.28908722275796667
-128.73827564284224,-120.28640176531117,0.6449839728168315,495,876,499,1594,0.5495608531994981,0.42735865842666443,0.4506988477358556,0.8005670287623353,0.3062776684309429
-145.7040190442034,-119.31700046301965,0.6600037616517449,473,894,481,1594,0.560853199498118,0.424998443700582,0.43527256310383367,0.842225075078086,0.32109125022029833
-117.41087216320757,-119.16910397399573,0.6481373751205238,529,853,532,1594,0.5351317440401505,0.40198143322864544,0.4488471839705927,0.8198412500285793,0.30031980972969513
-97.80083017871574,-118.12729238685702,0.6414755193061856,615,760,637,1594,0.4767879548306148,0.40161284021022137,0.43533322560243815,0.8269306387362456,0.31285940179136995
-111.13249055137368,-117.61696057110785,0.6373589341949829,563,808,564,1594,0.506900878293601,0.3897228070514413,0.42612386612455355,0.8560013065184594,0.3228408382598517
-100.26920187243566,-117.4676660150241,0.6358743274530738,572,799,587,1594,0.501254705144291,0.37290320205341765,0.42494513254658467,0.8496600248217733,0.3130133805133532
-89.53687491707905,-117.03818813898688,0.6388410339099354,622,746,647,1594,0.46800501882057716,0.3738741458404314,0.42423089550803994,0.8682649103867148,0.34153416115606355
-112.0933887423954,-117.07618135967078,0.6353150875226542,525,828,527,1594,0.5194479297365119,0.3900006331823648,0.4432044528660568,0.8370862233845827,0.3230165972171732
-98.36591873710145,-116.68354629937944,0.628937125793986,553,810,559,1594,0.5081555834378921,0.3801763379960491,0.4296312470636884,0.8402319923848213,0.31555910823019356
-110.43775949724211,-116.74943032926511,0.6262841407101116,568,800,570,1594,0.5018820577164367,0.3840102874433283,0.421972629197982,0.8388172253434876,0.32228206547460075
-105.31335178602494,-116.69798084236076,0.6322291731921554,551,788,553,1594,0.49435382685069007,0.3825373389939311,0.41890290459124463,0.8561040163502555,0.32444061462814566
-115.60150555316774,-116.76048583643058,0.6259117054329585,569,820,569,1594,0.5144291091593476,0.40409695628458575,0.41583517083407545,0.8237938588142116,0.29658859708468216
-110.81446806324101,-116.74801559650903,0.6292081210954756,533,845,554,1594,0.5301129234629862,0.38566257966094636,0.44374702827088447,0.8097823218769374,0.29507417322364266
-113.49320335424007,-116.73398381164408,0.622870062223734,492,852,523,1594,0.534504391468005,0.3835755904632027,0.43504314028120045,0.8136038535190903,0.310352098372914
-106.09181602594201,-116.64148472664564,0.6180528892005244,520,845,530,1594,0.5301129234629862,0.37533412707380415,0.4400867646301834,0.802502681613864,0.2992389649358556
-120.89438986142511,-116.46134735085927,0.6229810341628239,503,883,503,1594,0.553952321204517,0.3536778065320855,0.41472165368269504,0.8593892333104055,0.3181262222935455
-136.09119092607327,-116.35080580943325,0.6197372894544535,451,889,455,1594,0.5577164366373902,0.39802602228352857,0.427324179977429,0.8246610195462609,0.30337908806805675
-119.09768142875208,-116.05580285530306,0.6261241325832936,490,844,510,1594,0.5294855708908407,0.3836750075200997,0.4246129838465183,0.7985949456930208,0.28998858180613774
-106.3197673857397,-115.86739014188481,0.6257539377944742,592,782,604,1594,0.4905897114178168,0.39189683811376413,0.4166715907336815,0.8443452326047495,0.32265245703269557
-96.01828524494557,-115.76358708016562,0.6148110340675442,574,778,575,1594,0.4880803011292346,0.3841238008016806,0.40481037419733973,0.846667264623858,0.3126211596500936
-118.70591875317113,-115.38119085694359,0.6147647398102898,512,863,517,1594,0.541405269761606,0.4051623143892643,0.4037703151206823,0.8085800737712573,0.2946218339531299
-92.67336139972906,-114.8590337838487,0.6129601728486095,641,745,663,1594,0.46737766624843163,0.39687518144260014,0.402416773800092,0.8589055546901374,0.3302075645973129
-152.8319181401532,-114.7149687944047,0.5786394278907923,480,885,493,1594,0.555207026348808,0.43632693316161547,0.4375175358198631,0.775797182989863,0.27726837796948467
-106.83054772597431,-114.41572677324164,0.5862101950699538,562,799,566,1594,0.501254705144291,0.3814320330454856,0.44403268035610777,0.8425206631875574,0.3181390867603954
-99.32960184119108,-114.23524146309931,0.584656259656717,563,807,575,1594,0.5062735257214555,0.3757434957829985,0.43622291202272734,0.8161944165532661,0.32050477169256747
-128.00961812216872,-113.9094189668939,0.585404104314628,454,881,482,1594,0.5526976160602258,0.42881342498333425,0.42092662537398995,0.8045094472447151,0.29628699823613597
-109.43263175707288,-113.60167645814016,0.5793590129850946,541,823,554,1594,0.5163111668757842,0.41081685356369624,0.42690820670249396,0.8368631841449502,0.3173531859715007
-98.53354084329204,-113.11878024720271,0.581979720244777,597,750,615,1594,0.47051442910915936,0.390167997357894,0.4137728054425949,0.8166291809955819,0.28834824464994513
-125.5687315055437,-113.06792000703554,0.5713382170926314,547,813,549,1594,0.5100376411543287,0.4086630307118085,0.4343283009053475,0.8363078942190468,0.32913248201308204
-114.66311565306673,-112.91004359587986,0.5846494112276844,555,792,573,1594,0.4968632371392723,0.41425481497734135,0.4095226507991211,0.8267498758765006,0.3002816815280567
-104.33480454064704,-112.66682493920804,0.5885515469125103,576,795,582,1594,0.4987452948557089,0.38110819274218777,0.4567837081852704,0.8263321602276464,0.3236264149488891
-162.555734521735,-112.85811705924411,0.5924371676329374,389,939,389,1594,0.5890840652446675,0.4555491945572058,0.42421757515032466,0.8438140271532723,0.31927297835148316
-131.4575981360518,-112.77413100539289,0.5905152189135703,479,862,497,1594,0.5407779171894604,0.42258064953763086,0.40998300788845693,0.8234761133763374,0.3018983105013668
-105.25957107178495,-112.643030545105,0.5943533995992017,546,812,547,1594,0.5094102885821832,0.36630737973178495,0.44366140496548523,0.8212118261638289,0.2909547829747114
-131.29708735436077,-112.97317700091429,0.5949736204781918,489,882,489,1594,0.5533249686323714,0.3985028193050454,0.42803157185267976,0.8360556593635077,0.3000484748077685
-128.31872778999477,-113.21798814530639,0.5943930725620785,494,879,502,1594,0.5514429109159348,0.40003126375158005,0.44029142661016074,0.8097486735560667,0.29328179170239177
-95.25214676914632,-112.69156917415681,0.5774035715728779,588,767,592,1594,0.48117942283563364,0.4047582390269648,0.44539759564771214,0.8368673943782025,0.30726389340432736
-120.25942056837813,-113.07360936492681,0.5772682546546701,518,830,525,1594,0.520702634880803,0.397898543044214,0.4571221565758859,0.8555733887637845,0.3188720826799135
-116.90322361656045,-113.36522105332186,0.5702946435821183,481,867,490,1594,0.5439146800501882,0.40265235562592216,0.40259529930679105,0.8350621183508408,0.31751748898310056
-126.58558781380991,-113.40859219820803,0.5735012038015374,520,846,536,1594,0.5307402760351317,0.3785608549355529,0.4346247143057176,0.8644517655779316,0.31487974136497116
-113.17891871365687,-113.73333215403582,0.5751683248434134,526,840,527,1594,0.5269761606022585,0.3735763385602166,0.41156445468087655,0.8449045294870472,0.32606552997349136
-110.52148043369223,-113.91686881561904,0.5736590160017093,541,798,543,1594,0.5006273525721455,0.3871286661253322,0.41739447341173097,0.8359955118589055,0.31004879160452176
-121.5616322372595,-113.89523793839186,0.5677022120256108,474,862,488,1594,0.5407779171894604,0.3906330870470564,0.4717133591973257,0.8487685249709206,0.3029628664577843
-137.25184113754406,-114.15221085004346,0.5711000705872032,439,919,456,1594,0.5765370138017566,0.3900613266895399,0.4514239973482915,0.8359310351988406,0.32466629273753594
-84.4814093661818,-114.03594791600193,0.5761350546602757,610,758,620,1594,0.4755332496863237,0.36720487779675454,0.47975151793075116,0.8098672150294037,0.3026821627897621
-117.8871005353573,-113.74022414763267,0.5750493635723909,532,847,547,1594,0.5313676286072773,0.39562489797843164,0.4217144673588064,0.8484876940390428,0.31901173271344246
-119.77578390838255,-113.80425909250033,0.572831407318751,492,847,493,1594,0.5313676286072773,0.38409146762213,0.42653755024370527,0.828163593713572,0.30306270956819387
-110.84522229237744,-114.00246734835474,0.5777408528684527,525,820,537,1594,0.5144291091593476,0.3835674262431038,0.39544424113240484,0.8729871614447707,0.33972836857430827
-103.04614002519735,-113.82936236363626,0.5791410784645395,545,815,552,1594,0.5112923462986199,0.37280075435173504,0.44341277529903717,0.8467305518475371,0.32906208715246515
-104.61548493972894,-113.70277580033913,0.5704587875645754,549,798,558,1594,0.5006273525721455,0.3752791407576093,0.44609264901712764,0.8293817895926691,0.3200113673651042
-117.49156727537128,-113.78444035121441,0.5674175115430073,486,878,488,1594,0.5508155583437893,0.3841212767872234,0.4049812721806876,0.8434950169361463,0.3206994172667444
-116.27134053018233,-113.92056413085415,0.5674109497952904,477,890,477,1594,0.5583437892095358,0.37831540799518293,0.39360621788853967,0.8134384987228364,0.29895959491144747
-129.6235035455821,-114.05751876174855,0.5572806707062132,453,907,461,1594,0.56900878293601,0.3844118636686237,0.40595924960360263,0.8525663496456112,0.32525294891168005
-135.42268406313718,-114.28984683764051,0.5577561873431808,463,883,498,1594,0.553952321204517,0.417514022926489,0.4391706502365737,0.8188233655437233,0.2802465943379228
-134.72841052701392,-114.73165995750341,0.556027981109853,506,853,509,1594,0.5351317440401505,0.41752288947902855,0.4342764816394283,0.8069054118159599,0.2830918728057983
-169.10660734034843,-115.26812225673898,0.5510682403072725,378,954,378,1594,0.5984943538268507,0.45377232399661377,0.4509001407085687,0.8036936019052606,0.3109219977456429
-114.02482201528866,-115.27892594709466,0.5507719478492841,534,826,535,1594,0.5181932245922208,0.40781813357170144,0.3832149227831403,0.8396165364477673,0.3309766078503518
-130.5777216793957,-115.72644756598378,0.5497452662679391,495,856,519,1594,0.5370138017565872,0.40383136369163397,0.405886322874153,0.827183197961492,0.31435121641088837
-94.89517025731566,-115.66227666171284,0.5477180227395954,590,756,590,1594,0.4742785445420326,0.371631004206853,0.4037768913537957,0.8226646237202083,0.3030243861525504
-110.73110182071304,-115.36800622660849,0.5433842328673916,538,818,547,1594,0.5131744040150564,0.39397158439224617,0.46967436057398076,0.8409237516140079,0.3231214407644664
-122.86254007886578,-115.47628092785284,0.5376582307512218,485,855,494,1594,0.5363864491844417,0.40167438998286104,0.45644952161977087,0.8046640555746837,0.30426054421829246
-137.16926937073643,-115.8125104328194,0.5437525557212727,440,920,446,1594,0.5771643663739021,0.3941648933283274,0.44039761184127385,0.8480781005264539,0.3394761770788877
-85.56295015704579,-115.80937759826027,0.5533595276020794,604,748,632,1594,0.46925972396486826,0.35443066853300653,0.4339225663440852,0.827548961896885,0.3120394447202884
-115.52487198813736,-115.98536091070841,0.5497361058345114,509,832,515,1594,0.5219573400250941,0.3818155143951752,0.4042917241890441,0.8291968910923501,0.3145578864235021
-117.77514056914988,-116.1768525588967,0.5493723359553545,545,837,547,1594,0.5250941028858218,0.3987452551559899,0.42203240855150626,0.8267462734617005,0.2984086487221316
-115.347436507169,-115.88887160717236,0.553215935517309,505,830,528,1594,0.520702634880803,0.37878305297147824,0.4224259000514196,0.8513500142594898,0.3269510791199542
-112.50512135232873,-115.79313471730659,0.5533317564947933,538,823,538,1594,0.5163111668757842,0.3854710290032208,0.4332891868074724,0.8140459181555207,0.2992377023567107
-108.91695198300569,-115.33201309183714,0.5287706785179365,547,825,547,1594,0.5175658720200753,0.38009592986673846,0.42497106429983045,0.8310974519152384,0.32908816289455656
-139.41406588325606,-115.40666614910933,0.52681426865376,465,908,474,1594,0.5696361355081556,0.41675218237458783,0.4174220788833915,0.8251653865352696,0.30517946926522077
-111.70721572498687,-115.5344717742242,0.5356618385184488,581,779,587,1594,0.4887076537013802,0.4175086294663127,0.41899592443817174,0.8418177829737417,0.31580908679033
-107.9672686558809,-115.18377195553505,0.5357450744643466,570,784,582,1594,0.4918444165621079,0.4007728455013312,0.44850303855214413,0.8407575058956293,0.32294689337022814
-90.143643292664,-115.21764644016729,0.5335253972981566,583,777,584,1594,0.4874529485570891,0.3799263243343009,0.43773386933232156,0.813453355474722,0.3030530158212219
-111.56081407607275,-115.31999377477194,0.5349252712851089,542,833,543,1594,0.5225846925972396,0.381738899803042,0.4466515072153575,0.8336617323185477,0.30731638619592894
-147.43556418118587,-116.01973437538955,0.5299168503390169,416,926,433,1594,0.5809284818067754,0.40362057693604575,0.448348194165186,0.8289510235534373,0.2992839148014916
-119.12375385589417,-116.06234674857424,0.5278335708176679,500,838,500,1594,0.5257214554579673,0.361569387121728,0.45720232689238627,0.8192654772165587,0.29356961036829127
-104.09740706762958,-115.93582487383193,0.5324154958095828,544,824,544,1594,0.5169385194479298,0.3737391883714354,0.41316303987182024,0.8025511071087473,0.29370765247280667
-157.65042119621143,-116.41967207811378,0.528662307736089,371,973,383,1594,0.6104140526976161,0.428973691703683,0.41221621595312247,0.808208099402078,0.33650581544747876
-124.98257408215973,-116.44417118400615,0.5286712918648596,533,844,536,1594,0.5294855708908407,0.392845565002095,0.4014369556039232,0.8442801880457725,0.3268457998645388
-109.71425119930184,-116.25231696940324,0.5495045384674041,554,821,564,1594,0.5150564617314931,0.38484307771627174,0.46123682466513793,0.8159854522850652,0.30611049824548714
-93.45523322139002,-116.1983685153163,0.5500236107739057,641,735,669,1594,0.4611041405269762,0.38181465666412684,0.4273953443728611,0.8700021686493943,0.3139291447041113
-146.06598411709643,-116.40667733060792,0.5507814651662076,452,914,460,1594,0.5734002509410289,0.43025562749224344,0.45315912699870353,0.8288354799701412,0.3082171701488593
-100.51794731855958,-116.2476054407201,0.5519373721173525,600,776,603,1594,0.4868255959849435,0.38468729236995947,0.440433493534632,0.8216954944646405,0.31262073382662964
-101.84500960354202,-115.97167382980479,0.5572999842242911,577,750,620,1594,0.47051442910915936,0.3846125755069548,0.4313416459697237,0.8427078309822567,0.2995934010343722
-141.935969499549,-116.0881908850317,0.5759736766013482,437,926,450,1594,0.5809284818067754,0.39458076286629534,0.4181107083121591,0.8048718412056745,0.31689346545396396
-121.84177429951197,-116.09632837885957,0.5860937695954711,497,866,503,1594,0.5432873274780426,0.3968135840109608,0.44711906037615445,0.836834043395981,0.3322584890550271
-105.48141747260848,-116.06758316675752,0.5913495376670849,549,822,557,1594,0.5156838143036386,0.37851200494009724,0.43416563523582274,0.845772532691471,0.3310917314735327
-81.73867045428844,-115.5247701498019,0.5882389959312794,622,734,622,1594,0.4604767879548306,0.37354842654197495,0.43510522778050076,0.8325650814264073,0.32141775533613326
-135.11047774939559,-115.75997796725224,0.5812827104966126,475,878,475,1594,0.5508155583437893,0.40480962016013006,0.4288953943900592,0.8396278405750263,0.3128313268452783
-124.08883745076092,-115.92485433752614,0.5852462032385793,511,857,513,1594,0.5376411543287327,0.3879689626673689,0.4419903854871331,0.8440708572306949,0.3165344033841824
-124.89809795064859,-115.99378507828871,0.5798974215099627,465,886,474,1594,0.5558343789209536,0.40883127760390037,0.4190889476354411,0.8267585560579076,0.3175555037496585
-107.78413120693065,-115.79094818575109,0.5737359910657058,538,804,542,1594,0.5043914680050188,0.3973160026765958,0.4442969356587868,0.8251134875947685,0.30988705813881623
-137.9548321133128,-116.30800918734919,0.579900832091069,435,893,448,1594,0.5602258469259724,0.41419345543058234,0.4371683789074174,0.8070555850965602,0.3244535963413177
-114.9175267983901,-116.14733874338626,0.5856765296455917,525,817,546,1594,0.5125470514429109,0.3799329850356071,0.4513298486801675,0.8256119530778833,0.30361201217746375
-110.55929228267378,-116.54518664450566,0.5853572027540787,533,829,544,1594,0.5200752823086575,0.3762724343078697,0.4357507417884902,0.8341659135298828,0.3168024577229293
-106.69866436148756,-116.295954318809,0.5894501300461782,498,835,511,1594,0.5238393977415308,0.3849130958412116,0.4438819215723104,0.7936107955711557,0.28585725175754534
-108.79407913308962,-116.16186135287218,0.5927015164598955,544,826,546,1594,0.5181932245922208,0.38688393053879816,0.4058858843235576,0.8359447812777218,0.3137748855716332
-111.46889133426514,-116.23490873778488,0.5916898985521816,510,847,513,1594,0.5313676286072773,0.3760065064596098,0.4150003508730962,0.8487251823298777,0.3142193557269169
-135.97339801259335,-116.46719749041637,0.6114376130523973,461,884,483,1594,0.5545796737766625,0.4042946843578408,0.4320433073211418,0.8470749751679455,0.299794896984873
-136.78901672530588,-116.69400540388517,0.6034741921922875,478,869,486,1594,0.5451693851944793,0.4038508954836399,0.44021024073447995,0.8442752148977877,0.31870747850082953
-108.39494406426768,-116.81841577935054,0.6058627698638708,585,790,591,1594,0.49560853199498117,0.38714276112220036,0.39447336821434714,0.8607459761694697,0.3186413888824248
-111.47684434103324,-116.64580146633247,0.6101855424558994,526,804,531,1594,0.5043914680050188,0.41583552172812255,0.42606195508580214,0.8328951084414954,0.31465065549642096
-97.83086333405917,-116.16706990923103,0.5967225714695076,610,777,614,1594,0.4874529485570891,0.38235692018006334,0.4162353765427626,0.8202278584160849,0.29828922086409443
-121.8961008739576,-116.21192219633853,0.5971064596986893,569,820,575,1594,0.5144291091593476,0.4181550445886952,0.450392677876512,0.8317151414753553,0.3042777759673943
-121.70772949951294,-116.45099118954647,0.5982696415604039,527,826,536,1594,0.5181932245922208,0.4226512293655116,0.43053446708422427,0.8142610484664856,0.3021637204768954
-107.57581896395745,-116.41542447367232,0.5986389753300697,582,781,583,1594,0.48996235884567124,0.394592110434531,0.43171071279688183,0.7900560248256158,0.2999019133269715
-123.72547558340617,-116.64998721078202,0.608223613185962,530,827,546,1594,0.5188205771643664,0.40238887797978407,0.424102683751948,0.837594863826185,0.31251339895890407
-97.93957590897374,-116.73401422070097,0.6022358435300271,568,795,589,1594,0.4987452948557089,0.38048389189497667,0.42212631136696643,0.8198775304128576,0.29578831989369053
-110.91288595076232,-116.72220919278463,0.6021943380398411,551,794,552,1594,0.4981179422835634,0.39097069341609963,0.44580848063808626,0.8541785186689036,0.31935644043069794
-131.23861340844027,-117.05093613949802,0.5996493901177012,484,874,486,1594,0.548306148055207,0.39082075000254085,0.42722872919259297,0.8697691762114417,0.3437382219711695
-117.76362074561652,-117.12419475198178,0.5995045116341092,506,868,524,1594,0.5445420326223338,0.3843928602686306,0.4233008732734665,0.8333184269554317,0.31853663483042816
-116.27793102172357,-117.23384054433876,0.5957191453146495,501,882,522,1594,0.5533249686323714,0.3593324244646394,0.42360816257205874,0.8447017568930827,0.30964515011256677
-85.89153849787512,-116.93674087378585,0.5991043802225993,575,787,579,1594,0.49372647427854455,0.34499759335927854,0.4525188320248032,0.8186535103467306,0.31626308702463096
-94.64204859261783,-116.7750166790796,0.5928650226332473,573,795,615,1594,0.4987452948557089,0.36927103058817595,0.41095312633845105,0.840136208116759,0.30835223352511915
-116.16155067030785,-116.80170015224029,0.5917829182989803,500,849,535,1594,0.5326223337515684,0.4095929912010404,0.4604540575097321,0.8656269666844776,0.3212290956126182
-99.67908665871832,-116.73757285856804,0.5910859997746405,569,799,570,1594,0.501254705144291,0.36340425897990186,0.4196812384107639,0.837463416680447,0.3267459343007574
-129.71745176441888,-116.82580347759799,0.5885271737551172,484,854,516,1594,0.5357590966122961,0.39523588567917256,0.40536971622000867,0.8553142928610766,0.3153955993748043
-110.74481891656235,-116.57233975750287,0.5860970467556456,562,820,568,1594,0.5144291091593476,0.37932919991336744,0.4466476503826645,0.8642119703598984,0.3380868771774516
-163.9171073064706,-117.02053401628005,0.5755462155563416,406,964,424,1594,0.6047678795483061,0.4297263330622662,0.4479627497431822,0.8894960942312794,0.3308685318554256
-127.66894350618125,-117.23402577748448,0.568837436499367,481,875,493,1594,0.5489335006273526,0.40167706861054225,0.4249709585180845,0.8346078246346064,0.30769972934740536
-127.28003431660854,-117.54664326820111,0.5694589219080484,559,793,582,1594,0.4974905897114178,0.41911662734923283,0.47070836756582723,0.8767288154459713,0.3464089416880809
-98.66802269327482,-117.34626430760214,0.5764855147873975,565,786,576,1594,0.493099121706399,0.39121701503938544,0.4273531257751907,0.8243173835696834,0.3106445659767807
-122.50385700934838,-117.64456926369834,0.5782945197856848,518,835,578,1594,0.5238393977415308,0.4423980248552906,0.41624820905417986,0.8669962930200324,0.3173134319874324
-100.02967702858962,-117.11654685258269,0.5788617784338524,571,782,586,1594,0.4905897114178168,0.3714632692524598,0.43763991093210736,0.8368244707678599,0.3227135822963352
-151.97812596652733,-117.56802263498821,0.5702780462224054,417,909,426,1594,0.5702634880803011,0.4212441462959938,0.4439946453247603,0.8395125255126396,0.29208488836235397
-97.6604261895076,-117.55133087847138,0.5710435934701068,600,754,602,1594,0.4730238393977415,0.38380383521392236,0.42209845217264735,0.842239415772737,0.32562615383941423
-103.37766121140521,-117.30501130936376,0.5683156225250862,538,831,540,1594,0.5213299874529486,0.3899978227762341,0.4206640530320618,0.8237591246686752,0.3027779567288303
-100.2086333135882,-117.21277132492892,0.5651620477274634,583,759,595,1594,0.47616060225846923,0.37841635505216004,0.41255548699544625,0.8386755775105144,0.3282221925192373
-141.23026814380856,-117.63973859793408,0.5619663928466889,446,914,494,1594,0.5734002509410289,0.4333200996981592,0.4297516340424615,0.824439927899471,0.31442519755306675
-145.64079744733013,-117.84045925735194,0.5600375011613807,465,920,473,1594,0.5771643663739021,0.39152500951607394,0.43450484175582743,0.865336810688997,0.328631884226043
-80.69694440635212,-117.5007975448848,0.5482515488038985,613,760,615,1594,0.4767879548306148,0.3647138634857389,0.42470715910358103,0.8395292953403234,0.29143978169058465
-127.57062340693416,-117.73315573354768,0.5412404109606826,471,885,478,1594,0.555207026348808,0.3958324892130745,0.4172601127266677,0.8337977054116285,0.33008285298060824
-93.72802852594903,-117.04487867358984,0.5338616160266247,622,723,623,1594,0.4535759096612296,0.3617581851124533,0.4015101222693238,0.8391817487741574,0.30630311516705466
-101.61629798493335,-116.74646567207864,0.5306445486887729,522,812,573,1594,0.5094102885821832,0.3718642007753938,0.4268767055966744,0.8351068143720589,0.3170540870406793
-122.05626202962665,-116.91443258165708,0.5255425970444552,503,842,512,1594,0.5282308657465495,0.39260924444612044,0.41004085386628353,0.8254451157960716,0.3053475362768729
-113.47006279685878,-116.73616233608203,0.5283115548036323,585,774,588,1594,0.48557089084065247,0.3911034625569079,0.44094595146161886,0.8423304173689479,0.3319442771443768
-104.61608583804956,-116.49913591656261,0.5231294501479997,562,804,581,1594,0.5043914680050188,0.38096207658576825,0.4275311391344144,0.8231994542208816,0.3081349018216601
-120.82423884892427,-116.75485683736035,0.522181148585236,507,872,512,1594,0.5470514429109159,0.39340717322363433,0.39492012613332705,0.8493380150956461,0.3287287391762829
-127.01356750901256,-116.82239830676671,0.5214760274976337,508,839,519,1594,0.526348808030113,0.40018307448545914,0.4035610039842348,0.8520274244459327,0.32448785975964217
-132.8769543475955,-116.98213561407705,0.5221069644774753,466,877,475,1594,0.5501882057716436,0.4249509482222556,0.42366055231117566,0.8335657856208756,0.32179773822195623
-97.7764531633019,-116.694044267572,0.5191150340418256,572,805,583,1594,0.5050188205771644,0.3912354706397576,0.4446830844623301,0.839146793223263,0.30297635722871424
-102.55456966167368,-116.58780077705214,0.5106919871124601,582,803,590,1594,0.5037641154328732,0.37073353252886676,0.46053745876090546,0.83360307641113,0.30695760501609115
-141.39574446765354,-116.89654341739177,0.5058159570077091,427,911,466,1594,0.5715181932245922,0.42416313420911617,0.4325264526223038,0.827927741536875,0.29856580183243825
-129.4843578705648,-116.9757706737248,0.5049790916941634,491,849,527,1594,0.5326223337515684,0.4122188730865556,0.4257244150563806,0.8482178572064477,0.3008640335957325
-115.72160858455719,-116.76046834819493,0.5134311323031033,528,825,535,1594,0.5175658720200753,0.39930891516134487,0.4380737383997,0.7975346603387753,0.26863270829999536
-131.08978142760736,-117.2265520688092,0.5031562964854536,521,843,528,1594,0.5288582183186951,0.39522587175049595,0.434436314403729,0.8600831531145584,0.332508643315672
-138.29896501733296,-117.43067071362896,0.49233473759921204,465,877,504,1594,0.5501882057716436,0.43624753689467033,0.4278488981647915,0.8227125743900272,0.30972111938860264
-98.68647058199245,-117.21977758036505,0.5009816696490651,551,816,566,1594,0.5119196988707654,0.3799626324782873,0.43467196212179865,0.8312497153215709,0.31462210207292296
-104.16602076020014,-117.15298556504325,0.500418295743015,487,839,506,1594,0.526348808030113,0.3587063958536215,0.44968603201744384,0.8250744691933298,0.2804979723456786
-107.74820597737683,-117.20000622456507,0.4982016479664101,524,830,530,1594,0.520702634880803,0.35527852393783854,0.4154530684402723,0.8417023564210742,0.30688928232331203
-88.54278558635181,-117.0392792310313,0.4966667174568596,596,790,634,1594,0.49560853199498117,0.34464162106022467,0.4305412716332777,0.843707126938066,0.3235112258803965
-107.84378650955212,-116.94280142337313,0.4980984277278592,509,842,523,1594,0.5282308657465495,0.3733080562437397,0.4144547712134471,0.8386089917755241,0.314446463221001
-152.14528823825847,-117.30154090045389,0.49498278957381403,402,944,407,1594,0.5922208281053952,0.43627894095893816,0.42577105296190515,0.8368270932759722,0.3213028003951815
-119.42669042841347,-117.1995727692822,0.4951033057710258,528,819,536,1594,0.513801756587202,0.4028980899222631,0.4236719850492693,0.8405367138307028,0.3296294520323351
-84.71271813289991,-116.69247310997982,0.4940769263581719,628,740,649,1594,0.4642409033877039,0.3779071634940536,0.44201662377689266,0.8271068777856757,0.30949770271415517
-102.65886082715016,-116.37177761298116,0.4933887694104155,579,764,604,1594,0.479297365119197,0.4221686177520921,0.4175761583903491,0.8418492443681923,0.3223672730645088
-137.01654866199263,-116.05087702619763,0.4972001050919646,478,866,490,1594,0.5432873274780426,0.4305747011095458,0.43135930461795313,0.8449300556532426,0.31806737399729157
-110.34980252792276,-116.01412683132395,0.4911371151765293,549,812,558,1594,0.5094102885821832,0.3961959762230527,0.4516781373667533,0.8510854109439238,0.31393157760007245
-135.43435591522908,-116.0626931736823,0.4983997469425724,511,860,511,1594,0.5395232120451694,0.4102921057730561,0.4257339278817492,0.8464809614233554,0.31473438656037217
-71.00098131680893,-115.82375128427722,0.4994417250730096,661,708,667,1594,0.44416562107904645,0.35555129911187605,0.41855455931864366,0.8339349763202374,0.30486436331186056
-113.92286475333586,-115.85566891360344,0.49768488879828765,532,807,545,1594,0.5062735257214555,0.3787020814156549,0.478441053569,0.8604763206413528,0.32164872830760105
-122.61633691862622,-115.85320688200107,0.4975029644028548,537,824,539,1594,0.5169385194479298,0.40256851216904943,0.4108634233411887,0.854762286299574,0.33613385558380454
-112.28823461063263,-115.60439653440002,0.4909528862110432,520,826,520,1594,0.5181932245922208,0.3779566665302031,0.42478799024501174,0.8245357802137003,0.3129148330406538
-96.80268344385965,-115.71679386726815,0.4813484631221519,522,821,532,1594,0.5150564617314931,0.38701681763927337,0.42276580148936244,0.8081334851507815,0.3073030553887227
-131.48327155762158,-115.87637786296298,0.4826590414783162,463,884,463,1594,0.5545796737766625,0.39329241387224123,0.38942231291361806,0.8305671461383438,0.3135188113167934
-93.85518933750818,-115.63717835064655,0.4813124475950116,628,747,635,1594,0.46863237139272274,0.38744548341895946,0.427987313255721,0.8381726914918115,0.3194217432104916
-126.08372799450724,-115.74454126551994,0.4857718250503751,504,851,535,1594,0.5338770388958595,0.3922738302073,0.4103577554985378,0.8453299126779622,0.30576583757240244
-127.84680503343206,-115.89795810233099,0.484687114536539,504,878,504,1594,0.5508155583437893,0.42399193568598775,0.4263585646249559,0.8344423028596927,0.3186053006738101
-87.98436166943958,-115.68863219919534,0.48899826626555254,581,766,611,1594,0.48055207026348806,0.3831047753609258,0.45289017028770145,0.8228871603691182,0.3042094886835815
-110.71956482059987,-115.40168718856877,0.49206810096458653,554,819,569,1594,0.513801756587202,0.38429714730267933,0.47564501983595703,0.8057372754089333,0.30481887851648815
-86.66792402766339,-115.15129427159553,0.4946654790387495,611,755,645,1594,0.4736511919698871,0.37324998360247924,0.44250314943459856,0.8384927266380728,0.31854235696085986
-136.45192394355925,-115.43614082447232,0.4897094728800298,451,891,451,1594,0.5589711417816813,0.3922980200540555,0.3979620971620619,0.8215351216816064,0.3100918387278209
-90.97836370079443,-115.44448802855362,0.4940615333161793,600,750,601,1594,0.47051442910915936,0.35426252551672904,0.39784606422169383,0.8431010416662237,0.3252505522029779
-91.27220899519286,-115.24160197774484,0.49999810144945095,602,756,602,1594,0.4742785445420326,0.35654614396719286,0.422674930172064,0.8229642529263262,0.32616955564208444
-109.68112035151145,-114.8640575394481,0.5029315145289719,494,835,521,1594,0.5238393977415308,0.37329580931445117,0.40921119211876616,0.8146980205001061,0.3147520250833972
-137.84865218763585,-115.05130652276551,0.49931492587579973,433,897,440,1594,0.5627352572145545,0.41588365431067137,0.40737469302382506,0.7721000001867923,0.2747733289878941
-137.4267592212651,-115.38460004430188,0.49762011191844585,457,899,457,1594,0.5639899623588457,0.3989237176721442,0.4203126652454401,0.8244427492142191,0.31332314525223653
-128.54665803405837,-115.09356241268033,0.500142841877533,456,881,456,1594,0.5526976160602258,0.3886554667779815,0.390612027487537,0.8215429630134703,0.29695613300320406
-130.0848021636124,-115.14458469349485,0.4994050105012946,459,889,459,1594,0.5577164366373902,0.4024944938721227,0.4360914862128316,0.8178154335313472,0.3180820366015826
-92.83037374572542,-114.97574591895909,0.4882829764671272,597,772,602,1594,0.48431618569636137,0.37615943456300976,0.47273022615364657,0.8299682531365811,0.30038633961570926
-137.62692415814237,-115.41746282832662,0.4858645595587114,449,881,451,1594,0.5526976160602258,0.389891131100239,0.41243862831067263,0.8304865859602523,0.31636780803284353
-103.13116634024423,-114.98811465055809,0.4850497443545017,553,819,568,1594,0.513801756587202,0.38932879491793143,0.4301085218541564,0.8214568676129574,0.28872429621359724
-78.67894084394905,-114.769724585812,0.4822655537658738,615,741,623,1594,0.46486825595984943,0.3736860970564959,0.4128392434971335,0.8006984278060908,0.2945120564297678
-133.44189345186828,-115.08569342429526,0.4764955493196373,443,883,465,1594,0.553952321204517,0.4081002815824909,0.4278341217418797,0.814213726939199,0.2964448025982731
-140.1956039262918,-115.06828976856268,0.45842282952048213,420,929,439,1594,0.582810539523212,0.40807015780481043,0.4449617100900205,0.8394495594516407,0.33194916427670923
-91.60439948561432,-114.76591602042369,0.45281404987284185,596,781,603,1594,0.48996235884567124,0.36256005482677733,0.44964025848563344,0.8525474812116332,0.3140110191373396
-85.51539331371718,-114.56625577883479,0.4590292538321471,611,767,612,1594,0.48117942283563364,0.3636728612173132,0.43359046095632314,0.8368863636785399,0.3115242620136606
-86.44989513377396,-114.61336802562964,0.46861008075349764,603,771,610,1594,0.4836888331242158,0.3713137031802841,0.413126273741976,0.8230465210146738,0.3080733696868049
-111.96923553264436,-114.38195560346212,0.47852744272426173,536,825,537,1594,0.5175658720200753,0.3785180171441702,0.4264503761193123,0.8368555615994206,0.31632040000354233
-113.6033520469772,-114.27710074942429,0.4861444690677055,485,894,498,1594,0.560853199498118,0.36960321917225786,0.473365157483346,0.8051143734299232,0.3017621028693342
-110.6412472458157,-114.13453224237597,0.4917634248381668,545,834,547,1594,0.5232120451693852,0.3705384360565134,0.4391300246521987,0.8548302970247507,0.31066484994926874
-112.51873110126019,-114.18187824131927,0.5015723696143155,519,833,531,1594,0.5225846925972396,0.3761585270136253,0.4677897286279217,0.8322572892122606,0.3194342166652952
-130.68926228078277,-114.10922254299396,0.4965460388975717,497,855,498,1594,0.5363864491844417,0.3789880021498988,0.3894011812502059,0.8246312005813631,0.30310125203162375
-122.93460755451667,-114.18939335055522,0.49285911889181344,553,823,557,1594,0.5163111668757842,0.39279960093053423,0.44112936041328643,0.8587322540033008,0.296939192578855
-119.28253475709187,-114.2766257752994,0.4948698085574029,509,824,509,1594,0.5169385194479298,0.3980061133059049,0.4531560936352633,0.8357634668233698,0.2953286050053731
-97.31536475501979,-114.18279277923472,0.4942911546844544,582,769,584,1594,0.48243412797992474,0.3788978560039718,0.4006921308081036,0.834266360635926,0.30448680733654193
-100.40911753652655,-114.09894316326908,0.49251164535551994,590,749,591,1594,0.4698870765370138,0.3802462373524992,0.4188714580900116,0.8211562939781816,0.3151710794165743
-124.08674070146209,-114.22512165694107,0.5002104485602994,488,874,490,1594,0.548306148055207,0.40126943284010447,0.4411712497812282,0.8306342507390645,0.30199163365890386
-131.29436305986493,-114.17833130741379,0.4790936708876887,472,877,472,1594,0.5501882057716436,0.4124237568190376,0.4208877403772756,0.821308654810053,0.31897119261052753
-113.55826203286513,-113.94602376048938,0.4822395989290431,540,806,542,1594,0.5056461731493099,0.39413360412101384,0.41053446570158114,0.8274035863394157,0.3242232740109214
-84.87902218718412,-113.71086454171856,0.49531724630562235,635,752,650,1594,0.47176913425345046,0.37748314072498906,0.44082664220540096,0.8387210981938636,0.30974744246815483
-120.8790984120987,-113.80488708242922,0.49318554033970785,536,824,547,1594,0.5169385194479298,0.40867416720075717,0.42691661619728116,0.8454395801316008,0.3042002185912208
-110.41950943032948,-113.9307735433919,0.4977608169816385,547,803,548,1594,0.5037641154328732,0.387015681411013,0.45084493435583234,0.8277441778503897,0.30107375622347493
-155.5271041729838,-114.26708357638213,0.4964450981126257,419,928,433,1594,0.5821831869510665,0.4431340296372789,0.4450677222298458,0.8325974709988252,0.31457343473587296
-110.0095269301432,-114.15010155068845,0.49656672461733237,583,783,591,1594,0.49121706398996234,0.4046861010407392,0.4266740072218446,0.8781386013867695,0.3379046568644009
-106.34438345528137,-114.13778719560169,0.49733211167703106,540,833,548,1594,0.5225846925972396,0.39281976739217045,0.4430033177802348,0.7919345654030946,0.28484001804770065
-103.91056564526362,-113.93963809622028,0.49617916062919887,576,773,580,1594,0.4849435382685069,0.39279706606555764,0.416955970221811,0.8577777295017345,0.3257940260980328
-113.15368265135021,-114.09177916364402,0.4961170679362295,585,774,615,1594,0.48557089084065247,0.4321801507906352,0.4435787047157137,0.8465518217342023,0.3151643423608206
-108.06937763952236,-114.06334408053162,0.5013608807264552,555,817,570,1594,0.5125470514429109,0.387228713460836,0.41730005012114507,0.8430604147060498,0.31687781361858197
-136.56218675211915,-114.1165798139684,0.4993099659495968,414,931,437,1594,0.5840652446675031,0.43174932808660915,0.4206595756263367,0.8039522918090939,0.3070373708928848
-107.29814361593948,-114.01192504267166,0.4994295545952772,548,829,549,1594,0.5200752823086575,0.39332268237889917,0.45313435827316356,0.8047432531461639,0.3166484298404916
-150.92837837914175,-114.35842951624582,0.501660443830638,417,914,431,1594,0.5734002509410289,0.42514687310641636,0.47223750742839227,0.8315563590629238,0.32754778910087395
-142.67285948997974,-114.92624272616688,0.49751987270215453,463,901,467,1594,0.5652446675031367,0.4107460131186901,0.42209464089243603,0.8567865320398029,0.326296032749889
-105.85812403717256,-115.03840348061243,0.497534365682316,590,795,591,1594,0.4987452948557089,0.3820008289868624,0.4187111234734071,0.8411821426712801,0.2976422710328992
-131.81884596197233,-115.19497643352908,0.4979077025889136,425,921,427,1594,0.5777917189460476,0.4004783914625285,0.4076586858760707,0.8271147556450776,0.3206312852740952
-113.87823806430875,-115.33696794758498,0.5004873163754349,511,828,517,1594,0.5194479297365119,0.37952212355744447,0.4585762373166464,0.8218227591264603,0.30320119356079556
-111.96330066733964,-115.1594264366142,0.5000642936530787,526,816,532,1594,0.5119196988707654,0.40149545614200766,0.42904046239718885,0.8183264981102228,0.28878394909671007
-90.89006269988012,-114.96087887444736,0.5072507062691564,594,785,616,1594,0.49247176913425345,0.36773062608038914,0.4730488102860234,0.8538545475592882,0.31754101740593726
-147.8572039536929,-114.80027984091956,0.5108858047935196,418,931,446,1594,0.5840652446675031,0.4212696230593335,0.43951908334537126,0.835198533714895,0.32419481331658745
-135.72778048185546,-114.88086821067633,0.5135868684829024,493,873,496,1594,0.5476787954830615,0.40342188254102046,0.43226164521901617,0.8627211911734003,0.33550866542711066
-118.75872485973673,-114.79565511610761,0.5144292134570481,475,879,500,1594,0.5514429109159348,0.3907374917025773,0.44589222767751596,0.8504010248309442,0.3048818688202063
-99.65658325910769,-114.80554072176594,0.5106156472679032,557,775,559,1594,0.486198243412798,0.34781799106253874,0.4551280587987229,0.8367260787292863,0.3287694851022867
-104.25391864940804,-114.62304133816654,0.5062353714673654,526,849,534,1594,0.5326223337515684,0.3602137446729639,0.4067023745606722,0.8312458512206389,0.3152441063241414
-128.00332822238187,-114.90277785010448,0.5074665766327151,464,861,485,1594,0.5401505646173149,0.42662674928025646,0.393370542655685,0.7917829981989334,0.29773616884562754
-146.97784018892986,-114.85277499232849,0.5150591180704003,439,915,440,1594,0.5740276035131744,0.43143997157121206,0.4419876101337548,0.821758645210663,0.30537164180775633
-102.80777527948368,-114.90424848322826,0.5127711515486422,599,780,600,1594,0.4893350062735257,0.3901511542220302,0.41719152202470916,0.8385140662883425,0.3072218303325293
-98.33364766509523,-114.85380834776514,0.514878098250441,571,801,578,1594,0.5025094102885822,0.3658200601945517,0.4558329722403372,0.8287738809501551,0.3002113434225819
-104.37151844368348,-114.89543719906612,0.5300542408834764,575,796,600,1594,0.4993726474278545,0.39102215411162444,0.4272170340744344,0.8395568119148411,0.314226119821427
-135.1024956854142,-114.83415947448215,0.5328479886780265,490,861,492,1594,0.5401505646173149,0.4320732335815676,0.4551697283543816,0.8432008227932178,0.3082460248852478
-140.79276986716312,-114.7856791986805,0.5350282667936935,459,870,460,1594,0.5457967377666249,0.4165938266034378,0.4296992584167021,0.812322084426675,0.2709500637838653
-96.89132651220055,-114.94762301973898,0.5461967936356702,627,770,635,1594,0.48306148055207027,0.35239526687042994,0.4369805566146783,0.8369525316903931,0.3312988035279607
-76.16507259080662,-114.43356751157769,0.5520189466504062,621,740,622,1594,0.4642409033877039,0.3515195613078932,0.4259352548576211,0.8291936419630145,0.30913535611657433
-129.23560917268208,-114.78864331804502,0.5531486374857889,479,887,479,1594,0.5564617314930991,0.39220597331160956,0.4004187335479392,0.8026584483147667,0.3007366652668551
-100.56425417185737,-114.77812287991426,0.5622399282188111,564,811,564,1594,0.5087829360100377,0.3794013824918329,0.41469604706775187,0.8408518443517243,0.31690982836058795
-115.38937240414405,-114.71145398365942,0.5641126181162491,537,806,559,1594,0.5056461731493099,0.42246848751979765,0.42933469767111876,0.8168255949858244,0.30072997138056473
-114.11992247691833,-114.71795258046004,0.5741747613963377,535,836,546,1594,0.5244667503136763,0.4010375858075324,0.4341577963754872,0.7865011529012819,0.2875282815256383
-151.8459114702179,-115.19025083678173,0.5750925330328375,395,971,423,1594,0.609159347553325,0.395468401251635,0.4048304166820036,0.8459473612711556,0.32607694718965935
-77.22444381418283,-114.75425288643432,0.5818271532714201,643,714,651,1594,0.4479297365119197,0.3630404363558149,0.4559977739098861,0.8113985453274815,0.3039543432787571
-107.90273201299118,-114.5631445314741,0.5809671635490105,545,823,559,1594,0.5163111668757842,0.38120992520276137,0.4311429267975387,0.8453496982546658,0.3306104285820806
-118.78192233320239,-114.42219421133015,0.5813104362125245,513,851,515,1594,0.5338770388958595,0.39035100017250324,0.44214339025342,0.8499889026877003,0.3148756681447303
-99.80429649019058,-114.44247264459904,0.5837356042655947,576,797,587,1594,0.5,0.36290532074805226,0.4330339694491323,0.8549558952494287,0.31600953936163706
-97.82553164967504,-114.39518226447906,0.5866234225306831,534,831,543,1594,0.5213299874529486,0.34634931575453415,0.43485153092616424,0.8163498026102958,0.3135159105570916
-116.48904021982084,-114.14611522200073,0.5936753251392651,495,870,495,1594,0.5457967377666249,0.37612938431640325,0.44635006092531393,0.8305487756931339,0.30691462175483825
-102.1070957636522,-113.8723426009316,0.6073458911593225,593,778,607,1594,0.4880803011292346,0.3809667938293752,0.44724818401648964,0.8386779770772428,0.3126972261337511
-93.25367460701814,-113.64766326115623,0.6053365988522633,602,784,615,1594,0.4918444165621079,0.3835220834572272,0.41063766070150676,0.8259098938955621,0.30802471588427044
-96.30364648237472,-113.29980191170391,0.6055585935857185,582,777,606,1594,0.4874529485570891,0.3929518898373347,0.42235594504478274,0.8268784106314128,0.31594535230458937
-105.854130864347,-112.97535357017404,0.6078926455117878,588,768,597,1594,0.48180677540777916,0.3923524246471443,0.44456872124039815,0.845437108616784,0.31849676751884276
-136.43609885065308,-113.35284985286063,0.6035933612147916,508,856,518,1594,0.5370138017565872,0.4359355848750973,0.4227782407655188,0.8445726355265389,0.32713660494145297
-122.49242262374895,-113.53611387149613,0.6011324820765425,528,858,551,1594,0.5382685069008782,0.4181830071742364,0.4674397179085805,0.8447050597383714,0.3157005008852964
-127.22078548871102,-113.73083966660947,0.6031255569516262,572,812,580,1594,0.5094102885821832,0.4475855870100489,0.40459876936743794,0.8476474545042542,0.31582416864377194
-135.26553922683053,-114.19806720301425,0.6103785520375135,433,906,452,1594,0.5683814303638645,0.40278571602262525,0.39748367952344266,0.821350722800284,0.3057541455761909
-110.75336606753379,-114.22716299859408,0.608875373558008,524,821,539,1594,0.5150564617314931,0.39054061728653694,0.461944431461677,0.8388321047569954,0.30682646866908914
-108.65233324484771,-113.79223344865996,0.6085840765542909,542,801,555,1594,0.5025094102885822,0.4086999721552631,0.41879763342132587,0.8454619874596602,0.33018455967522353
-125.14888512443389,-113.84945539562015,0.6100737207904662,460,893,471,1594,0.5602258469259724,0.39680220615584394,0.43612768867795576,0.790165034114063,0.30671510006402364
-127.48758331969181,-114.27720404748808,0.6220779267538741,478,877,478,1594,0.5501882057716436,0.40123108246269495,0.40646161636037303,0.8165867008401549,0.3108316298020492
-101.45823713618032,-114.2651978105784,0.6231114348121777,533,819,545,1594,0.513801756587202,0.3755521055317433,0.4663022444046393,0.8166030555873146,0.2988538339437243
-118.77053618557093,-114.08273768581417,0.6279517782665658,517,830,555,1594,0.520702634880803,0.38029427275498773,0.422372928033468,0.8559866696342997,0.3239770143139192
-98.13950802157241,-113.96063474075066,0.6309101351315328,584,783,590,1594,0.49121706398996234,0.3808340304070697,0.43768713278324317,0.8435035352337681,0.31623443769395304
-148.93504701759522,-114.09564165177434,0.6304386034188502,425,924,425,1594,0.5796737766624843,0.44003658152255737,0.4512895233764195,0.843392337846645,0.31103550536244823
-102.80810684952729,-114.41371290710151,0.6356438217838837,588,799,601,1594,0.501254705144291,0.40191704329793937,0.420695081747635,0.8348250516301573,0.317247175537731
-129.7389670584337,-114.57187393015249,0.631942646705562,491,862,506,1594,0.5407779171894604,0.40368546934353555,0.43986522180230453,0.8375522535458101,0.3170989148756567
-90.31249778656685,-114.2488355388319,0.633900186638177,625,744,637,1594,0.46675031367628605,0.37949656074972266,0.4227954148469774,0.8483458611485313,0.30824585630243145
-127.43868164334991,-114.40034000915908,0.6339017415476169,475,889,503,1594,0.5577164366373902,0.4074597648165438,0.4009459497258,0.833234760152596,0.29984965395993374
-111.60317588636117,-114.5483449335841,0.6322110399432633,537,837,544,1594,0.5250941028858218,0.39948201376102704,0.4134380712071173,0.8141092925371071,0.2990313900792277
-112.51111725119554,-114.35862339051984,0.6326520918664607,529,832,534,1594,0.5219573400250941,0.39202591156946287,0.4501164754764244,0.829155589085925,0.320632518151133
-107.310038474545,-114.49317188189019,0.6276957416168011,549,805,554,1594,0.5050188205771644,0.3828037746684167,0.4278876300849731,0.8206705008833829,0.2952234415481419
-117.6918656673091,-114.40925325861822,0.6240487412968979,490,844,498,1594,0.5294855708908407,0.4149423779344295,0.43130338125669837,0.8208004019802769,0.3097655428069262
-117.18433491516764,-114.30262855743557,0.6301052972717094,532,837,538,1594,0.5250941028858218,0.4126588042624226,0.4176452867538793,0.8271905462015785,0.29666904246660153
-108.37026469120399,-114.50648758765323,0.6302437658239796,520,855,532,1594,0.5363864491844417,0.4138462902285387,0.4246732387561333,0.7859816063049628,0.29493122683890577
-96.94098901677869,-114.36870182961502,0.6295927152112409,577,760,585,1594,0.4767879548306148,0.3813103539230021,0.43307301140326443,0.8357309004124982,0.3159023120240239
-101.30418206916458,-114.51506441003002,0.6219324303731605,640,741,645,1594,0.46486825595984943,0.4108052988664076,0.4333332809854303,0.8632301889631869,0.3283922864835366
-139.1134750482378,-114.5416799210768,0.6334680016928815,408,925,427,1594,0.5803011292346298,0.4061579175898337,0.47114505984040483,0.8256947592244686,0.32500162727366333
-138.01867239688272,-115.01208300803769,0.6460505959058607,468,877,473,1594,0.5501882057716436,0.435851319648336,0.438704715406187,0.8349951655169817,0.319087935132744
-125.596130381839,-115.35532222190415,0.644848014185107,482,856,488,1594,0.5370138017565872,0.4083636827264002,0.4391227031190456,0.822704053974502,0.32511485738142926
-91.7227175058661,-115.17573819344769,0.6447263901588507,587,777,591,1594,0.4874529485570891,0.36474392804107364,0.4168448315372666,0.8317502319159894,0.3308529846087827
-118.44616315771819,-114.98171330314854,0.6497203129563293,494,852,499,1594,0.534504391468005,0.3920024765725358,0.4259363413893998,0.8300359960176418,0.30480366625983035
-122.58024131641953,-114.83324812410007,0.6465432871920584,522,843,522,1594,0.5288582183186951,0.36008203643720826,0.3958072980178423,0.8678463211830376,0.3202830529254671
-146.60992220955342,-115.013880765855,0.6521035839435797,430,953,437,1594,0.5978670012547052,0.40696545319630206,0.4153400658343176,0.7785912833399923,0.2939817884378726
-105.85822129696311,-114.77161495718852,0.6710929356740006,532,852,540,1594,0.534504391468005,0.3801120689708116,0.4474067007355985,0.8549846394487967,0.32537035853503604
-147.50732186853833,-115.31838443841666,0.6622480470628421,385,955,419,1594,0.5991217063989962,0.4124221388726333,0.42106954134279856,0.8193099318854412,0.30068669168777573
-101.83513538792742,-114.9604665507145,0.6684489679324535,565,785,566,1594,0.49247176913425345,0.39033120024816365,0.4208712665601231,0.8238094272342544,0.3055361360932906
-95.34548473831197,-114.88260973469518,0.6683256495116112,573,782,583,1594,0.4905897114178168,0.3558810983199755,0.42777751897970145,0.8357482555034345,0.312817822852983
-131.2523781640449,-115.40834410789614,0.6716842095783301,473,887,476,1594,0.5564617314930991,0.40178552327806005,0.42962828447494816,0.818110900791084,0.29716983538156305
-124.72158069644478,-115.32114098034191,0.6757174927902034,463,864,479,1594,0.5420326223337516,0.42688025834042786,0.44966534228758603,0.8081894448448121,0.28618094312917697
-106.29968186596246,-114.98218175973861,0.6842621318775673,569,804,570,1594,0.5043914680050188,0.3694779583585257,0.44871685938889766,0.8304148621493465,0.28248587485102844
-107.86697316771854,-115.14480749655966,0.6787560276231371,533,816,536,1594,0.5119196988707654,0.36194741925076174,0.4540065803465077,0.8355500743051261,0.3202397523419685
-133.29031016380745,-115.62255666506057,0.6722974796891776,426,926,426,1594,0.5809284818067754,0.3747846039458427,0.42703583730333167,0.8033177494311682,0.29935499588665254
-100.2163378672634,-115.76022109239544,0.6662006777713301,540,821,556,1594,0.5150564617314931,0.3770147350570859,0.46110814784736837,0.8346960912812297,0.3158769301190367
-100.4910206167179,-115.64543894323619,0.6568547962684851,603,794,605,1594,0.4981179422835634,0.38540946937177767,0.41347843235715703,0.8570390143263685,0.3267072667626448
-125.58435317260333,-115.76524895449245,0.6535967425678657,537,811,538,1594,0.5087829360100377,0.4175909382381675,0.40789706214248567,0.8573814039355424,0.31231167075845445
-154.33330898987577,-116.20216957193304,0.6542419793240051,411,921,424,1594,0.5777917189460476,0.401821525308441,0.4596479920900377,0.8199032709838855,0.3139323202408682
-148.08522924602693,-116.55783455338073,0.6426656671492447,438,906,447,1594,0.5683814303638645,0.40275127349493917,0.4184659998337801,0.830659350897558,0.313986661282695
-109.61204955997314,-116.34706242617263,0.6428268949927659,574,802,576,1594,0.5031367628607277,0.375685015332171,0.4579548354828634,0.8128828242255675,0.2843601887137992
-106.96078493597797,-116.18732419998722,0.6409235471474816,536,799,538,1594,0.501254705144291,0.383573075866375,0.438037834607492,0.8017892130776287,0.2945178225797085
-122.81138275717034,-116.22261267998802,0.6299574844944863,512,863,513,1594,0.541405269761606,0.37145283155329806,0.44208548060298114,0.8575295517872759,0.32852331565110865
-113.52885284491495,-116.38474756088695,0.6298670182057028,500,832,511,1594,0.5219573400250941,0.381458497722041,0.40471132436887775,0.8165097733181104,0.30969549850697903
-127.19711371161483,-116.65262752263783,0.6324513430026673,448,891,449,1594,0.5589711417816813,0.3752130261506627,0.4064494635835167,0.8092113678967913,0.29890444435918667
-95.35521922118188,-116.36531230783503,0.6256666328764164,578,773,597,1594,0.4849435382685069,0.3701068253529072,0.4454345028049948,0.8585218847951032,0.3237438656503913
-108.04089708014602,-116.13277764803783,0.6280656301729283,572,797,579,1594,0.5,0.37654408537069195,0.45644928978213073,0.8282871997712711,0.3062259153983071
-115.03359108835367,-116.14753093859274,0.627027518358973,492,839,497,1594,0.526348808030113,0.40466918726204787,0.3999052020980074,0.8210272156360293,0.28427354395038423
-97.35213382030032,-116.2722620549239,0.6193894048063572,598,766,600,1594,0.48055207026348806,0.3842255389741709,0.42453815686205604,0.8345945350483356,0.30644444136988797
-95.9968295407293,-116.02343936621018,0.6177962952115196,562,811,562,1594,0.5087829360100377,0.35742310078823947,0.41232502172056107,0.8311979263537791,0.3070182720365358
-111.81831407202928,-116.03742741262721,0.6170880217935848,536,847,539,1594,0.5313676286072773,0.37271158841688223,0.4407342566000892,0.8076808516918966,0.30203103101371254
-98.04938537477133,-115.46265022464507,0.6237337699723974,542,814,560,1594,0.5106649937264742,0.360550695843024,0.46241661908902376,0.8116774132131908,0.320614638739491
-97.08726510311482,-115.33342760637478,0.6318487833258278,554,781,572,1594,0.48996235884567124,0.3689884085079484,0.4490616704641138,0.8614071265295652,0.3128239094406811
-113.32338204536056,-115.4032175922756,0.6396916704711962,481,874,499,1594,0.548306148055207,0.35954881036697334,0.44478895570220445,0.8289168779626745,0.304093239298216
-117.5876017661615,-115.53998795348458,0.6362711535157619,459,875,475,1594,0.5489335006273526,0.37242319884655384,0.43295012846650954,0.8149694210365545,0.28929209238840947
-127.28375739284053,-115.68128870089947,0.6386602546713778,456,893,458,1594,0.5602258469259724,0.37271056681740605,0.42528213153579947,0.80567708165751,0.28298516863098705
-114.19832504929354,-115.74257817499719,0.6382711613802199,528,840,540,1594,0.5269761606022585,0.39917522312215853,0.4315548159869878,0.8210531540068399,0.29676546573655943
-114.8270470479603,-115.52522677795558,0.6436155974941397,559,815,560,1594,0.5112923462986199,0.3920931071437368,0.4455181299502871,0.8256512593013586,0.3088604346913173
-83.2655500604775,-115.28490084240097,0.6455608033275323,672,707,673,1594,0.44353826850690087,0.38020884099057295,0.418454974950322,0.8537549967446173,0.32160427777693706
-138.62571671062733,-115.16187422571583,0.6394374211499798,466,858,490,1594,0.5382685069008782,0.44425661810091394,0.41164018786312373,0.8273301523864043,0.29551021604449845
-118.61404758454998,-114.92128610666151,0.6505999143908909,555,792,557,1594,0.4968632371392723,0.41323424336808906,0.44459137725340214,0.8438259148713652,0.3151680153044389
-105.04654771253243,-114.91317034341512,0.659761263044636,592,790,596,1594,0.49560853199498117,0.38704211734630484,0.42901342798404624,0.8330935056005838,0.31321089221607895
-110.94353934762552,-114.70441727727166,0.6628108042235804,587,766,600,1594,0.48055207026348806,0.39255947298973404,0.4557257078440142,0.8175834077292099,0.29421804852826594
-116.95899066539546,-114.7352248032825,0.6610534426291933,529,831,536,1594,0.5213299874529486,0.39371030642943217,0.3908877408537981,0.8452129890856167,0.32943645603465566
-96.10599895858464,-114.57665178619496,0.6625393145895846,613,772,623,1594,0.48431618569636137,0.36937899604308305,0.42934720567432577,0.8426619481829466,0.32582552508737866
-102.27847933905645,-114.69053595258673,0.6548125660869565,571,795,577,1594,0.4987452948557089,0.3678406407938037,0.4310406244426067,0.8418017557862877,0.3138255913160753
-111.53271614691859,-114.327291074519,0.6517266884699047,549,823,557,1594,0.5163111668757842,0.38369825004636504,0.4133036386860717,0.7966123314359602,0.30830807871306626
-111.71436092107255,-114.08715687891117,0.6576119396980369,540,824,571,1594,0.5169385194479298,0.37592605722383865,0.43205633180998143,0.8374761731035726,0.3156138227763141
-87.26538404537548,-113.77222347076754,0.6553289225166968,625,745,633,1594,0.46737766624843163,0.3782843332636562,0.4118637773672049,0.8603330915817983,0.3103409327606739
-106.15946442396782,-113.83725228241617,0.6554864155747434,536,833,565,1594,0.5225846925972396,0.396390752032927,0.42066485441264406,0.8266822505966616,0.29360017068454786
-116.34810565705872,-113.95819415249265,0.6587822720267493,545,833,553,1594,0.5225846925972396,0.3941406254966513,0.4093793428715364,0.8557490471819603,0.34476876365548437
-101.90454290391533,-113.697206299308,0.6584316754460899,590,765,609,1594,0.47992471769134254,0.39255307739244955,0.4451811896238613,0.8331778162940368,0.31782211635771523
-132.38659422461438,-113.55129383966485,0.6579755068790893,465,892,486,1594,0.5595984943538268,0.40362986993011996,0.43933290529240426,0.8527523684774394,0.3261088969252584
-128.2972976781395,-113.8061890636514,0.6598906604568913,462,909,465,1594,0.5702634880803011,0.4122602611958023,0.40722274107589773,0.8120390878116076,0.31898495790813647
-112.53655839951952,-113.94821817099566,0.655242171259468,536,841,538,1594,0.527603513174404,0.39320747328449673,0.4387002489546894,0.8353555981466506,0.3073038020717249
-109.14044394927858,-113.99590742605159,0.6401113122848976,514,859,527,1594,0.5388958594730239,0.36182169537566505,0.4141702916722977,0.834024378061569,0.3104010057613304
-122.13329947503306,-113.86621546394777,0.6399913326239044,486,861,507,1594,0.5401505646173149,0.3892495811949956,0.412354336666064,0.8173879166604556,0.30077297100472494
-151.69339114494602,-113.97522167672561,0.6502742075385071,475,868,489,1594,0.5445420326223338,0.44145366627415095,0.42282055920921036,0.8410480696747431,0.298024140703294
-127.42109441423557,-114.28051935574597,0.6354649258697898,495,849,496,1594,0.5326223337515684,0.38777591176851006,0.4446961142098611,0.8315378739775613,0.31792641601408916
-143.8129423206399,-114.9569980530443,0.6311808970712172,457,892,458,1594,0.5595984943538268,0.41477229858506476,0.4251253797155691,0.8092342317893232,0.30622979979645876
-102.72883682445472,-114.69193032956204,0.6358893070632827,610,755,620,1594,0.4736511919698871,0.38281695735466925,0.429940930301031,0.8398638892784877,0.3113820796083681
-117.55287489645431,-114.86181653680798,0.6309058509646376,494,863,511,1594,0.541405269761606,0.36985793241154596,0.4287046886755847,0.8153417161401562,0.2887198352263774
-109.742901931663,-114.80535183208316,0.6363271864887236,562,798,566,1594,0.5006273525721455,0.38603324659520233,0.45012672990059344,0.8407895274953178,0.32552339423264515
-119.2097544793754,-114.85625015210775,0.6336225256284471,507,848,507,1594,0.5319949811794228,0.414967690706116,0.4599853369730532,0.7924946891148762,0.30054399085658673
-130.23814390124267,-114.64017247641799,0.6348272289657109,478,882,479,1594,0.5533249686323714,0.40579034420984395,0.4089358067537284,0.843214999671385,0.3271107994443138
-122.23487728556822,-115.09027681113184,0.6251634664828369,523,826,523,1594,0.5181932245922208,0.42173041861193694,0.4401726068136901,0.8247091229278305,0.3183640964593696
-123.64648369178481,-115.24771432791978,0.6268298020799257,490,868,492,1594,0.5445420326223338,0.394216347212931,0.4661814832428008,0.8319704846272279,0.31645857548827455
-116.17012993062264,-115.22159640389398,0.6284767624683896,529,842,531,1594,0.5282308657465495,0.37139781498505553,0.4654194291191763,0.8178783920188512,0.31132398704903447
-106.26024741570802,-115.28615591314916,0.6351633164331901,533,832,534,1594,0.5219573400250941,0.3657750003715146,0.4475396546246985,0.8138598854996951,0.2961388271757503
-94.50802135034121,-115.2529808101558,0.6410887408945628,560,837,561,1594,0.5250941028858218,0.33799798699489525,0.4334439035721248,0.8628584124123607,0.3069742417406606
-104.17655473623485,-115.12985595531997,0.6333260860106441,496,843,497,1594,0.5288582183186951,0.3834168838361419,0.4592243600796919,0.7983216368912011,0.29669841540455083
-120.90913350211147,-115.31787633270456,0.6276030878528749,478,855,482,1594,0.5363864491844417,0.37435438504513663,0.442524619141796,0.8206301092200046,0.2946752642279516
-100.12631967689046,-115.38660278340329,0.6253800869266049,529,835,541,1594,0.5238393977415308,0.3609554709712907,0.45517219644373524,0.8348164102168555,0.3267745129673489
-120.87533039808861,-115.63231962256043,0.6285033930215321,490,859,491,1594,0.5388958594730239,0.3757276356884171,0.4174889818263876,0.8576215306961719,0.3304780285084453
-145.18981903477177,-116.02567650426465,0.6358514969054959,477,871,478,1594,0.5464240903387704,0.41972400768400614,0.40640951680036747,0.8407869879586723,0.32159248053257533
-151.22271860111852,-116.1735427017693,0.6348124781461361,392,939,409,1594,0.5890840652446675,0.4311469579659186,0.4409433535268363,0.773815164682639,0.29292576973803536
-96.62791649982456,-115.91489764053007,0.6335735001767052,579,812,588,1594,0.5094102885821832,0.3650349334553121,0.4300684390775035,0.8105832248816358,0.30153318997182216
-100.1857604383749,-115.64454739002672,0.6311401524383818,561,829,563,1594,0.5200752823086575,0.3732433764467841,0.4393661819810357,0.8218296401035833,0.31250090044158424
-113.7602905673314,-115.42949490343173,0.6270280262103869,516,847,518,1594,0.5313676286072773,0.3896735193983796,0.4252301650771373,0.813033289069061,0.2893216785804987
-135.06317391991783,-115.67259298195557,0.6256930877885328,457,891,473,1594,0.5589711417816813,0.4015953734749802,0.40492323005995934,0.8165844639541281,0.3123527693722883
-94.57495707053604,-115.53181922021245,0.6269286468421017,589,777,614,1594,0.4874529485570891,0.367994429469527,0.41652456436479784,0.844742251345077,0.31615390268830473
-111.47849078206978,-115.39511527678881,0.6277510557153222,547,830,561,1594,0.520702634880803,0.3990566690201742,0.4513243205745434,0.8376048310617231,0.3092043445962351
-145.80975915331996,-115.5783370351251,0.6323072600831348,429,920,452,1594,0.5771643663739021,0.40435276914810686,0.4282474352084489,0.8325851646438241,0.31821979713445653
-109.43591413177128,-115.65811380508102,0.6374737233422949,529,854,531,1594,0.5357590966122961,0.3768984218808855,0.426964792463533,0.8189992195787825,0.3414759401275426
-142.62398996071303,-115.89664834283244,0.6319888696838024,448,890,477,1594,0.5583437892095358,0.44149381599394966,0.43586369149707044,0.8411099512321693,0.294157347535096
-103.28899670574881,-115.9481432296742,0.6338428726942946,623,743,630,1594,0.46612296110414053,0.4084040326947554,0.43725995565806364,0.8254906782233228,0.3132872140182095
-130.9429778149746,-115.76822253764799,0.6266687595984255,500,852,510,1594,0.534504391468005,0.41863996092077593,0.4315240683282136,0.7948029859475331,0.2630551717796185
-145.7566315999479,-116.1977077851522,0.6269902545309584,438,896,438,1594,0.562107904642409,0.4002823455036161,0.47644256923283285,0.8266336577057198,0.3079309590614992
-118.11100563918068,-116.08142817095968,0.6306727917873365,526,844,539,1594,0.5294855708908407,0.3956925937970299,0.4355350117106206,0.8354653035515783,0.29746179133425515
-81.4344251429484,-115.9926474445235,0.6314189656238858,637,752,656,1594,0.47176913425345046,0.37076209702999924,0.43572788815268587,0.8469359725114828,0.3417350097230547
-144.4870190555326,-116.1631308186453,0.6300596870957386,420,920,468,1594,0.5771643663739021,0.4036723121164673,0.4213793403036682,0.8605355668462629,0.3363408435643401
-106.34704645709536,-116.11056952435263,0.633317084515132,535,827,551,1594,0.5188205771643664,0.38495719007995055,0.43385285565447335,0.8220523304211095,0.30898963837528076
-116.0963349951425,-116.14642170179208,0.6333640151786354,566,813,569,1594,0.5100376411543287,0.3958700277789569,0.4133479727425675,0.8416109273353768,0.3213300675221885
-105.39653989383088,-116.12728671598495,0.6326506650499828,539,821,573,1594,0.5150564617314931,0.39020340029108574,0.40870643661475764,0.8161644607328732,0.31379835496732705
-103.27699393008601,-115.9831379986127,0.6282639099245404,531,821,535,1594,0.5150564617314931,0.36484949690044294,0.44468589915548623,0.8442952688208486,0.3192458564152898
-115.06203800975854,-115.96191502955863,0.6369929991535418,500,840,524,1594,0.5269761606022585,0.3771849839823615,0.4467559284635023,0.852915837375881,0.32459970231572915
-132.50562220572664,-116.20326860470385,0.6380837986438718,499,859,505,1594,0.5388958594730239,0.40171653376861166,0.4080087654383354,0.8375281434651513,0.29892715171047285
-112.46072548256328,-116.35846596936172,0.6419503696873186,469,891,486,1594,0.5589711417816813,0.36052893253454027,0.4014753583772458,0.8223103773378964,0.31478871325009533
-110.48361331878023,-116.45026028185787,0.642696139475992,444,886,458,1594,0.5558343789209536,0.3713689052071018,0.4182617373361993,0.7953826795463536,0.29196266526382736
-110.6082595599257,-116.16520812697476,0.6397702913795558,494,854,499,1594,0.5357590966122961,0.36058233369981596,0.43865680698722503,0.8286181699954507,0.3243794420624946
-113.40944084886132,-115.91911581149456,0.6289253605263155,464,876,474,1594,0.5495608531994981,0.3456723357783893,0.4614206698084152,0.8281014640410925,0.31580338850137085
-130.69193060141833,-115.97007381369035,0.6198530201143221,477,876,486,1594,0.5495608531994981,0.39359042643237213,0.44989518140241136,0.7722416132924432,0.26160438120868007
-112.6720249743804,-116.17956688837549,0.6158926631500896,518,862,528,1594,0.5407779171894604,0.37671858848784984,0.40679737919332687,0.8060183741947101,0.29328317303032436
-111.60463059054821,-116.11115156270378,0.618091914895558,575,789,575,1594,0.49498117942283565,0.38555878046606357,0.41767624122292984,0.816832105138347,0.3048037814832429
-122.12296854426215,-116.10657883498222,0.6179616476285463,551,840,566,1594,0.5269761606022585,0.39617851924911907,0.42411972710892276,0.8455966307082287,0.32246958033781165
-121.72587758071643,-115.85773838869383,0.6180664636672674,498,868,515,1594,0.5445420326223338,0.3941611098671579,0.43614685182983787,0.8330488787851761,0.30780533431329293
-105.18394657157008,-115.8509956414399,0.6152942443677004,554,820,566,1594,0.5144291091593476,0.36622664963959334,0.4457496619351029,0.821925478660385,0.28875076460959476
-130.54009306778056,-115.68132335343233,0.6252469644545221,482,861,496,1594,0.5401505646173149,0.386847976457681,0.43369206272305577,0.8530552902184518,0.33082480585030244
-121.11187724272693,-115.87409077198032,0.6225170712486495,487,864,501,1594,0.5420326223337516,0.39990731639770166,0.43870208788822634,0.8295763345635626,0.3331083520753843
-95.5848926543203,-115.87648485114042,0.6205362572902916,571,792,573,1594,0.4968632371392723,0.3647025077554188,0.48743765254725974,0.8469194994328442,0.32335659472352407
-91.2061032553055,-115.47602210205301,0.6272567646147038,601,756,616,1594,0.4742785445420326,0.3536303051241502,0.435198250081425,0.868104987962324,0.33561101805058396
-95.98209262942432,-115.18862722138282,0.6252776363308932,571,773,574,1594,0.4849435382685069,0.3640166158283038,0.40667920048374795,0.8342797404015089,0.323155492144033
-121.31371035791263,-115.33876750630232,0.6221998596251109,521,847,522,1594,0.5313676286072773,0.3886023093141949,0.38750902496106543,0.8406635631232781,0.3201373342849904
-115.05060750853413,-115.41060384971045,0.6222778276208247,508,844,530,1594,0.5294855708908407,0.3869212485590165,0.44556746637969946,0.81954476295568,0.3064161583347409
-108.9806865594195,-115.1675076136666,0.6156432523393801,548,795,548,1594,0.4987452948557089,0.394773343580487,0.45788209961833554,0.842304067969568,0.31042567055874853
-139.0990100736728,-115.55633433573068,0.6121426757463929,411,941,412,1594,0.5903387703889585,0.3843308510323135,0.43429903760236394,0.7935076259122881,0.2996849461611795
-134.80340664687623,-115.89945819603227,0.6264806072963333,479,896,480,1594,0.562107904642409,0.392682151289413,0.4045423564131131,0.8208629010852455,0.2797782405103753
-102.63511697076777,-115.66996583401391,0.638760511397037,534,847,542,1594,0.5313676286072773,0.3728475457873224,0.4555145493568564,0.8205249587572778,0.32172183845819974
-123.90991831123745,-115.36573192722753,0.6292135629787315,475,863,477,1594,0.541405269761606,0.38882716852752985,0.4565380566049975,0.8428017452868944,0.31656519277770506
-136.2404341059309,-115.24728397582656,0.635258670727897,444,894,451,1594,0.560853199498118,0.3919227988950127,0.38724655802438473,0.8605614338736575,0.3274148944041741
-113.80734762540993,-115.28923695648092,0.635459949587848,488,850,505,1594,0.533249686323714,0.4011806835062949,0.4214616991206404,0.8249246964027162,0.3293265386614154
-111.98287108311513,-115.3394578179523,0.6379416870356729,542,816,545,1594,0.5119196988707654,0.38993719665752025,0.4576988282979895,0.7952453354935258,0.28132061771020794
-132.17636895506746,-115.43310767993127,0.6399793493932173,470,891,471,1594,0.5589711417816813,0.3909276770747284,0.4270800188274105,0.8437133389054231,0.30069308715023374
-101.60274309050592,-115.31384658238717,0.6320476179218104,552,791,588,1594,0.49623588456712675,0.37493383389892926,0.4208904123106732,0.8382413566231826,0.31428454116931576
-136.12101817560625,-115.40308562702708,0.6293780657934966,477,875,484,1594,0.5489335006273526,0.4227833854639054,0.48334256652092317,0.8440265533710175,0.3152125742387041
-127.38399779600549,-115.72337341277533,0.6294400072538688,491,857,500,1594,0.5376411543287327,0.3675113906275535,0.407596620479194,0.8236435201415736,0.3043807386413568
-93.19686058821088,-115.57493304785598,0.6332976209339365,583,799,583,1594,0.501254705144291,0.3498708988853238,0.47143504798601954,0.8240151449234016,0.30051147517229115
-79.63676794796054,-115.22096481645205,0.6345490541711153,609,761,615,1594,0.47741530740276034,0.33969875450356557,0.436043296967257,0.8089654721768498,0.28107250508662024
-158.1917477903408,-115.82936095615247,0.6410782249897967,397,955,403,1594,0.5991217063989962,0.42825482623558836,0.4381274907988708,0.8207042371138752,0.3201366885463666
-103.4527367709309,-115.90392002845446,0.6384127129371469,573,799,581,1594,0.501254705144291,0.40302009368873465,0.43249081698697955,0.852740982812779,0.3463767727452601
