-143.77196258560133,-143.77196258560133,1.6842096590976743,288,383,288,912,0.4199561403508772,0.8329762818549135,0.4144763776283074,0.8682806417645095,0.5940846525866587
-176.51385011330996,-160.14290634945564,2.776080933611601,269,402,301,912,0.4407894736842105,0.7502449326256309,0.43666811393003885,0.8741304238674094,0.6180734721210311
-149.4485799660863,-156.57813088833254,2.2794529130435355,255,387,255,912,0.4243421052631579,0.8471876168974114,0.42474253798346534,0.8101732105004977,0.5977145062843048
-119.12226585489633,-147.21416462997348,1.9216347668871583,345,354,358,912,0.3881578947368421,0.7999496504393124,0.3731797291835125,0.8863151580934239,0.6256917374964092
-72.4333507118364,-132.25800184634608,1.9333540941622562,416,275,446,912,0.30153508771929827,0.7358043311072252,0.4288608989247536,0.9017426401386617,0.6207274801469914
-84.02264341262986,-124.2187754407267,1.7280760893403284,415,294,424,912,0.3223684210526316,0.7559925842881787,0.44094542525817165,0.9005538256823368,0.6300403043653915
-95.97042125997942,-120.18329627204852,1.6352932412051158,343,336,390,912,0.3684210526315789,0.8182458732835522,0.41500421873424465,0.8713764565047087,0.5936625586794949
-62.54301148101967,-112.97826067316991,1.8938734813350868,448,262,452,912,0.28728070175438597,0.6526727334158051,0.43828350447658343,0.9169236789059036,0.6225607164437301
-131.58149375774565,-115.04528657145612,2.8329159396183883,363,340,369,912,0.37280701754385964,0.617161403440891,0.43075053720526085,0.9055333548042732,0.6602987383975788
-130.55737048405726,-116.59649496271622,3.6518695638211995,333,358,350,912,0.3925438596491228,0.5678437369463125,0.4378830864814784,0.8718631113817916,0.6527718403517666
-131.32391350608614,-117.93535119393168,3.646476516173216,355,348,369,912,0.3815789473684211,0.5008389401680462,0.4409325709178005,0.8971700103912384,0.634440089528489
-184.21597498634048,-123.45873650996573,3.422125747364342,163,432,218,912,0.47368421052631576,0.41442708107043214,0.4152344350469671,0.8952665290357423,0.6195456322740468
-129.62299264416083,-123.93291005874997,3.2359819188462615,309,337,393,912,0.36951754385964913,0.49618451073220565,0.4529073720549892,0.924205110170261,0.6519155023538155
-189.12684925988634,-128.58962000168827,3.1376371386538695,190,448,219,912,0.49122807017543857,0.37746579738095665,0.44338492847666944,0.864278253942777,0.5812070958115211
-141.58152469831614,-129.45574698146348,3.1106858619257305,250,372,298,912,0.40789473684210525,0.4160930725905345,0.44198409262097915,0.8823643014772754,0.5721023809296747
-139.82041627815192,-130.10353881250649,3.00457219370941,294,366,339,912,0.40131578947368424,0.47620052999286583,0.43832132944824764,0.9089451342913618,0.6236689505101651
-86.5804570160982,-127.54335753036482,2.881461921207189,422,286,445,912,0.31359649122807015,0.5671035897310558,0.41939258050766814,0.93475216565724,0.6275417386517883
-195.93137552733202,-131.34269186352967,2.771380703362345,175,450,190,912,0.4934210526315789,0.300904703013444,0.4674375793713761,0.8895454019518619,0.6691373853570496
-164.74539270608847,-133.1007287499801,2.6255185610801166,178,428,189,912,0.4692982456140351,0.3020402080674603,0.41233130485663017,0.843602430076862,0.5695010335612122
-147.24778488783267,-133.80808155687274,2.526840740251392,270,372,287,912,0.40789473684210525,0.38319232043037155,0.3963999561573112,0.9097778709145278,0.6033502904350617
-167.12650981570377,-135.39467337872182,2.431158377383323,213,413,232,912,0.45285087719298245,0.3534399086382231,0.4285657248910803,0.8973152084873215,0.6038941586998364
-87.64127836891436,-133.22406451463965,2.3375129211916357,353,314,357,912,0.3442982456140351,0.40430687056228815,0.4454772398780198,0.8993273134181381,0.6391331098520995
-124.10889084302842,-132.82775261587395,2.2452029352982135,281,368,308,912,0.40350877192982454,0.4314081619373992,0.42102245415250944,0.8940281918220023,0.6087435748319068
-136.28855917383888,-132.97195288912255,2.1655939814066874,275,374,302,912,0.4100877192982456,0.4378741766801386,0.39729085355779076,0.9033298005896114,0.5873312165043124
-72.70349837623054,-130.56121470860685,2.090208917645147,435,267,450,912,0.29276315789473684,0.5391371239906029,0.40553048229471367,0.9405673861854112,0.6452359240779412
-109.96689784584844,-129.76912559850078,2.017074805784488,367,304,412,912,0.3333333333333333,0.612802940804497,0.4115229572148247,0.9383036637706778,0.6633155283780832
-96.71940531225829,-128.5450618841955,1.9844170839729034,423,287,429,912,0.31469298245614036,0.61713994787915,0.4392158796547609,0.9102140378181806,0.672278732096336
-119.12920599699731,-128.20878131679555,1.9236474291962617,329,353,332,912,0.38706140350877194,0.3820085454312365,0.44745234113960414,0.9134487013025009,0.6435613673673436
-114.78787791301804,-127.74599154425151,1.8879170597638557,268,372,274,912,0.40789473684210525,0.3545884665493077,0.4238500954703849,0.8598632320219418,0.6197229702515324
-138.03732302402733,-128.0890359269107,1.8358553958874038,245,374,246,912,0.4100877192982456,0.37953490025094777,0.3841013045137548,0.8992858224898863,0.5916942359537226
-116.53031408182576,-127.71617393190797,1.787812265575928,308,345,313,912,0.3782894736842105,0.400580781134109,0.4131887335494513,0.8906694051551679,0.6330186079208747
-126.83109558981428,-127.68851523371752,1.7413118290854954,285,355,285,912,0.3892543859649123,0.46602775563889043,0.43956900509277363,0.8766427909143717,0.6206937690828095
-113.9846978059168,-127.27324803893569,1.7358572653011621,320,329,345,912,0.3607456140350877,0.45195344201483784,0.4432667059190161,0.9159914740271834,0.6461520986802979
-117.63199607040512,-126.98968180456714,1.6934208333796474,336,319,368,912,0.34978070175438597,0.47778223972270134,0.4322050046125373,0.9193530800067004,0.631525972243029
-139.8143601272163,-127.35610118521426,1.6677049157667023,304,361,332,912,0.3958333333333333,0.4391072371540945,0.43357552022517754,0.9194300103351217,0.6518415843086028
-139.66033781293376,-127.69788553598424,1.6414218268028942,281,364,281,912,0.3991228070175439,0.45394570824146974,0.41518210336903183,0.899212790658313,0.6072016454651364
-158.51080010646314,-128.53066701086203,1.6026501485300648,246,389,268,912,0.42653508771929827,0.36990287579266884,0.43410581015827676,0.8931535551888108,0.6145707676579161
-152.055657471694,-129.1497457071997,1.6404150485895732,250,381,311,912,0.41776315789473684,0.4547947553901863,0.42989477471317417,0.9150981556082942,0.6460068713081182
-136.5059946449524,-129.33836747483443,1.6064426129988971,266,367,325,912,0.4024122807017544,0.4585323415346547,0.4561025984693444,0.91129742670485,0.6198783733667309
-108.67247543337415,-128.82172017379793,1.5775830104108948,344,316,382,912,0.34649122807017546,0.41709112392948894,0.4355152985891758,0.9069167622082149,0.6411474522648598
-148.11785490234783,-129.29235760620156,1.5603692176179098,303,370,313,912,0.4057017543859649,0.4521088938235874,0.42830437376161123,0.8912473535829909,0.6063616973092746
-144.6152720271623,-129.65718890193872,1.5381258125854493,297,379,335,912,0.4155701754385965,0.489950209805133,0.40428246458119227,0.8935576695322697,0.6159591766004756
-132.82003135532466,-129.73074337759886,1.5073165439091414,292,362,331,912,0.3969298245614035,0.45371406340423653,0.39763461716101095,0.8880255568850249,0.6434321195702756
-128.69712621422744,-129.70725207843134,1.4842523749041787,284,350,333,912,0.38377192982456143,0.4497003252433518,0.41096606562463767,0.9006595246947202,0.6093830303001041
-154.70119405217966,-130.2626730111813,1.4961655546155828,228,383,280,912,0.4199561403508772,0.44150454090840985,0.43860570172925767,0.9081806155878973,0.6103341135388578
-116.48823390438656,-129.96322868277272,1.4666240944200468,285,350,289,912,0.38377192982456143,0.42314336443312855,0.42102528210525525,0.8856774149313541,0.6147274954759335
-115.58843565046088,-129.65738202251077,1.4489736654938368,299,345,327,912,0.3782894736842105,0.4049169926167552,0.4356520119494387,0.9069324482732992,0.6046095119232592
-119.15353921002433,-129.4385519639173,1.4430345123885295,308,354,333,912,0.3881578947368421,0.44448364646401417,0.4344390167209332,0.8876578270928134,0.6511747438156824
-149.7498671129535,-129.8530685996119,1.4413929527810532,242,400,278,912,0.43859649122807015,0.4520257690566197,0.4061138741979703,0.8813181162445107,0.6216190386386012
-139.03685714532992,-130.03674437052626,1.4329209922057726,324,338,331,912,0.3706140350877193,0.4375537780260082,0.41960889078774605,0.9282744918078653,0.6187654723249579
-109.84703154804671,-129.64086764851686,1.4262043828687758,353,324,393,912,0.35526315789473684,0.42596655583149406,0.3953277333602122,0.9156188865415554,0.6452834913765398
-93.43829136350199,-128.9446642584204,1.4357769113374512,405,299,407,912,0.32785087719298245,0.41073540564312155,0.42413337542478896,0.9302661778473681,0.639987893338048
-149.54230325484457,-129.33329895646614,1.4214497958041656,251,383,267,912,0.4199561403508772,0.42244243528467906,0.4128613119661177,0.8489656250265228,0.6696587804367216
-131.7293914684511,-129.37767104002143,1.3980740456093739,301,357,305,912,0.39144736842105265,0.40928015116728583,0.46040177615946376,0.8806009102904021,0.6444041352530624
-115.49609012518052,-129.1252786597516,1.3878633654737158,319,351,341,912,0.3848684210526316,0.41965118819536956,0.4261509411472827,0.9399915416310058,0.6432273222560289
-128.24432229784327,-129.1095472961461,1.3722942446566901,290,369,333,912,0.40460526315789475,0.42532993852587786,0.42933882745164825,0.8993295266703275,0.5786787512125894
-134.17471300477595,-129.19840985243786,1.3579823663575237,302,349,336,912,0.3826754385964912,0.435606715758496,0.4454606748784613,0.911730246597691,0.6419757141460732
-133.21186964080712,-129.26760743499597,1.3541135692211994,283,357,349,912,0.39144736842105265,0.4454228124493926,0.43867255806690225,0.9099992675949605,0.6146796491572081
-110.06708816953154,-128.94217490507282,1.335914536170835,332,319,333,912,0.34978070175438597,0.46964652597297996,0.41462197649063603,0.9238232168860997,0.6559367779639723
-108.19178627769331,-128.5963350946165,1.3231342968247086,318,336,379,912,0.3684210526315789,0.42315963338422824,0.45014845726196595,0.9254138259482102,0.6455794327612073
-93.49127946805443,-128.02084237942697,1.3117127031870752,389,303,420,912,0.33223684210526316,0.42961780676661093,0.4413814533628551,0.927321074845625,0.646587613497383
-143.91395029126446,-128.27718282961789,1.3045791686786143,304,351,342,912,0.3848684210526316,0.41151519291972005,0.44973489438027825,0.9074269339375608,0.6169471798877288
-126.03501251037721,-128.24159282455057,1.3025811370079683,298,362,321,912,0.3969298245614035,0.342011453603025,0.46486903733500623,0.8756904060395098,0.627001941693326
-118.05157116502049,-128.08237373612042,1.2907210309562829,314,336,366,912,0.3684210526315789,0.3807985358056061,0.4553992036942317,0.9117213988313183,0.6348183500455877
-107.40762310099703,-127.7643006494262,1.2725334155859647,313,336,362,912,0.3684210526315789,0.39563514080961726,0.44405401631724445,0.9078752982597164,0.6442336380425169
-133.5134709175779,-127.85140928985275,1.2549731231159946,260,371,293,912,0.4067982456140351,0.44622623069806355,0.45325113819933216,0.855471545869599,0.6268512952226987
-123.75421777671944,-127.79025717771643,1.2424096688814499,307,358,342,912,0.3925438596491228,0.45345998331965787,0.41523203681939463,0.9275305582313171,0.6558937417084626
-67.60531136869533,-126.90518444523083,1.2286437634110974,406,276,424,912,0.3026315789473684,0.4184997499510199,0.3860004647450569,0.9233973737563502,0.6491047305770316
-141.092174385488,-127.11079299508964,1.2419966923604528,254,386,321,912,0.4232456140350877,0.4233224854845597,0.388316162315646,0.9303741022053015,0.6571555327578993
-102.78353826283313,-126.76326078462883,1.2293498565638883,330,314,371,912,0.3442982456140351,0.40662341730269785,0.44573030557774906,0.9064832911292321,0.6308155443378068
-130.56110093072047,-126.81675149091181,1.2216234237824597,259,366,269,912,0.40131578947368424,0.40803970265608513,0.45147027319810973,0.9042009956723559,0.6193749914404915
-124.88698108959902,-126.7899491242269,1.2076923708989191,311,345,319,912,0.3782894736842105,0.4122726438683183,0.4506154584465488,0.905535826164308,0.6366137373769801
-145.5551013876664,-127.047006004548,1.1926092213285275,299,369,300,912,0.40460526315789475,0.44781965676076047,0.41006759504002793,0.9172820222382095,0.6790405850510405
-109.7649025512655,-126.81346406599012,1.1894305361680735,331,325,383,912,0.35635964912280704,0.4150278717045913,0.44721081476683167,0.9300632023818357,0.6437934899274627
-97.80956989251621,-126.42674547701046,1.1752353287588013,332,304,378,912,0.3333333333333333,0.41253766420231347,0.4329930126626394,0.9048068196194254,0.6620531465356039
-93.61699352248586,-125.99503821445093,1.1634820758214692,391,310,398,912,0.3399122807017544,0.36663965419358846,0.45132646646187213,0.9102585679409764,0.6519915269212136
-125.29759247794213,-125.98598047761315,1.1559579049387865,268,373,281,912,0.40899122807017546,0.3579195291733664,0.45085845952317405,0.8907320251936435,0.6130394882846552
-129.2706996622008,-126.02809226203092,1.1447291842037441,272,365,305,912,0.40021929824561403,0.3989675461501369,0.4355018008568997,0.8783412852179181,0.6354124926057095
-110.1466211420798,-125.82706098203154,1.134800720858632,343,324,372,912,0.35526315789473684,0.35639784972167265,0.4830190870980273,0.903763360088547,0.661894571385582
-103.2627351718879,-125.54500690940476,1.1253954869520817,365,315,380,912,0.34539473684210525,0.3652378632824728,0.45737022250659964,0.9214345686171569,0.6360860103641373
-120.51322763020228,-125.48288617756276,1.1115017155082287,303,360,335,912,0.39473684210526316,0.38146326284107696,0.4257867098259329,0.8896454562907209,0.6537286490351534
-125.77011768888397,-125.48638900087157,1.1009436154247625,298,362,348,912,0.3969298245614035,0.3714167114851146,0.4725691878899707,0.9178059550305561,0.6257892886838073
-83.39458909734097,-124.97925888155191,1.0884891798200815,423,291,428,912,0.3190789473684211,0.3812996375463456,0.4540893492872612,0.9169336632872488,0.6523198549007297
-126.36118594300532,-124.99571039418827,1.0855426898733067,309,340,319,912,0.37280701754385964,0.396835363683222,0.44950956359345695,0.9062601085226984,0.6543793279519584
-125.74275366953647,-125.00449913860413,1.0778947189566366,261,363,268,912,0.3980263157894737,0.380289041733351,0.45962263098197137,0.8730142412870654,0.6208624554701402
-100.06473068424475,-124.71450183099529,1.068874934063293,352,304,411,912,0.3333333333333333,0.4125030375547041,0.42538948138482713,0.898953261944428,0.6403560458938978
-144.60088692553603,-124.943080970013,1.063561562309997,262,376,303,912,0.41228070175438597,0.41384936614012313,0.47283530403471613,0.9013426112808359,0.632702972941839
-149.4500973982543,-125.22156979306122,1.0613125709242255,298,365,328,912,0.40021929824561403,0.4334041289356472,0.4639421723674861,0.9001833341766772,0.6257237644057567
-80.15199612687691,-124.71517008894678,1.04941257912112,335,320,335,912,0.3508771929824561,0.36231589390277424,0.43176854498600703,0.8935375335076502,0.6250139442873078
-133.6384934506678,-124.81431812629924,1.0407134815688812,280,385,284,912,0.42214912280701755,0.2960846785868072,0.441318647674664,0.8728100386093973,0.6458523616498879
-121.28614912459275,-124.7755470383684,1.0321870405768587,260,378,271,912,0.4144736842105263,0.2948419446988766,0.43349897082081057,0.8967641189406912,0.6196413530469078
-170.02666917419458,-125.2674070615839,1.0280124514325553,235,409,235,912,0.44846491228070173,0.3147822066259834,0.41366538132651076,0.8938871661004782,0.6642389456400278
-96.5218011155977,-124.95831452453028,1.0267970539993336,345,331,394,912,0.36293859649122806,0.3787041832889321,0.43485891191023673,0.90925180219651,0.653847368185276
-112.87555126079879,-124.82977448980974,1.0238394078676405,286,353,328,912,0.38706140350877194,0.4510059655809256,0.4219158055337772,0.8725168771256818,0.6000202637378501
-128.46287792905545,-124.86801768390707,1.015540493560113,275,359,353,912,0.39364035087719296,0.4254919319832358,0.45334212452011796,0.9046301040203231,0.636324781669268
-103.98294701603878,-124.6504648644501,1.0194598637771737,369,313,386,912,0.3432017543859649,0.40341945838746407,0.43784097313415865,0.9283481618324578,0.6675094452581884
-129.07472512784938,-124.69607579500061,1.011319897852761,280,356,312,912,0.39035087719298245,0.4055855777748398,0.42103837473663946,0.8979126548986237,0.6338561491863631
-137.7480644615081,-124.82925935282212,1.0013654246757113,343,347,344,912,0.38048245614035087,0.4187919397692334,0.4536000098399482,0.9279789727571436,0.6347245673500551
-135.26164054208058,-124.93463694059241,1.0097024268671912,310,356,362,912,0.39035087719298245,0.40805171503160814,0.44998465718942776,0.91943883934898,0.6693789495511425
-134.7914751217561,-125.03320532240404,1.0049132819961315,302,355,322,912,0.3892543859649123,0.38309447004959607,0.4836724014650492,0.8960002152168056,0.6499225184398364
-95.65878455888065,-124.55207354213682,0.9941328948844966,318,338,341,912,0.3706140350877193,0.3622739062273121,0.4360823070287726,0.9081662049426548,0.6144885611642691
-128.98534272843307,-124.07678846828804,0.9624913494483625,326,352,337,912,0.38596491228070173,0.40793921346395956,0.4743073060966806,0.9253060326449405,0.6148332265139936
-106.16028301029127,-123.64390549873009,0.9511960576562375,313,346,340,912,0.3793859649122807,0.342008240514353,0.43623530606234867,0.8820661498144856,0.6572257853557587
-109.14720758384614,-123.5441549160196,0.9427830127775113,317,342,318,912,0.375,0.32657123862597714,0.44341719225714665,0.9007668606867839,0.6435506003152148
-121.98077123103504,-124.0396291212116,0.9265896711890003,312,347,330,912,0.38048245614035087,0.30615218267502675,0.44682109058262715,0.8927142588792104,0.635059445979543
-129.92109267885036,-124.4986136138738,0.919773589607079,297,358,357,912,0.3925438596491228,0.3353018192249169,0.4593368482172377,0.9122221555525213,0.6377782172142812
-121.42963813816463,-124.75320578265568,0.9104140712532605,302,352,325,912,0.38596491228070173,0.39683444124333817,0.4513236089186068,0.9114241813680503,0.6701631938967231
-128.54631209446615,-125.41323878879011,0.8733747196308116,326,341,340,912,0.37390350877192985,0.4028865418780377,0.4461627182691118,0.9067527001072943,0.6551553279143615
-102.3976843661042,-125.1214006948737,0.7710798030369879,345,336,357,912,0.3684210526315789,0.3678156597625422,0.45457801072069953,0.8954218752241272,0.6404146430970517
-146.72889819831494,-125.28311597201626,0.660855281220523,212,397,265,912,0.43530701754385964,0.3718374905355406,0.43841420306924805,0.906810088569476,0.640404666296314
-103.15783358806513,-125.00145517283607,0.6294934348802721,322,317,381,912,0.3475877192982456,0.4080262802826704,0.4447826238083742,0.9094938260850268,0.6198041731942279
-119.60531197033963,-124.35534854267604,0.6199507619756048,305,346,306,912,0.3793859649122807,0.3842483822770856,0.4489766566778449,0.8952882587697544,0.6092891749343586
-144.31634435301382,-124.50228205976458,0.6154486203035939,292,381,315,912,0.41776315789473684,0.3476901783605475,0.46257003104497985,0.9115308177129563,0.6349501078412448
-105.78767107594047,-123.66889027792513,0.6030060195083842,368,303,410,912,0.33223684210526316,0.36008333601468984,0.40182031084679315,0.9404310720618313,0.6573373126335812
-135.51993477238244,-123.6082743786658,0.5784827886497562,271,363,319,912,0.3980263157894737,0.34989794991740225,0.42003451282672444,0.872011243492047,0.6403248849399117
-113.27539372538722,-123.34282415313814,0.5700009099476505,286,372,290,912,0.40789473684210525,0.35461130608287733,0.4584201362609398,0.8734114118628723,0.6439202190440625
-163.9576931815452,-124.1165965147926,0.5624176267127879,271,396,300,912,0.4342105263157895,0.384988299174814,0.40917387725900767,0.9090502330038713,0.6384764093906693
-142.0318219511517,-123.57760097903079,0.5534882104571173,298,352,307,912,0.38596491228070173,0.38294120043934576,0.4603413463907923,0.904344839776766,0.6607833530926533
-95.35776609301227,-122.88372471290002,0.556223173813257,364,319,405,912,0.34978070175438597,0.3808490115354989,0.45344266624120716,0.9253415873580385,0.6432956826654962
-109.04842592801386,-122.50173112330184,0.554151732262533,331,338,331,912,0.3706140350877193,0.3562828487916637,0.4485517946205789,0.8856430045374765,0.6720160955968787
-94.4735927871908,-121.77520195301673,0.5517182836054136,330,345,355,912,0.3782894736842105,0.3471401409627831,0.4672545601464917,0.869224610706313,0.6505672294405614
-145.459436478578,-122.35338353411335,0.5521647704579774,287,369,341,912,0.40460526315789475,0.3637796239231898,0.43475063217969695,0.9125421064682374,0.6683267254226534
-133.20791216028613,-122.44437374728594,0.5602357486753065,264,371,268,912,0.4067982456140351,0.36747097332911693,0.44405893233991284,0.9184676847277942,0.6131849604469696
-123.11299873270225,-122.31261814287456,0.557482054745406,289,355,338,912,0.3892543859649123,0.39614523222723197,0.46994404071976686,0.9052024484343232,0.64271149640074
-129.34560144180736,-122.87903917353033,0.5583117075202392,322,340,354,912,0.37280701754385964,0.43877031808901246,0.429968375241718,0.9127762664343302,0.6298297036583476
-97.08799305951887,-122.75025012566704,0.574018856847513,357,305,423,912,0.3344298245614035,0.4010598510754456,0.46734491380131854,0.9102807500512249,0.6243115747672325
-103.72059979934474,-122.82026207053788,0.5762544229564331,353,325,367,912,0.35635964912280704,0.3936254128841471,0.46223722607001994,0.9059381418470297,0.6362953075955748
-151.27363864388886,-123.14170639700681,0.5823706997924958,274,388,312,912,0.42543859649122806,0.40154813184315924,0.5076574663735087,0.8911967180464447,0.6438801507918389
-126.8852788197374,-123.26268040607401,0.5786037428041465,309,353,311,912,0.38706140350877194,0.37398025871181134,0.4142157788824243,0.8952960950780956,0.6578013063598678
-151.88354894597313,-123.40114266529345,0.5788444113991027,232,397,269,912,0.43530701754385964,0.3604387846641486,0.4408366677169814,0.9242657690531414,0.5997404427534295
-84.50499186318174,-123.08088944310701,0.5817800765620046,360,320,397,912,0.3508771929824561,0.31992242475341254,0.46895985658447903,0.8999465733749488,0.6475888717340846
-110.63557355723647,-122.91893422278125,0.5824876558502402,286,346,325,912,0.3793859649122807,0.3296210549911117,0.46834749472425574,0.9100154421281732,0.6200771409276831
-97.01779642095372,-122.7492652089316,0.569030888984878,335,311,335,912,0.34100877192982454,0.3547805125659321,0.4557064269977884,0.9148522923910694,0.6253014872654298
-91.93476894847345,-122.49229293771228,0.5751872408075209,368,301,408,912,0.3300438596491228,0.3887595109864184,0.43178957554543884,0.9331006557134699,0.6790055782919953
-122.7833521151108,-122.32198285759125,0.5737380515083723,308,322,368,912,0.3530701754385965,0.4355682179275099,0.4350485110823983,0.9458883665688703,0.6591109241837981
-115.01740933793366,-122.07555357284126,0.5781667473792822,338,335,367,912,0.3673245614035088,0.4001251802642899,0.4449033320186892,0.9024059635202164,0.6462130168445108
-94.6429142974904,-121.43687471475153,0.5814819413937212,359,322,381,912,0.3530701754385965,0.4147842991787709,0.4371991282620684,0.9093564949073367,0.6334186001181533
-93.46120049690904,-120.8509301450037,0.5531997003398136,398,302,414,912,0.33114035087719296,0.38336261856717535,0.4322065985838147,0.8987437728043736,0.6469509362809808
-117.85846090418059,-120.66445480759596,0.5511110551682302,344,338,371,912,0.3706140350877193,0.41383674972282897,0.43478483861819184,0.9279376628816177,0.6513153398264834
-109.24528220356488,-120.67018287529787,0.5673201496359357,332,338,344,912,0.3706140350877193,0.39912277424561726,0.4287107248727732,0.925853097482164,0.6220535548741973
-95.06090732503742,-120.13961339952476,0.5715211823864927,326,329,341,912,0.3607456140350877,0.38036540331618796,0.47390989756273566,0.9016648309353497,0.6351710280939463
-142.5072470807489,-120.11853315006063,0.5862948301298033,286,371,300,912,0.4067982456140351,0.3952236159719479,0.4568342769171331,0.8947027438748308,0.6308454575789567
-116.90590142170366,-119.9593918507244,0.5886496696506252,279,365,288,912,0.40021929824561403,0.4045722975709865,0.4465749657293996,0.8811913798527303,0.63893311882787
-89.99124802130056,-119.57233306879515,0.5843887843387829,363,294,400,912,0.3223684210526316,0.3974436383906409,0.44697857092070836,0.9105431669146221,0.6689346465688653
-97.58967882859928,-119.00121791655933,0.5674009315874975,341,322,344,912,0.3530701754385965,0.38513346074331917,0.4348737491030267,0.9126473975141062,0.6251463632004742
-118.58712971762998,-119.02220687469176,0.5670216873592693,319,343,352,912,0.37609649122807015,0.393188161844947,0.4701952862221308,0.9239159233622712,0.6403052790195097
-111.41468660620829,-118.98046938424923,0.5864918116144608,323,350,346,912,0.38377192982456143,0.401495650180159,0.450325940332966,0.8876964143737371,0.6473693078255958
-100.92279030031652,-118.79816189515215,0.581521809203591,350,303,364,912,0.33223684210526316,0.4310133626688931,0.44382269406772273,0.9119861742932681,0.6206713766869764
-128.35120621349574,-118.58417528615757,0.5809130553526846,301,348,343,912,0.3815789473684211,0.4058971259292479,0.43556081816536607,0.9057316624945337,0.6535800321177184
-93.20592666117615,-118.12586598131604,0.5722754925917881,346,311,380,912,0.34100877192982454,0.4176609917963775,0.41700919745237797,0.9099739360447449,0.6212450682295914
-86.65966895742007,-117.89399235540978,0.5625640344920355,354,319,378,912,0.34978070175438597,0.36957927935142487,0.4207527930177554,0.920410642678712,0.638218712151873
-117.7380750389595,-118.13699019216436,0.5458023159266845,296,359,339,912,0.39364035087719296,0.35755656624795384,0.4524703812958916,0.8957366755356025,0.6330338598715755
-111.04465039266258,-117.75201366354257,0.5525034059733658,330,332,341,912,0.36403508771929827,0.36880858417957224,0.47305889296336445,0.8848980496007566,0.6725322183589149
-83.7950809950633,-117.27267055880867,0.557387695760946,386,291,409,912,0.3190789473684211,0.35166676615355374,0.44067196137313447,0.9193657561177965,0.6279710730635913
-86.4586126800733,-116.98229578435759,0.5515127835298108,379,305,379,912,0.3344298245614035,0.3438417368136584,0.4643276177022078,0.908752324962233,0.6318259844255525
-109.1879512628659,-116.79173207400781,0.5512716414194625,320,334,336,912,0.36622807017543857,0.3434227596742727,0.47327529295684617,0.9080421044478314,0.6164698266569028
-129.06414973304737,-116.74062644129053,0.5472486335421434,315,344,328,912,0.37719298245614036,0.3259046463355278,0.4777379278744721,0.9116852370071343,0.6611552477737174
-123.33294427539124,-116.64183718763636,0.5428942182780225,311,348,313,912,0.3815789473684211,0.36139563902306737,0.4355411701126282,0.8870553563936147,0.6730945618500429
-99.50194922763986,-116.53618579821746,0.5441977453484171,360,319,378,912,0.34978070175438597,0.3321911612698256,0.44688328544673744,0.8917568303522186,0.6712058643375528
-101.59901261088427,-116.47025806154937,0.548574081700649,349,319,362,912,0.34978070175438597,0.3481412588053997,0.43007573212685074,0.9048899999587577,0.6588276174101483
-97.96152727988623,-116.51496053966768,0.5460031651881069,308,323,351,912,0.3541666666666667,0.3747997161883377,0.4475534791521475,0.8873299652073182,0.6235566797583326
-125.80778784008909,-116.33389891515593,0.5394205561024734,350,340,376,912,0.37280701754385964,0.3611439876097815,0.4381575388523037,0.9276885013969732,0.6396563404506884
-117.83076514157884,-116.25185644146794,0.5316844930819262,326,334,345,912,0.36622807017543857,0.3883296023627179,0.4495774644495833,0.9153780830019661,0.6450064917791513
-132.26461854590914,-116.3939869152768,0.5301071303217109,310,351,335,912,0.3848684210526316,0.33969506423918017,0.4526471549098918,0.9027568642289415,0.644984014271366
-89.41726171684196,-116.21408330143528,0.5349149548868687,371,306,390,912,0.3355263157894737,0.33618381208224,0.4476041314768807,0.909270731273835,0.6389268966914115
-107.13717858373019,-115.9503203780968,0.535446086072543,344,338,353,912,0.3706140350877193,0.3736142834522295,0.41274559458830823,0.8746507500635744,0.6441083628116427
-112.9906732114333,-115.84268493244397,0.5415609430217746,313,338,313,912,0.3706140350877193,0.37257437164451185,0.45211953912720454,0.8931349283833009,0.6531986253680516
-105.50949666171022,-116.2217267853741,0.5403313397948286,341,323,382,912,0.3541666666666667,0.3619992940531179,0.4799465350302233,0.916391104793833,0.647189647021159
-120.44902971124465,-116.01529533863167,0.5227572307444752,324,349,354,912,0.3826754385964912,0.36167061516076676,0.46308365356402215,0.9049130195951681,0.6104259492670573
-110.41658184961356,-116.09162577449946,0.5291872827840214,288,360,321,912,0.39473684210526316,0.3606584706397149,0.44780323199913097,0.8832199898382909,0.626329143093522
-133.38776023554033,-116.11989236754768,0.5405561262183352,268,376,318,912,0.41228070175438597,0.3772329776976217,0.42895736563218256,0.8916197548904695,0.6339073921617546
-141.91600275452853,-116.29018258419694,0.541754385943939,310,377,342,912,0.4133771929824561,0.38883290861089503,0.48058387416420373,0.9053841808234147,0.6697997972665636
-121.99920603995005,-116.0546236307198,0.5480018069631235,330,339,378,912,0.3717105263157895,0.36619732115943027,0.43361096056877774,0.9108312193953676,0.6616706117763159
-93.22419300093293,-115.88921653521648,0.5405011309095579,338,312,364,912,0.34210526315789475,0.3849351451910921,0.4401238716315192,0.8815653086927239,0.6418418905711861
-110.85398219907526,-116.01966065828205,0.5445538532068158,294,361,302,912,0.3958333333333333,0.3341121201395981,0.44774998699534724,0.9131060666226934,0.6236721019639588
-120.52810622208968,-116.2887717852781,0.5462522345787694,301,353,329,912,0.38706140350877194,0.33928777606970323,0.4667419226446958,0.9171029427961623,0.6343321838733181
-101.90762238021954,-116.05487208430085,0.5407761580769325,339,326,384,912,0.3574561403508772,0.32985009443728447,0.4839534393226512,0.9050170920480971,0.6381417922707234
-143.350034972006,-116.19566543739892,0.5394376692957917,247,402,284,912,0.4407894736842105,0.3838379858069353,0.454470552235662,0.8842414433950178,0.6840939888622882
-111.25361735001158,-116.20673539947823,0.5413566513913622,336,334,336,912,0.36622807017543857,0.3613335787349084,0.448235267137194,0.8988058123911253,0.6689991796072464
-108.04690536912541,-116.25457710145064,0.5409883276930357,363,327,376,912,0.35855263157894735,0.38637097955934124,0.4609782164720108,0.8989323299134723,0.6400834509636985
-138.0091574168637,-116.42953639931721,0.5560443915768962,296,369,355,912,0.40460526315789475,0.3897650136793687,0.48020020543072967,0.897381191408274,0.6679132028009018
-126.60162994902471,-116.43785152191863,0.5629498031247568,303,351,337,912,0.3848684210526316,0.36429706417209523,0.4459353333725424,0.9077648146495894,0.6378759979454193
-138.0624190957905,-116.98452982190311,0.5704608840845947,290,363,320,912,0.3980263157894737,0.37537928644925245,0.4728298834512761,0.9224155160282831,0.6223714067882246
-127.48563708988917,-116.99577433337195,0.5662230686020274,275,368,304,912,0.40350877192982454,0.3827778483471528,0.46295614714300914,0.8782162392408644,0.6386216655018319
-126.1763477623669,-117.00011027430025,0.5704298995330847,323,341,338,912,0.37390350877192985,0.39868918568876144,0.4599767324463772,0.9231652124479637,0.6633296371811586
-120.88687352977136,-117.20833170275553,0.5723941033546376,352,339,379,912,0.3717105263157895,0.3749838886732269,0.46570012057670856,0.9196937474882665,0.6337983332244125
-124.84953775974583,-117.01081821109764,0.5735871708901223,301,350,339,912,0.38377192982456143,0.35806975394440094,0.44995991213624253,0.9117713431525875,0.6323823655222686
-121.18266290979979,-116.7281438662131,0.5743018066199584,345,354,361,912,0.3881578947368421,0.371008631717957,0.4329138432657465,0.9062513417132166,0.6602086898391163
-105.97902146935837,-116.98641411963791,0.5807020166821436,359,318,367,912,0.34868421052631576,0.45992234380341607,0.4693607742049551,0.905686198030823,0.6451921350037849
-126.46084233963923,-116.91463760852764,0.5839388790653814,328,355,376,912,0.3892543859649123,0.41846007079709474,0.4527644963991199,0.9154576099672639,0.6852104827785513
-85.84042790101552,-116.56018039629186,0.5885318696336319,400,270,437,912,0.29605263157894735,0.4360700947100829,0.4484864387473634,0.9189131651588979,0.6521459605254935
-123.52737341424393,-116.09518743869235,0.584853491060395,293,351,300,912,0.3848684210526316,0.4016418365284378,0.45617862127123715,0.90760406584681,0.6317720515032315
-128.365354473973,-116.41362297227612,0.5779007997520418,277,363,351,912,0.3980263157894737,0.3652491464924284,0.476204203845771,0.897046380061814,0.6740581117576694
-115.15202219269682,-116.4363876815951,0.583702346614422,310,338,323,912,0.3706140350877193,0.3553971387912272,0.4547103630832746,0.9074885521079241,0.6382600155102044
-142.88728957742873,-116.58063179807883,0.588868057595897,265,372,285,912,0.40789473684210525,0.38468443560901855,0.4264344939892528,0.9094468971218946,0.6570843492613226
-104.48024211119666,-116.5856047490304,0.5791775027319701,347,323,380,912,0.3541666666666667,0.32984038689344286,0.4342050882839598,0.9103897122460453,0.6586671424263375
-98.01898478978788,-116.27504734564977,0.5807248879382798,300,335,343,912,0.3673245614035088,0.3528405881053984,0.4676402352072026,0.8897884850049396,0.6265604438343988
-146.74665885896997,-116.36503328962439,0.5814472903355783,254,392,311,912,0.4298245614035088,0.3456842119320208,0.5077546322420418,0.9091699528572507,0.6480667225710094
-117.33406769965649,-116.18575756120013,0.5642591874002312,280,338,345,912,0.3706140350877193,0.3620846680583887,0.41415871169530355,0.9196192880929829,0.6310691280429332
-107.60192281192718,-115.91386203810187,0.5663022687551291,285,343,312,912,0.37609649122807015,0.37071222758403105,0.4690722493412719,0.8960764242488427,0.6172228926028827
-104.44543813214095,-116.00172857383446,0.5706324072001088,303,342,318,912,0.375,0.34952689881601023,0.46849511285600604,0.8819214874397945,0.6217806331146548
-108.06863400166635,-115.7925614865668,0.5678688870401277,350,329,377,912,0.3607456140350877,0.36450311364796373,0.46957843981691705,0.8995383108306035,0.6240143771107843
-110.57368825755033,-115.8366955390394,0.5720521521743948,315,353,330,912,0.38706140350877194,0.3810678679110171,0.4508957590251281,0.886137215179711,0.5979075649965988
-80.53914602317982,-115.55061492343273,0.5737837029847985,366,296,388,912,0.32456140350877194,0.34131622561179426,0.43228758898931846,0.8899418487649909,0.6231771410944973
-110.82286442989412,-115.43903585542131,0.5747229664177038,342,343,344,912,0.37609649122807015,0.36893171169282435,0.454518594689077,0.8709738736590958,0.6508674815832906
-120.1971113223131,-115.34179604185597,0.576958319955562,325,337,347,912,0.36951754385964913,0.36492201088465426,0.4678519402898447,0.9103285350821911,0.6518730579397531
-124.7068823190823,-115.37456848366512,0.5944694574171895,275,357,295,912,0.39144736842105265,0.4001864343207992,0.4501237460999923,0.9024175454056512,0.6133018403331801
-128.2153487843117,-115.37125885056358,0.6045761000110891,319,351,371,912,0.3848684210526316,0.34245741717971856,0.4268436595290436,0.9291840342194971,0.6531242429131746
-127.92943915421972,-115.62657639844473,0.6317169545212904,287,378,297,912,0.4144736842105263,0.3915481566697131,0.4774392387066861,0.8788133372244946,0.6311404312679721
-118.17356568145031,-115.34102307327608,0.6342461822362718,312,347,330,912,0.38048245614035087,0.4000096733040366,0.444894701846364,0.9056671183137822,0.6290509820136713
-81.83416643242771,-115.12778640171972,0.6392281663679652,407,280,467,912,0.30701754385964913,0.37362736222441245,0.4688302094916541,0.9284433648745324,0.6499950095794752
-94.07937963689642,-114.87252707838526,0.6431946713874476,386,310,403,912,0.3399122807017544,0.3725606844732038,0.4678132246855567,0.9205264757079427,0.6301275444320364
-141.42491669549503,-114.84361280181008,0.6393931540504232,276,369,276,912,0.40460526315789475,0.3618104180785431,0.43265816365613874,0.8968270511310595,0.6279867886649823
-130.86747246933822,-115.09441081574406,0.6351603588348881,250,376,262,912,0.41228070175438597,0.3543121986004266,0.4670500240637614,0.8504324699823743,0.597477034650958
-117.63669930065548,-114.91557846102678,0.6385186927446341,290,336,301,912,0.3684210526315789,0.37075686710804323,0.43554630669387007,0.8752874273351093,0.6440472394849058
-121.2414983018801,-114.99523950679173,0.633465352209219,315,356,338,912,0.39035087719298245,0.38207596748303135,0.45259761373075796,0.8889628030902615,0.6582003384522882
-86.56405034776756,-114.22130307845397,0.6346682790252822,387,291,400,912,0.3190789473684211,0.3539795807829534,0.4281926860590291,0.9056745135719511,0.6370287723263872
-125.54435477134766,-114.05642840665594,0.6452955444164027,289,351,309,912,0.3848684210526316,0.3835170580276614,0.46691936084864666,0.9191609218175385,0.6189916313097669
-117.69086981319946,-114.2797594438578,0.6449139125650512,302,359,315,912,0.39364035087719296,0.3748754209294547,0.4544008821370277,0.8555687754143362,0.6516802632618496
-113.04633251562475,-114.31973850973391,0.6505174619049425,268,360,291,912,0.39473684210526316,0.38327365107219385,0.4397573105642224,0.8749300236865077,0.62708590361706
-147.26272990698743,-114.84762988093188,0.6523890168591846,273,389,282,912,0.42653508771929827,0.3672549997253886,0.4630833862401163,0.9187592486888421,0.6164329772040508
-119.97389979788676,-114.59277451412495,0.6527499958743022,317,337,358,912,0.36951754385964913,0.3749848757296588,0.43902405399817923,0.9236084378816606,0.6270852208812946
-99.37070196757541,-114.25440241219786,0.6449260186094905,371,314,382,912,0.3442982456140351,0.3301346186715189,0.4846677258804927,0.926619693577403,0.6188603071477607
-102.0404252764598,-114.04367667763543,0.6538656644996615,341,322,347,912,0.3530701754385965,0.3319498912656505,0.4822368290246028,0.9082331683010798,0.6207119794971795
-95.21085211250242,-113.70232918434237,0.65873402229442,341,347,364,912,0.38048245614035087,0.31521638082728215,0.4860452537511525,0.9034747598985109,0.6382569701427672
-143.14753847577393,-114.16292463850492,0.6474006184808785,269,385,313,912,0.42214912280701755,0.387065977537967,0.49827836549040977,0.8910035018553328,0.6418028805061822
-95.84370216430995,-114.08415566215457,0.6374929053816505,358,324,415,912,0.35526315789473684,0.36732503923994886,0.45662006100225094,0.9221031513363735,0.6546592781973816
-150.62219948044827,-114.07764127052017,0.6344313348802809,241,386,267,912,0.4232456140350877,0.39435584638635934,0.4138822708830885,0.9172975419300801,0.6471000516481583
-127.41972847024655,-114.08298576702526,0.6437890778727532,254,360,342,912,0.39473684210526316,0.3707495178967289,0.42977678994802426,0.9084926959936,0.6369341649196508
-109.1522064290633,-113.65567234185617,0.649252236228563,304,343,344,912,0.37609649122807015,0.3591328049551233,0.4773368020274131,0.9076986410287734,0.6410351293707107
-135.69560884396574,-114.16757851166399,0.6478376589942563,292,359,307,912,0.39364035087719296,0.3478254574709865,0.46351061385440734,0.9224912526533297,0.6453162309745554
-90.41305107680466,-113.96535328685967,0.6456838345844247,331,316,388,912,0.34649122807017546,0.36538043693598743,0.4321742922240991,0.9347011848416323,0.6351342524728344
-72.35505652350507,-113.7187258878852,0.6447550917230745,393,283,464,912,0.31030701754385964,0.37203033596667073,0.44300454499176617,0.9239536409364661,0.651869461912229
-105.76307004296481,-113.8570088988301,0.6629818037647418,343,334,375,912,0.36622807017543857,0.3643362719676204,0.45044411723595223,0.9149797753319865,0.6413420555483432
-131.00013158943858,-113.93917669357339,0.658775583632944,284,374,312,912,0.4100877192982456,0.38711315998967455,0.4443838629906504,0.908712426991816,0.6355211174226839
-104.08928247528695,-113.82989542494691,0.6519603260878385,326,338,343,912,0.3706140350877193,0.37149221217046985,0.44246162582985515,0.9107654061024109,0.6284762454067643
-83.22320062968076,-113.71569828826881,0.6497473438451696,380,301,388,912,0.3300438596491228,0.3546916391190188,0.4383957863658862,0.9077390132271171,0.6464717727926336
-112.32145583809233,-113.90430084168064,0.6530264168714163,342,342,359,912,0.375,0.3638644985689315,0.4367520322358999,0.9257698518489831,0.646259450751473
-125.72706554998729,-113.98298688813867,0.6594115838876669,333,345,346,912,0.3782894736842105,0.3550216126549801,0.4829299187964943,0.9040062830692263,0.6337778085786442
-109.7839288836292,-113.98837335493934,0.6553513298548493,335,331,335,912,0.36293859649122806,0.35416206288402224,0.46284926415245214,0.9224166803235475,0.6276880592749013
-141.20900213468678,-114.44985430303586,0.6430219219134257,276,375,298,912,0.41118421052631576,0.3676364750239171,0.4584796533268589,0.9203063007216016,0.6441400088811745
-99.79645137060712,-114.02274634593442,0.6271608129340851,334,322,359,912,0.3530701754385965,0.35160484173648193,0.4492349379910993,0.9171810057967122,0.6422169225641312
-119.12907532698415,-114.04497808498724,0.6286232294676144,298,334,322,912,0.36622807017543857,0.4229500431059984,0.4373344543161655,0.9199523141977837,0.6375861745906451
-95.89375120125771,-114.10400311678681,0.6324825081463995,374,285,428,912,0.3125,0.383449535832327,0.4658776692861173,0.9132901575698309,0.6581475363304218
-123.25377077081056,-114.36064403620892,0.6322915055344107,323,343,341,912,0.37609649122807015,0.4050829294203121,0.45989389892086924,0.93223008723685,0.6301031212987219
-131.32300530864669,-114.48800279211909,0.6378157570173358,295,353,320,912,0.38706140350877194,0.4107283428618812,0.4266180285828959,0.9089474043441609,0.6577434382314848
-98.50403841050111,-114.35889631016202,0.614254726954181,341,321,413,912,0.3519736842105263,0.3575070269637485,0.43970919688009086,0.9033430387406561,0.6536636853176475
-123.39705087352039,-114.58363891589404,0.6129426922952217,327,339,361,912,0.3717105263157895,0.3793290048591474,0.46388935979264667,0.9168763491824227,0.6742109966538948
-110.47093506012791,-114.40483620436038,0.6027235181567835,348,338,370,912,0.3706140350877193,0.3646958893279229,0.4703618472850902,0.9072944665410733,0.6539849132087067
-78.73169965219911,-114.26009393427061,0.6057754712903235,374,299,393,912,0.32785087719298245,0.3527624330405131,0.42687232929703317,0.9020702821397242,0.6542195177053822
-76.07446825341367,-114.15424192723054,0.6057000092919832,385,301,406,912,0.3300438596491228,0.37194408672733387,0.4383245210196234,0.9011517768183226,0.6571657847614526
-116.53565507060016,-114.14221772754694,0.6092985325828387,336,333,359,912,0.3651315789473684,0.3642701430620213,0.4633654558079338,0.9202324210341608,0.6278997940452501
-75.88919221710474,-113.79066314579137,0.5999656770366015,374,291,376,912,0.3190789473684211,0.3591024110402342,0.44575227384725,0.895000419422927,0.6405297945744648
-153.22309755323036,-114.48494331137304,0.6009217458083187,226,392,226,912,0.4298245614035088,0.3824264233806565,0.39484688069942786,0.8924417478814903,0.6191177917111826
-140.38201915341477,-115.02417737610645,0.6068073468256985,287,384,298,912,0.42105263157894735,0.3557201463667634,0.4827488948142727,0.9097703376416382,0.6390809085955174
-147.13343375137953,-115.4036322009916,0.6249635872718257,244,393,256,912,0.4309210526315789,0.36260616979441007,0.4619075882583735,0.8995938109042375,0.6179285913200173
-113.60567245537551,-115.2490474282149,0.6264930659088664,325,346,327,912,0.3793859649122807,0.3229196119817771,0.46166285935005635,0.9168970533790904,0.6539228755926166
-126.49419284989293,-115.2806599139599,0.6392316032454534,289,368,332,912,0.40350877192982454,0.32929954523890637,0.4555281171170426,0.9224079867837119,0.6234760454595433
-85.0573728223192,-115.13621414990672,0.6384706715294738,378,294,403,912,0.3223684210526316,0.3366136063951241,0.4763228580542597,0.9163937592542221,0.6577914033567275
-127.73174241327015,-115.39754144793056,0.6447543695882689,277,350,347,912,0.38377192982456143,0.38085567308506646,0.45380502575425946,0.8982703829766926,0.6459230551775762
-125.07411094234376,-115.66866728455513,0.6450166197541856,332,358,347,912,0.3925438596491228,0.40926992465195483,0.4487390313614888,0.9045057271296338,0.6114600298052567
-131.67772934293748,-115.7273666995836,0.6464685755400394,255,371,287,912,0.4067982456140351,0.4262348134036837,0.4724302334002463,0.9105935454046281,0.6340282176013552
-145.035295989747,-115.99941200806526,0.6508774015803286,255,385,298,912,0.42214912280701755,0.3885300767079141,0.43072466022236827,0.8963620807394129,0.6427954190086426
-124.84090871306098,-115.92517490973678,0.649896087611118,320,355,324,912,0.3892543859649123,0.3815940269969672,0.4626511732887612,0.8968587546596468,0.6118266195605139
-124.13266995241045,-116.27232899209248,0.6450121534584997,314,345,353,912,0.3782894736842105,0.366031879236327,0.4891931166552565,0.9046356061917008,0.6646497488136386
-78.90697871669207,-115.9900269934221,0.6486776670056426,372,292,415,912,0.3201754385964912,0.34510323352511385,0.4625093516968225,0.891663966240248,0.6257319398151979
-98.88065961408246,-115.8489268574486,0.6458574944126815,332,343,370,912,0.37609649122807015,0.32907391775606204,0.45057883207690674,0.8890960012947168,0.6622062478829466
-105.56816207866099,-115.84951351161811,0.6481482741297083,360,315,387,912,0.34539473684210525,0.31190601683011704,0.46005918580894817,0.9148418814577469,0.6396980611675932
-142.0043457128025,-116.0650666716337,0.6669956300686638,225,402,233,912,0.4407894736842105,0.3604930845544011,0.4528424313985039,0.8937899841261174,0.6186910959130278
-116.17760980381533,-116.12267695117572,0.6574704087608363,328,344,352,912,0.37719298245614036,0.34732043240067034,0.44667445578870113,0.9245577076954534,0.6345467894827893
-107.08992268538442,-115.85969857567419,0.6441735159310978,293,331,310,912,0.36293859649122806,0.34481278262659565,0.448203939877442,0.896008135147802,0.6551185943207838
-131.77668984891423,-115.75830544661801,0.6470199391770444,288,365,318,912,0.40021929824561403,0.353438937752155,0.4554860493746045,0.9086395643967756,0.680900950561128
-107.79726929751075,-115.61628607919361,0.640720699333572,280,350,341,912,0.38377192982456143,0.3600923410557199,0.46582755252038105,0.9091297307029157,0.6146577386767343
-127.72370620776285,-115.96128121126192,0.6426273494962621,295,347,354,912,0.38048245614035087,0.35220949856812167,0.44002712099050995,0.9077573544436509,0.6416688598131455
-108.29717986492763,-115.93571318792043,0.6395038172397395,348,326,349,912,0.3574561403508772,0.37052783795934585,0.48286582305208126,0.9135204724840901,0.6292387181887276
-157.1116932262528,-116.30154905796206,0.6353300477321076,276,388,312,912,0.42543859649122806,0.3850959064681088,0.4332342248816262,0.9158143962798108,0.6612120815147385
-106.44460805710581,-116.3469189147309,0.6431039680800419,322,334,343,912,0.36622807017543857,0.3631930535367855,0.4453273441049727,0.918602167301489,0.6335391243890166
-111.2127175342628,-116.02554574035348,0.6439426488174814,280,366,338,912,0.40131578947368424,0.3315400278074119,0.4607762209492522,0.9005439568725228,0.65307364926495
-103.29235470251321,-115.9459331138785,0.6423526502674699,330,332,354,912,0.36403508771929827,0.36486580754363435,0.43510748004470584,0.9061838104845212,0.6491083040901648
-123.54770300884336,-116.1009410902757,0.6547092980580591,315,367,343,912,0.4024122807017544,0.3726583383176789,0.4518475472757993,0.8820413230865886,0.6771950481647194
-108.1688653890594,-115.80253816999766,0.6417702818595139,324,338,349,912,0.3706140350877193,0.4001277609217783,0.46384946533281923,0.906253813458179,0.6512945806262027
-97.38528800224235,-115.51037475052985,0.6340861473923229,379,314,386,912,0.3442982456140351,0.4146515782509807,0.44894991211442603,0.9183870426000468,0.6349971624561926
-114.56056640961803,-115.27535622366811,0.6301922597249611,321,339,324,912,0.3717105263157895,0.42034498447021224,0.42872297067086307,0.9250323520457574,0.6285846411995687
-122.7372132242974,-115.2278719850122,0.6336725495245311,293,366,303,912,0.40131578947368424,0.37607292020455985,0.47152418026615806,0.9116908600979161,0.5811733130839294
-140.81613895241,-115.37426989691265,0.646995226979065,288,356,327,912,0.39035087719298245,0.37234188026373327,0.44355265886542994,0.9087113469927811,0.6366565381637839
-102.35590793160672,-115.188960240931,0.6474716871185748,346,332,383,912,0.36403508771929827,0.35148412484800096,0.44265244719725094,0.8980881650820777,0.6612237270331486
-106.67734196322232,-115.00723828296576,0.6444623974888983,349,344,377,912,0.37719298245614036,0.34307854806156596,0.47902938892920055,0.9080841011382792,0.6383700504531453
-141.12003601284295,-115.20661201399618,0.6391938873931126,274,381,306,912,0.41776315789473684,0.37551550045718773,0.458024064702971,0.9213782288753901,0.6519809523638688
-104.89293236301324,-115.19575112293272,0.6463130667025666,300,336,328,912,0.3684210526315789,0.38894324791165,0.42371802913620876,0.920492115639318,0.613720978733745
-169.28294128682938,-115.6239721124046,0.6549797422480098,242,408,261,912,0.4473684210526316,0.3637371188093612,0.4619225461671772,0.884406039568995,0.6257772523073294
-98.28748720825637,-115.74844270547699,0.655797694047924,328,337,367,912,0.36951754385964913,0.3347540800949884,0.4326608792134394,0.9027303225462578,0.6244296520524434
-87.128702902125,-115.38445600035583,0.6541560283217603,349,309,397,912,0.33881578947368424,0.34370843728354683,0.4538783976880601,0.8964520858420088,0.6368896265736069
-145.7121768420615,-115.55792422403671,0.6609446050099028,263,374,273,912,0.4100877192982456,0.3614193973878329,0.43581717818698607,0.9103905212128627,0.6308588001155505
-114.77913554737412,-115.55419535758348,0.6483372882384921,339,343,359,912,0.37609649122807015,0.3559210814153522,0.46615527545746727,0.9032319793369977,0.6392468940092547
-96.35988634146906,-115.0889213252239,0.6418499674059719,359,315,436,912,0.34539473684210525,0.3855578290961432,0.4680841055655379,0.9093756653343107,0.6642604295861453
-103.76535719307107,-115.08177247604264,0.6396322253442454,321,332,389,912,0.36403508771929827,0.3669445097282553,0.45995080890646445,0.8891068679311106,0.6737212854034849
-124.44257039841409,-115.34600833212893,0.6361367198064299,302,348,346,912,0.3815789473684211,0.38516728315240195,0.46524247503150173,0.9010974478159448,0.620289656992398
-88.90326304050834,-114.76757437394431,0.6401863605657452,398,295,447,912,0.32346491228070173,0.34285354385785455,0.479077929660732,0.9470977375880792,0.6540321027706584
-116.92894854956604,-114.76352318244341,0.6425753220816042,294,351,340,912,0.3848684210526316,0.354670238384918,0.48282118261406204,0.897430139314698,0.6482638974662814
-88.9497400415883,-114.57700135474,0.6387056111533753,355,306,390,912,0.3355263157894737,0.3707136634378584,0.4285444118950496,0.9282197522460177,0.6412000022892125
-83.50683902691448,-114.36761536368775,0.6320279711943068,368,297,397,912,0.3256578947368421,0.36550268262925056,0.46626558405861906,0.9115854919356378,0.6365395282110482
-122.382006665705,-114.51074909032812,0.6293663250530391,300,356,341,912,0.39035087719298245,0.3802526744711285,0.4788059366622394,0.9133335113181488,0.6242728766109807
-118.34482718347778,-114.58846047958741,0.6507921016193906,305,353,326,912,0.38706140350877194,0.3747322766957987,0.44304568945193,0.8991780827426669,0.6466973887872846
-123.97505458588016,-115.02281956521442,0.6525729629672624,291,356,310,912,0.39035087719298245,0.35921319673290436,0.45720550963805284,0.8951715992864258,0.6364601070078378
-121.9754851945308,-115.13434577286075,0.6623562007869207,300,347,351,912,0.38048245614035087,0.3743206386230214,0.4489509937445082,0.9211619331731402,0.6594031637319983
-148.17943294800273,-115.41416898911768,0.6632102538232268,259,392,261,912,0.4298245614035088,0.3488492600234539,0.4374102519811284,0.8778881338960138,0.6634464056299426
-125.61943514153943,-115.42329451734224,0.6536936500227258,298,362,324,912,0.3969298245614035,0.37340211699359277,0.4559188526406459,0.9168300789613761,0.6357200711179914
-133.56153752513862,-115.47675640475052,0.6462243203949869,316,351,356,912,0.3848684210526316,0.3490851007409988,0.46453727971729586,0.9056316523867357,0.6452702829037641
-115.11756932962713,-115.34863770650456,0.6259147440309228,322,346,335,912,0.3793859649122807,0.3651743160949822,0.4292187320453119,0.9101122607247437,0.6545581784803147
-136.96919116054585,-115.53659396129552,0.6273934972527894,265,381,298,912,0.41776315789473684,0.37796822982373257,0.47651717495480767,0.8906531307787589,0.632066726877024
-110.99550521852179,-115.82820734915646,0.619305541296426,364,334,382,912,0.36622807017543857,0.3585296077808164,0.46547913156700005,0.9186051840522861,0.6624081025750933
-117.35652294019629,-116.06097878218947,0.6203100502329885,313,349,341,912,0.3826754385964912,0.3658527173980178,0.4638617455680308,0.9147808888430479,0.6297034114676777
-118.08305168459101,-115.82756013208042,0.6214724786400955,319,322,382,912,0.3530701754385965,0.3933180372999679,0.4388888898412147,0.9115172641586452,0.6521143410917646
-114.47886689875156,-115.66367407637455,0.6203676005056912,321,352,334,912,0.38596491228070173,0.37872328791333104,0.48643964738594536,0.890115062565625,0.6744971695495653
-136.49176003255207,-115.8522246836935,0.6179555721813538,265,370,305,912,0.4057017543859649,0.3420230596675843,0.4536504334129626,0.9053072192567592,0.6656590879460268
-132.11601844341217,-115.96096988510884,0.6258783327071723,330,356,345,912,0.39035087719298245,0.3291568131814393,0.45599910521454945,0.9291382385293169,0.6437532841568053
-143.435594780795,-116.5296853294391,0.629497426935314,264,392,292,912,0.4298245614035088,0.3475820039182399,0.4691674209803157,0.8833682673624471,0.6454077408496889
-107.95834433255801,-116.35382522505121,0.6319476988696924,321,309,373,912,0.33881578947368424,0.3669593647744033,0.4397684038317865,0.9434246517311705,0.6220440341283455
-113.38599850326283,-116.31077651195184,0.6319753924013497,360,345,385,912,0.3782894736842105,0.37480487243164956,0.4444559193337694,0.922956549080041,0.6438011287565745
-120.24334098798421,-116.38274659667546,0.624832899536115,327,356,355,912,0.39035087719298245,0.36681554241220493,0.4688689401839618,0.9118375092486666,0.6459612418581608
-106.2635230913314,-115.9727545285189,0.6444723241816288,348,334,358,912,0.36622807017543857,0.3512112334640022,0.4440266962170512,0.9050011688446769,0.6145422975550152
-114.92499145971864,-115.92226544513721,0.6413551152758871,338,329,355,912,0.3607456140350877,0.3569617943208527,0.4835540300012861,0.9035173302336533,0.6515406760605461
-105.37223578360336,-115.9822807832975,0.6478521524781681,310,351,333,912,0.3848684210526316,0.3380439587370902,0.463650013268117,0.906711762486851,0.6384878791796064
-84.57937959992913,-115.80767032653218,0.6470255256099182,368,289,408,912,0.3168859649122807,0.3416916792750094,0.4362132983571345,0.9143166114306527,0.6511035166324706
-120.72195548082476,-116.06278136021541,0.6446121529740343,322,341,364,912,0.37390350877192985,0.3704624934873788,0.44675923468862627,0.9308461151778972,0.644124820527817
-147.7304892856465,-116.10861086831413,0.6432353980613376,312,360,315,912,0.39473684210526316,0.3838930415393233,0.46186051823742547,0.9237651652424926,0.6472149920349687
-118.11976307531427,-116.33137147742418,0.6413475099328637,302,344,330,912,0.37719298245614036,0.3471013358388425,0.43587616137432966,0.8883960528096008,0.6622809952163923
-116.10944677671557,-115.98624395038686,0.6430994378842688,330,343,371,912,0.37609649122807015,0.3643549247797059,0.4650344761418702,0.8896991131931502,0.644440421423241
-86.10104058029265,-115.57305707148731,0.6323394236328329,352,293,385,912,0.32127192982456143,0.3440655322414199,0.4224136827393729,0.9127562034390522,0.6512676317429604
-164.37971034207956,-116.12533211061749,0.6270440764635448,256,388,271,912,0.42543859649122806,0.37883003593322706,0.45540688716878447,0.9081179047823832,0.6434277145827996
-108.26979438611441,-115.85107396603898,0.623540837130037,335,345,349,912,0.3782894736842105,0.3439381558653525,0.46781659196303854,0.8896511946942885,0.6467244676865979
-132.86027568904183,-116.27554621216136,0.6309489319769332,275,358,318,912,0.3925438596491228,0.40263752797064045,0.43126331622803316,0.9020028378149401,0.6628494807113577
-122.31548506304455,-116.77515049755675,0.6339753931824883,299,357,324,912,0.39144736842105265,0.3828161210735422,0.45119572454008156,0.8949160469071318,0.6494698298969114
-90.76661360546764,-116.62518593318177,0.6099998439450655,355,310,389,912,0.3399122807017544,0.378754294977157,0.482704216178211,0.92740402312178,0.6479472526603827
-108.72577226444136,-116.40244233993177,0.6114371765038475,335,334,372,912,0.36622807017543857,0.3713713285332925,0.44521472355965935,0.9322482860046634,0.6265296935678384
-127.8753384774845,-116.64030289995375,0.6106564502184697,304,352,361,912,0.38596491228070173,0.3487443483640954,0.476074496134883,0.9114866143729233,0.6710410179678464
-118.66006634523139,-116.99467155710926,0.6122971062921121,324,344,340,912,0.37719298245614036,0.35422692220978846,0.4527002092256615,0.8980790656806056,0.6251405164779209
-149.0731364613394,-117.36218836334174,0.6237925709231096,280,381,307,912,0.41776315789473684,0.3622983114747715,0.4807542401092807,0.909638074282103,0.6106392981513996
-142.10096155450995,-117.52592732338697,0.6263607920181795,276,384,319,912,0.42105263157894735,0.34911538529538044,0.4810688093209848,0.9024123035565547,0.6495569506979573
-122.51783286483665,-117.65326636319904,0.6164822474427499,313,345,326,912,0.3782894736842105,0.3929920199951316,0.43726691040522525,0.9069985879567232,0.6603369327665184
-98.53273534544734,-117.22650369530662,0.6178622623660438,303,346,341,912,0.3793859649122807,0.3387165819008773,0.47596262709058784,0.9020901821619494,0.6391807245963531
-110.90249126240744,-117.33756409422463,0.6233603854794595,341,334,362,912,0.36622807017543857,0.3526136488453224,0.423172141502259,0.8826097639042781,0.6680531675977855
-109.74025187432505,-117.24367585969804,0.6322069403752734,310,348,356,912,0.3815789473684211,0.3378523881211278,0.43047313200834814,0.9030007758705612,0.6318696652737416
-113.47424045112936,-117.41948075219676,0.6362823889237413,310,359,312,912,0.39364035087719296,0.3706063256543402,0.47402284545122025,0.874414417643988,0.6359276927123382
-155.21462702559143,-117.73908931474458,0.6402451268587379,269,393,274,912,0.4309210526315789,0.3808247259845046,0.5322581823436688,0.9143579317325575,0.638917547775895
-142.58581988318593,-117.85171746048997,0.6379041631044653,259,377,306,912,0.4133771929824561,0.3708440066636471,0.4455854737663209,0.8945662064451896,0.6312512426397741
-99.2443778496653,-117.85912085488161,0.6382203003315114,331,309,381,912,0.33881578947368424,0.39780755538727847,0.47066244518460615,0.9261960887278109,0.6422923854976399
-136.46870038124553,-117.98983734995885,0.6457879573568731,320,344,340,912,0.37719298245614036,0.36888651869899886,0.4275880433693534,0.9231698687166013,0.627822926017744
-104.39945731104382,-117.92912257246802,0.6459390009208729,314,343,318,912,0.37609649122807015,0.32662179094082094,0.4612155058970372,0.893968781211545,0.6022864857953655
-99.54558642918381,-118.13726144023785,0.6471244463276252,321,340,331,912,0.37280701754385964,0.3298117253591401,0.47861075475757764,0.9021888586445267,0.6383049260480492
-103.92585789452163,-118.41577533664893,0.6536908314236459,299,359,308,912,0.39364035087719296,0.32249838271356385,0.4693456642542513,0.8991244081798729,0.6180166677759824
-116.90262638768328,-118.41944504981977,0.6508157502239582,314,360,315,912,0.39473684210526316,0.36672719112303453,0.4805602097954628,0.8859548323343626,0.631952523569657
-133.2867459412593,-118.99342058706132,0.6477607110319552,311,356,328,912,0.39035087719298245,0.37253357135411175,0.4558767982130864,0.90025798196664,0.6540914793698402
-137.71056884201093,-118.83829529994914,0.6504881019128438,266,382,289,912,0.41885964912280704,0.36943070660924104,0.452892578027718,0.9061291212972264,0.6123340395745734
-137.2183546564067,-118.80665865497903,0.6445221143838222,284,369,352,912,0.40460526315789475,0.3696288639596258,0.4333557798409508,0.9248495462082844,0.6202681009090497
-107.69047934874673,-118.41222911095272,0.6227223224915956,345,323,377,912,0.3541666666666667,0.35630979781489197,0.45262345523188374,0.9197115046802175,0.64608531359956
-87.25907717336675,-118.14876315813262,0.622215262214651,349,319,403,912,0.34978070175438597,0.36776754075113205,0.4549161440639174,0.9215973345219917,0.6245608186644961
-114.87553773872438,-118.03257660702097,0.6039622154132527,305,342,313,912,0.375,0.3718683492076288,0.47126568989053247,0.8859028419902577,0.643264572970637
-88.9931689001196,-118.07193456779896,0.6012900436544697,308,316,362,912,0.34649122807017546,0.32655867885340284,0.4523901602836855,0.8900878696839393,0.6293044724325928
-114.98191381189562,-117.94443628178522,0.588481463698558,332,338,361,912,0.3706140350877193,0.3304355038485995,0.4338540137597107,0.9085252793658859,0.6425932383922269
-151.8202245615892,-118.21189741797767,0.5919423192546759,238,414,244,912,0.45394736842105265,0.34294946840761764,0.4369863966032968,0.890384692130383,0.6028227297035702
-128.09589688862917,-118.1760790934346,0.5966188140348209,270,362,276,912,0.3969298245614035,0.3479500818734379,0.4458859546918035,0.885016341176769,0.6137797923411669
-93.59295289946957,-117.66165566253183,0.5904505435049636,367,303,414,912,0.33223684210526316,0.3650216091224515,0.45320479088880383,0.9070346469888761,0.6476028565608685
-95.36776792095657,-117.36692425461077,0.6006965942183374,322,314,385,912,0.3442982456140351,0.3695469438100663,0.4216415715265783,0.9025263538989442,0.638625041594632
-124.21310231805208,-117.36772857826716,0.6048197457156177,270,357,330,912,0.39144736842105265,0.3546049735289843,0.4386949449500507,0.9193897628564619,0.6375932840704936
-122.4888316690085,-117.80354710779035,0.6112701486148197,313,354,318,912,0.3881578947368421,0.3746778198009207,0.42154161136848467,0.9002817311533643,0.6094170423207214
-112.45316128298974,-117.93927212447943,0.6059634472374706,267,361,329,912,0.3958333333333333,0.3564879518307431,0.4546314925859006,0.8848769884671013,0.6559077526088252
-112.31449253771838,-118.00673542906999,0.6073529921563482,346,322,364,912,0.3530701754385965,0.34965313419338695,0.46068618770444525,0.9292541997154379,0.6446645554594003
-162.5026636177975,-118.21171860811995,0.5858597029246925,231,397,255,912,0.43530701754385964,0.38355109747634336,0.5002653016652707,0.8988446341486643,0.6519873437325138
-112.35428333060493,-118.17348534338785,0.5855544028494711,335,324,364,912,0.35526315789473684,0.3210511661945474,0.45507135040499125,0.8826665693197301,0.6479211570131874
-118.76075462148434,-118.29019366274885,0.5815265099918617,325,354,335,912,0.3881578947368421,0.34233323223668327,0.43302153652158637,0.915244662620392,0.6415712393252604
-151.07414607008656,-118.48316822496055,0.5852947150810909,222,397,227,912,0.43530701754385964,0.3697908983033944,0.43708364220325924,0.8662295592065088,0.6251281314487255
-96.0691250427331,-118.36588678241279,0.5891233439405181,328,320,360,912,0.3508771929824561,0.37928014683098815,0.42516383074283887,0.9018579265766148,0.6361772471833443
-123.11214621312898,-118.31977118246645,0.5877366051712625,325,358,351,912,0.3925438596491228,0.35247660752007764,0.4790131814219641,0.8941224763362551,0.6600340476502786
-105.09586327856158,-118.28775801660278,0.5913652538491173,361,324,385,912,0.35526315789473684,0.35329937022619984,0.46124257077110503,0.9076249151744706,0.6621135838674163
-126.7971850665516,-117.98461293500577,0.5978019554627743,296,362,312,912,0.3969298245614035,0.35910474611205523,0.4184934569159057,0.9083604061977063,0.6413636807197449
-122.61284111672683,-118.14629526560196,0.5907941694375372,293,356,320,912,0.39035087719298245,0.3490485511169667,0.4564108175778019,0.8771541185143027,0.6500802657905824
-149.68009203783558,-118.5309690106377,0.6118498776128688,285,384,307,912,0.42105263157894735,0.3566985515623356,0.48374028370604166,0.9051109861140864,0.6358513986409428
-130.0730053814284,-118.79877551742683,0.6170495214501497,286,381,299,912,0.41776315789473684,0.35157328742306976,0.45021320751046257,0.8794521726998595,0.6333566353039136
-140.4543941552878,-118.96784242889129,0.6249058389411098,311,368,325,912,0.40350877192982454,0.36332431499973455,0.46896269155757253,0.9104245005384111,0.6463143956361571
-118.81240562426753,-119.07427783124336,0.6345648250346643,305,343,327,912,0.37609649122807015,0.37516530841527923,0.4396861676480653,0.9077017460502125,0.6056282090098978
-84.82196093389123,-118.94864456055986,0.6331204570351202,364,305,377,912,0.3344298245614035,0.34426170129317923,0.49472908430672413,0.9039393054036903,0.6351593243398562
-108.46425285936965,-118.8876814250574,0.6358116367937783,348,325,364,912,0.35635964912280704,0.3793248247064233,0.45536576891062297,0.8964244522526649,0.6379311335112564
-130.94045840753614,-118.96971387688978,0.628515308001063,329,345,373,912,0.3782894736842105,0.3744655720917407,0.43635770742070457,0.9248438586225142,0.6622100769747735
-119.60689475521828,-118.75762143491788,0.6078528048774131,347,333,362,912,0.3651315789473684,0.382890373669907,0.46595197348551304,0.9059696554236911,0.6774963181842927
-114.30294136940996,-118.87709176929587,0.6071676485615787,353,356,369,912,0.39035087719298245,0.3431812336991907,0.45186641909524305,0.8853158731688481,0.617213704904688
-87.95051313363814,-118.68982348100002,0.6094277950934225,383,299,416,912,0.32785087719298245,0.33325314197678463,0.43521822451038705,0.8981019231711227,0.651561479445555
-125.32663338670847,-118.53188945473869,0.6076910641612722,283,341,297,912,0.37390350877192985,0.36205137985390945,0.4582501701235664,0.892961223444738,0.6599468653223443
-120.109205107176,-118.68405218218031,0.5970685670832928,352,332,357,912,0.36403508771929827,0.34867970426122596,0.4456098503128938,0.9209808135887458,0.6624834460732248
-114.42715102357396,-118.13549427954777,0.5847164870463145,343,331,372,912,0.36293859649122806,0.3449782024024679,0.44920525838553016,0.9184394207960941,0.6258358799913107
-118.7919486670901,-118.34053889413612,0.5821953471172288,321,358,328,912,0.3925438596491228,0.3379234338006218,0.44114078331660156,0.8882122989668683,0.6505066188007588
-140.29499036222464,-118.87220176873713,0.5823757759803235,283,376,293,912,0.41228070175438597,0.35805338478632365,0.4655963187484885,0.8942925443728779,0.6466207948108073
-115.63953655829293,-118.57147536589942,0.5798962513781123,284,359,332,912,0.39364035087719296,0.4026693229978579,0.42499458590558004,0.9059381365134968,0.6349106194381221
-133.78228470946942,-118.7615068575204,0.5950113504770779,315,347,331,912,0.38048245614035087,0.3919088976313917,0.4431521971175687,0.8987057570246512,0.6431996132220535
-115.03643621383833,-118.94827235624409,0.5939998381072448,320,331,358,912,0.36293859649122806,0.4113039948496375,0.45521932027810347,0.9175550941800155,0.6272916037190858
-113.5526217520456,-119.04614500183384,0.6075303113289098,315,363,347,912,0.3980263157894737,0.3728367083510962,0.443357884997097,0.8971985791583464,0.6517394891311288
-98.89839401183998,-118.79070323796806,0.6091109048160197,345,316,390,912,0.34649122807017546,0.38433831963189974,0.45556729106624616,0.9190328104401781,0.6496386599787307
-105.82672006989294,-118.95993780826193,0.6070429589060674,312,331,364,912,0.36293859649122806,0.3734459681992112,0.4653715717804346,0.894860072275408,0.6524815877185246
-116.52876499548152,-118.95593597272108,0.6042112533784416,327,333,361,912,0.3651315789473684,0.37094107951972033,0.4396895329423442,0.9286510397703047,0.6295607686332514
-127.29850496459065,-119.33942362195108,0.6039087135887619,269,359,328,912,0.39364035087719296,0.39490263002329407,0.44130285797775454,0.861696075407154,0.6516192999755785
-122.79642409610662,-119.73231947264301,0.6099477917216867,336,342,345,912,0.375,0.37668185008971844,0.4274564957572121,0.9315909769560546,0.654579879969231
-96.2309738770046,-119.470809144756,0.6139749283060241,344,308,374,912,0.33771929824561403,0.35721172306661036,0.45763643990078173,0.9069752635678424,0.6181441421441501
-114.20443871210995,-119.42940526004233,0.5947679276688301,336,337,357,912,0.36951754385964913,0.33854856234755093,0.4719791117907743,0.9142192941599312,0.6322800296708836
-101.8562736378004,-119.20821745056155,0.5941468209737095,351,319,377,912,0.34978070175438597,0.3432146744090303,0.44339195827110334,0.9137071044837767,0.6556259479467016
-148.80615971900215,-119.47652419580626,0.5903771695920098,237,401,240,912,0.43969298245614036,0.38230008474073823,0.47286875864377204,0.8849555714211644,0.6451948487205316
-151.76226087877754,-119.512352475114,0.5935488096864429,239,386,262,912,0.4232456140350877,0.3463135108546066,0.4614357182470866,0.9141856921377673,0.6349335475622623
-130.79791425240373,-119.56413726622264,0.594642650272887,282,362,297,912,0.3969298245614035,0.40651807113661526,0.41463088692916,0.8738756788086824,0.6322169630861756
-109.28613911259085,-119.32138328209716,0.597819624128646,321,336,383,912,0.3684210526315789,0.39590279069439205,0.45184964088006707,0.9034856367174046,0.6450762642385167
-92.69742026262948,-119.09718179142718,0.6007093410147621,336,308,387,912,0.33771929824561403,0.37443569954075306,0.4396633318465695,0.8991952810177155,0.6372268864729198
-124.16827159299768,-118.96917259575171,0.6170718691377339,314,354,314,912,0.3881578947368421,0.3770969808587766,0.4343238231987683,0.9171037480997283,0.6356935794074777
-94.6216418657872,-118.80543396222438,0.6156281626348841,324,317,340,912,0.3475877192982456,0.36273064688479434,0.4767419539316252,0.9055143877081114,0.6458176702046111
-120.344200809128,-118.83531074091368,0.6119807155514744,304,359,320,912,0.39364035087719296,0.4076356301038278,0.440479897783831,0.9241079565302136,0.6303559828423672
-42.63841695825701,-118.08086439365033,0.6112556902735272,438,250,477,912,0.2741228070175439,0.37632068232102983,0.45539475191881557,0.9004277496807491,0.6451459989900378
-123.591506027598,-118.17199078493879,0.6144967117173742,296,355,315,912,0.3892543859649123,0.39322088626724105,0.4524612556582774,0.8894689308536864,0.6715707888293605
-102.43118203564684,-117.83138500496975,0.6187889635276073,333,340,334,912,0.37280701754385964,0.3600107707643899,0.4440744759370837,0.8975117243987608,0.6200770964442139
-175.37052401595,-118.26393006069513,0.6108860491594172,233,417,250,912,0.45723684210526316,0.3678122528254146,0.4229459066083848,0.8903910768445895,0.6374010854646192
-89.0031294778893,-117.7196054076661,0.6058695995630256,376,304,384,912,0.3333333333333333,0.3221313438898051,0.48546069589682767,0.9164843323824128,0.6634806399400658
-135.5332531220516,-117.99535449556102,0.5977946185954761,263,369,322,912,0.40460526315789475,0.36896614617587753,0.46729077303469924,0.8940273869080938,0.6403422117312071
-147.1877987227396,-118.33337249775579,0.6052077625075857,262,397,300,912,0.43530701754385964,0.3788730189750702,0.46046793562572524,0.8945030363953467,0.6349436490441276
-128.59782517696505,-118.4169173396456,0.6118788980261995,290,364,338,912,0.3991228070175439,0.3730306594247683,0.439082454188551,0.8806907719288805,0.6210500554106959
-94.71910164894231,-118.3014731252217,0.5908041364478358,346,322,366,912,0.3530701754385965,0.3471723092374882,0.43369449549583144,0.921706031369894,0.6505535467644675
-121.93423628157586,-118.37156557344025,0.5933456865787238,288,359,309,912,0.39364035087719296,0.3791763412999585,0.469733568950309,0.8921575406185999,0.6418315854400826
-126.27393565720361,-118.58058257217627,0.589822249835985,285,371,299,912,0.4067982456140351,0.35894029510090925,0.48553535723449515,0.9056279781618203,0.5996597023590184
-106.91656771310491,-118.80395445330801,0.5853145250742305,336,332,350,912,0.36403508771929827,0.3407705142394763,0.4605321538726551,0.9013455006485213,0.6290327113892588
-119.67812361701576,-118.79351613466991,0.5807805295123258,293,357,312,912,0.39144736842105265,0.364187022770646,0.4611367867148039,0.8945891382371743,0.641928796439211
-83.73888439731303,-118.15360008578661,0.5778963188186104,387,294,421,912,0.3223684210526316,0.32068317753491665,0.4628245407259079,0.9170831784532698,0.6613708285969034
-120.23008158181636,-118.17470327085162,0.5841496925011548,303,349,362,912,0.3826754385964912,0.34733777498432267,0.46630695330600264,0.8915555659720015,0.6671257891365198
-138.2813212626468,-118.39642201571094,0.5897813613336994,283,363,325,912,0.3980263157894737,0.36267430515898097,0.47072959888482097,0.8841516999122887,0.6250311442658534
-106.46176962848645,-118.60002930619287,0.5947350470397905,328,335,359,912,0.3673245614035088,0.30464674892681487,0.47670257573176533,0.9301386038988771,0.6551833527181091
-89.80723740442784,-117.85430457681633,0.5984655056153396,342,322,380,912,0.3530701754385965,0.3320710918700206,0.4501482704273524,0.9014029952418955,0.6182962154042241
-115.80548979198741,-117.9296615308751,0.6017205838858201,301,357,359,912,0.39144736842105265,0.3409547081866017,0.476229951340411,0.9011280093400155,0.6366464942770994
-122.75717722483562,-117.82863054623303,0.606559579096631,293,347,364,912,0.38048245614035087,0.37995567051690243,0.4520331824375904,0.9321238213691044,0.6137848955982493
-114.07642439814059,-117.74623993958399,0.6068947620032096,324,334,375,912,0.36622807017543857,0.36577393324864294,0.4538656826761623,0.8815845889827503,0.6366936018600697
-118.17597287712535,-118.0203335323006,0.6155026788393603,335,344,352,912,0.37719298245614036,0.352233579739464,0.45875318135916493,0.89866872981514,0.6487206088314635
-120.25087024759674,-118.13558451213214,0.615451903548449,312,343,321,912,0.37609649122807015,0.34005585713650516,0.47302982051048587,0.9053658366702543,0.6286420114572698
-121.28766047420174,-118.0697077320993,0.612875042318526,275,358,306,912,0.3925438596491228,0.35776417441812725,0.4964089399432424,0.893197314833068,0.6491519704229566
-110.00016506324249,-117.98310871927939,0.6121906665653369,333,334,336,912,0.36622807017543857,0.3393156150983509,0.46620243568164826,0.8860202254288451,0.6348570474783003
-112.38020848662582,-117.61617943953226,0.6030371071436356,316,331,372,912,0.36293859649122806,0.37873533986757196,0.46728424067786783,0.917463417257618,0.6461864265113632
-144.2579038569208,-117.63774886255636,0.6036285143422419,320,354,338,912,0.3881578947368421,0.3655668250118334,0.4658483462654232,0.9222707890491236,0.6198794326424701
-153.71822133342,-117.9497527472422,0.6032835179185358,264,387,277,912,0.4243421052631579,0.38244817245635365,0.42336937983619066,0.9108049983715296,0.6243448854480947
-121.8649692711685,-118.18307508649941,0.6261453928265992,269,380,281,912,0.4166666666666667,0.3724614081093577,0.44671807509898426,0.8743424044381087,0.6202205416064186
-120.83151821584016,-118.28236535603372,0.618767723116827,278,366,300,912,0.40131578947368424,0.3510445935429901,0.461241743017368,0.8994708870248456,0.6277779447692658
-135.08304773172947,-118.53579331460779,0.6099499545305468,304,369,314,912,0.40460526315789475,0.37063326410063036,0.4369597011283503,0.911315735173246,0.6520921607890956
-154.15961617599146,-118.94264707185638,0.612648069999037,231,398,264,912,0.43640350877192985,0.36278699523155133,0.4343570892068182,0.8822390540905748,0.6300805707285759
-128.7758497710766,-118.67825929931126,0.6088675454647224,294,364,315,912,0.3991228070175439,0.3948712489597009,0.4624723744676574,0.8935751572688222,0.6355856204240581
-120.60189356149937,-118.45842003609438,0.6107877046379627,299,351,315,912,0.3848684210526316,0.34388853089579363,0.45743732774594315,0.9154788956801144,0.6012266666435252
-134.19032553384196,-118.80787951293615,0.6094371848541681,323,362,326,912,0.3969298245614035,0.35973657348227017,0.4318056741759543,0.9162591629382651,0.6278592067686605
-113.66543686546713,-118.57984687777838,0.6015374383276321,265,344,326,912,0.37719298245614036,0.39383368425262427,0.46064141303342454,0.8871513593118698,0.6250150579845449
-161.6116891043918,-119.15196919571186,0.6067516450514646,220,396,243,912,0.4342105263157895,0.3866688167392794,0.41895062742566463,0.8858013795720558,0.6599773244850732
-110.23878482332749,-119.25890117965331,0.6050271647295432,315,328,319,912,0.35964912280701755,0.4000644698475351,0.453251413309441,0.8896660499394345,0.6299197085321414
-121.69620610487695,-119.43660466175685,0.6053327812495314,299,363,313,912,0.3980263157894737,0.36796504671086006,0.44710395600052555,0.8781958645177791,0.6112811997726428
-149.63338878980662,-119.76391228577809,0.6032105801690232,284,381,284,912,0.41776315789473684,0.3580684779359774,0.4916152323748324,0.8820025388095473,0.6121965663986321
-141.61448562540656,-119.84718968261957,0.6089924494400375,285,371,318,912,0.4067982456140351,0.3611281574462158,0.46848598470232483,0.9237956128115221,0.6214179491248327
-139.88909507397915,-119.86897494493924,0.6021601514299739,271,381,287,912,0.41776315789473684,0.373821012862923,0.4455669840933088,0.8937379991373762,0.6493732663075713
-109.73185885062932,-119.59410998688149,0.6081031124922124,362,312,413,912,0.34210526315789475,0.3873585887193035,0.4620606078815312,0.9369756439701398,0.6386134604837654
-117.98645400941294,-119.69706973348814,0.6078937975817944,298,362,363,912,0.3969298245614035,0.42696244340337136,0.41629575022524884,0.8942389111093049,0.6479040108498136
-126.3089000143063,-120.08756796189753,0.6121070581375389,345,333,364,912,0.3651315789473684,0.41519955367665407,0.47327620494558975,0.9154463716532505,0.6327623994449951
-122.53163628707408,-120.16412894738103,0.630344194792276,316,355,351,912,0.3892543859649123,0.3611650979774641,0.4673531842810095,0.9022096309758397,0.6245378095104462
-97.03731951698933,-120.24457045354971,0.6321304752067975,371,311,378,912,0.34100877192982454,0.31583581499847146,0.4635194412957985,0.908382122140109,0.6525134406012504
-121.51026951459704,-120.30985401057674,0.6290172922290573,285,365,296,912,0.40021929824561403,0.345511401891116,0.4514452656955371,0.8959000977511691,0.6252216583021034
-108.31144061201789,-119.87476617108105,0.6259571015827458,304,338,305,912,0.3706140350877193,0.3439583327533721,0.4231128291265118,0.9019907441753485,0.6213033635991788
-132.00498488823425,-119.91385705107706,0.6195963535080949,322,358,322,912,0.3925438596491228,0.3437207126640942,0.4571713952784034,0.9012103639480745,0.6641780361496527
-85.17549085238348,-119.82968243060621,0.6221201836397148,388,300,402,912,0.32894736842105265,0.34683859327765953,0.42817352715465046,0.894363253791204,0.6379016581316972
-135.477916391262,-120.23078391530927,0.6117895363451926,287,383,288,912,0.4199561403508772,0.3544074470592578,0.4255986857477614,0.9104907004996804,0.6570637537077505
-141.71338915409382,-120.40578678366968,0.610339457713468,280,376,283,912,0.41228070175438597,0.3781860247715012,0.45420227218815523,0.9047100735279606,0.6147317312224013
-121.27533196672715,-120.39365178664688,0.606981765292391,301,350,349,912,0.38377192982456143,0.3664198206437681,0.4228722809213175,0.9119117031977076,0.619923084924561
-110.96719287716755,-120.37879210258863,0.6086681603736143,303,360,333,912,0.39473684210526316,0.3463856712280445,0.44402451099027623,0.9099316224121289,0.639865737930354
-146.56563991954553,-120.7213035764069,0.604815355768443,274,394,283,912,0.43201754385964913,0.3472570508835106,0.43582965842181437,0.8678427417863191,0.661162285608349
-113.74923249193017,-120.23376926514823,0.607030775346225,297,356,318,912,0.39035087719298245,0.3281502896007785,0.4309451475098573,0.8988707796702564,0.6597294186768934
-127.66368509241008,-120.38686328276629,0.6152855482275655,330,357,351,912,0.39144736842105265,0.3494594744528249,0.4261743442097086,0.8889344031145848,0.623795238568745
-90.61949656404298,-120.10545070219185,0.6197534834790424,372,312,385,912,0.34210526315789475,0.3444452670483448,0.4763376705051022,0.908020685775444,0.6478625858431433
-124.89718929889015,-119.84368113447988,0.6133660949693487,276,350,367,912,0.38377192982456143,0.39679325968000995,0.432559266809032,0.923608351077189,0.613940693607962
-72.11993475611008,-119.60418923161367,0.6111502258836762,355,293,407,912,0.32127192982456143,0.37909513599681616,0.45293583958676786,0.910415975822116,0.6357236141391446
-95.36814130397863,-119.32674918252218,0.6129644005212944,353,314,420,912,0.3442982456140351,0.3925289821666358,0.44834810329979813,0.9048251804386863,0.654075127350897
-111.98563935986863,-119.39564694333527,0.608311045188652,310,348,358,912,0.3815789473684211,0.3489107187710823,0.4552793236697416,0.908911520609592,0.665474533597147
-105.58515733060001,-119.18352666597575,0.6015298506554578,328,324,344,912,0.35526315789473684,0.3801726500466036,0.4344873719785338,0.9126083219706697,0.6404620985685763
-127.6699992132201,-119.23409824694069,0.6046534225161586,284,355,285,912,0.3892543859649123,0.392814035388651,0.43063180415526514,0.8889881650131944,0.6323864994679992
-98.46055266361175,-118.72190285319844,0.5825164013775767,359,327,371,912,0.35855263157894735,0.3629304292203359,0.436497477518051,0.9093452770871208,0.6418412053917194
-117.35477757494523,-118.59472057513359,0.5839127983868491,299,351,310,912,0.3848684210526316,0.32994369330325296,0.4427798583562745,0.8809145243821347,0.6711143200460407
-93.01122224275433,-118.12028885600824,0.5645792999214696,356,307,398,912,0.3366228070175439,0.3291427328189407,0.4731660828340856,0.9198576177843396,0.6360811359863768
-123.92574949819878,-118.17142229474757,0.5581212936957716,283,367,310,912,0.4024122807017544,0.3480315180299454,0.4642237590143486,0.9340824153828654,0.6291281198539868
-156.31933668820912,-118.88639605229076,0.572101777728994,248,390,248,912,0.4276315789473684,0.3654199521941539,0.4659108840980172,0.8948468465544495,0.6462186045822305
-135.6207837111847,-119.15796136080891,0.5734355083714714,279,384,286,912,0.42105263157894735,0.3396976235250221,0.45808938920030673,0.8997514924201723,0.635832670031457
-174.18798971774922,-119.59043667391104,0.5883267312755235,222,424,263,912,0.4649122807017544,0.3172033172361585,0.47779849265412055,0.9212694287451301,0.5798992914012568
-154.00866629488632,-119.93445438930775,0.5893805766899746,245,402,252,912,0.4407894736842105,0.3460900561289971,0.4663306298236782,0.9012760778434371,0.6513025444435959
-108.3502612930151,-119.87492758854378,0.5911424338876696,328,314,347,912,0.3442982456140351,0.34475650921468187,0.43842877375174316,0.9048526997248837,0.6379820590609536
-126.29285078854095,-120.2583509650928,0.5870741042509556,264,364,275,912,0.3991228070175439,0.36864362158919317,0.4587330292844544,0.905246235314649,0.6680428958519027
-119.72217298040475,-120.20230636102976,0.5857449061009296,312,354,324,912,0.3881578947368421,0.37651300734619214,0.4510199468246702,0.9060560752680588,0.6177808726269315
-112.97325627436446,-120.13094687270164,0.5863951598278552,306,332,331,912,0.36403508771929827,0.40388527271331576,0.419165919574032,0.9257603679563102,0.6351229809996958
-146.3077930638234,-120.44975329310411,0.5868554716405185,300,371,312,912,0.4067982456140351,0.4250568321898509,0.439100737651295,0.858588780114517,0.6509789284326294
-133.63554157145427,-120.59818922214778,0.5848639749670156,300,373,309,912,0.40899122807017546,0.381969488663921,0.427621404754207,0.9005520997240151,0.6270555730445355
-116.3604136686728,-120.35884345521227,0.5885907290618063,321,323,348,912,0.3541666666666667,0.3652074251348467,0.43767353828709804,0.9139121082393231,0.6147855631012071
-142.8708522944314,-120.63115661257363,0.5859583449372564,267,386,277,912,0.4232456140350877,0.33247089928103724,0.4428178239996169,0.8851922514732714,0.6215320207768327
-163.8905332491304,-120.93223909797025,0.5794026400099197,223,417,224,912,0.45723684210526316,0.39740811982067115,0.4479434262782017,0.8793633653509888,0.6457837748970474
-98.00149610371489,-120.76188969686902,0.585531330268574,363,321,369,912,0.3519736842105263,0.34184841518333847,0.45760047454988695,0.9095149307314087,0.6313166890347918
-130.23506223492237,-120.92871410169776,0.5794464999903166,284,365,300,912,0.40021929824561403,0.33493935818365805,0.4719970126156911,0.8870013809275029,0.6315056834377825
-102.28048997909977,-120.96253506137036,0.5905412453320199,314,328,356,912,0.35964912280701755,0.3210644946935398,0.4438210708681026,0.9296038205866846,0.6618485811898894
-91.71384130040144,-120.82140627367544,0.5922491901931226,333,327,347,912,0.35855263157894735,0.3265681977109783,0.45859263317964793,0.9084519967402419,0.6112244434029407
-148.96739539074258,-121.14579257762807,0.5971632600851303,272,378,292,912,0.4144736842105263,0.40647818781098616,0.44838806012632515,0.8894452845022087,0.627890514668139
-104.83964941651766,-120.92120402214734,0.5998570272163644,317,337,355,912,0.36951754385964913,0.39220158114264714,0.4288651484459928,0.8884474344855895,0.6288356364008567
