-164.87656736373793,-164.87656736373793,77.20361589066614,1331,156,1395,1594,0.09786700125470514,0.8485326172367719,0.4242737943285132,0.8098229241173709,0.3186528979641129
-164.65644038020042,-164.76650387196918,67.83763610694724,1295,168,1340,1594,0.1053952321204517,0.8520045894385276,0.4191949142331466,0.8201461368462415,0.32618575107207315
-173.90515744605656,-167.81272172999832,70.99562599880677,1293,167,1350,1594,0.10476787954830614,0.8548978996066574,0.4228661857968542,0.8135073413283799,0.3195568737717426
-180.94772721277604,-171.09647310069275,75.16862852584184,1312,144,1364,1594,0.0903387703889586,0.8566338857075355,0.4288339531923903,0.8083925156946055,0.3103929648001268
-163.5852505239303,-169.59422858534026,70.15562599880684,1323,131,1365,1594,0.0821831869510665,0.8543192375730314,0.41685364412210046,0.77550516766108,0.29623097340768095
-179.22228619251277,-171.19890485320232,72.06229266547348,1295,162,1364,1594,0.10163111668757842,0.8566338857075355,0.4232722217094585,0.800614296239395,0.30909136393419184
-165.51657621225334,-170.38714361878104,71.92191460113264,1326,143,1388,1594,0.08971141781681305,0.8572125477411614,0.4220167620245048,0.8067242303034601,0.3126477420630245
-168.0919437603994,-170.10024363648336,72.3206259988068,1323,149,1375,1594,0.09347553324968633,0.8531619135057795,0.42529919784436393,0.8254663931699661,0.32631338380503006
-171.44295980524493,-170.2494343219013,71.46051713394917,1308,156,1365,1594,0.09786700125470514,0.8525832514721536,0.42577452764643775,0.8164772824152908,0.323726214264984
-158.99099762436418,-169.12359065214758,69.82322903124901,1335,142,1388,1594,0.0890840652446675,0.845639307068642,0.4283437690847182,0.8098094857823768,0.31165754049807276
-161.3327911589915,-168.41533615276978,68.4676269177288,1331,134,1375,1594,0.08406524466750313,0.8508472653712756,0.4252656498523589,0.8170778724746965,0.3170969957796553
-162.2122236630146,-167.89841011195685,68.80529098078354,1323,144,1376,1594,0.0903387703889586,0.8543192375730315,0.41461336954149475,0.8280852162248665,0.32610823280020607
-176.3189865779537,-168.54614676318735,69.12054674308222,1304,155,1357,1594,0.0972396486825596,0.8583698718084132,0.415711703326777,0.8280764136019962,0.3164639117521442
-169.3229852179604,-168.60163522424256,68.68362311076685,1327,146,1357,1594,0.09159347553324969,0.8502686033376498,0.42296210434602555,0.8249509305610776,0.32242435129192454
-160.726251689502,-168.07660965525986,68.17268794834146,1314,142,1380,1594,0.0890840652446675,0.8554765616402833,0.4226605311828247,0.8125058344832974,0.31677256775765944
-165.29797276069823,-167.90294484934975,68.44912157649554,1319,154,1362,1594,0.09661229611041405,0.8537405755394055,0.4190499740970055,0.8149819842189583,0.31528192864012894
-167.68972998650412,-167.89040279859412,68.76762421501746,1296,162,1345,1594,0.10163111668757842,0.8531619135057795,0.4188464996425096,0.7944835144280975,0.31262138900186726
-167.52669147115301,-167.87019661373628,67.70940040720463,1311,155,1364,1594,0.0972396486825596,0.8485326172367719,0.42203582186120614,0.8028478287739297,0.3108033360744203
-162.04523892995502,-167.56361989353726,66.6933064852816,1318,151,1374,1594,0.09473023839397741,0.8508472653712758,0.4206350182711288,0.7967376477938635,0.30138305686066186
-161.0220032488303,-167.2365390613019,66.53222397717893,1321,147,1393,1594,0.09222082810539524,0.8479539552031459,0.42671615599109214,0.7984890185915443,0.30597772638817167
-156.88822993336817,-166.7437624361622,65.59276644924978,1328,146,1387,1594,0.09159347553324969,0.8491112792703978,0.4195139625797716,0.8158471654572448,0.3183330092057951
-169.47575502233155,-166.8679439173517,64.71707640911323,1323,141,1383,1594,0.08845671267252196,0.8502686033376495,0.42283887442158147,0.8186333827279437,0.31860435529368775
-170.43401212582276,-167.02299036119828,64.25927465684516,1293,166,1374,1594,0.10414052697616061,0.8566338857075353,0.4169090171353112,0.8098246455330761,0.3097891683749281
-164.70632752777104,-166.92646274313884,64.00345469924271,1307,153,1364,1594,0.0959849435382685,0.8514259274049015,0.41523097193456454,0.8124130157793154,0.3107496502333179
-169.71239837796398,-167.03790016853185,64.12586316852774,1316,160,1370,1594,0.10037641154328733,0.8496899413040238,0.42310783920083855,0.8109450217354702,0.31299848148904774
-159.17546283577042,-166.7354987326564,64.09069942291231,1310,163,1373,1594,0.10225846925972397,0.8415886728332602,0.42182311056977584,0.822009285312409,0.3241389630707048
-175.5749785521359,-167.0628868741186,64.02703115996106,1286,176,1340,1594,0.11041405269761606,0.8548978996066574,0.4142663337640289,0.8080629101649572,0.30690118561621005
-160.67287403966816,-166.8346721300311,64.31548061462911,1342,149,1380,1594,0.09347553324968633,0.843324658934138,0.41484081132771516,0.8105251547148168,0.3133125332508563
-165.27624287152835,-166.78093319008275,64.30845044800489,1331,141,1380,1594,0.08845671267252196,0.8473752931695199,0.4202956434929082,0.8019498427869495,0.3058562502707534
-162.0071496501055,-166.6218070720835,64.14802296636496,1342,127,1393,1594,0.07967377666248432,0.8560552236739093,0.420055421270889,0.8104689234700482,0.3094249793009205
-167.5958328284198,-166.65322725777176,64.08801048702892,1329,136,1370,1594,0.08531994981179424,0.8525832514721535,0.4273654017118898,0.8153404098427852,0.31903915192322707
-167.2893621886909,-166.67310647436298,64.36324847177197,1320,150,1369,1594,0.09410288582183186,0.8514259274049015,0.4270007042207073,0.8188575975665332,0.31777866555882717
-162.01526165704212,-166.53195966171688,64.54277536980759,1320,140,1359,1594,0.08782936010037641,0.8496899413040238,0.4185115196667802,0.8173651215869416,0.3197414585087923
-168.759550560454,-166.5974770410915,64.70927067924463,1326,154,1380,1594,0.09661229611041405,0.8462179691022679,0.42000052754431544,0.825128029628066,0.3204924538944736
-178.7172474040318,-166.94375619431838,64.9765391293053,1299,159,1335,1594,0.09974905897114178,0.8595271958756652,0.42225675618568764,0.8098217591450514,0.314271419351534
-149.55173814489473,-166.46064458183437,64.72495736666866,1332,152,1379,1594,0.09535759096612297,0.84448198300139,0.4220233140185037,0.8262779135713249,0.3237748421956315
-159.29140664131964,-166.2668813942529,65.04308354591562,1326,156,1368,1594,0.09786700125470514,0.8473752931695199,0.423565499682408,0.8044492405068266,0.30678139678184163
-175.21655113981376,-166.50239901913608,65.21836071288276,1301,160,1356,1594,0.10037641154328733,0.8531619135057795,0.42083423504419937,0.8134741687788504,0.31853595664376677
-157.59742947311807,-166.27406646667407,64.6479323951993,1301,170,1371,1594,0.10664993726474278,0.8508472653712756,0.414964404854178,0.8105898956334263,0.3139391566452461
-163.2886853048432,-166.19943193762833,64.5066247352895,1337,138,1379,1594,0.08657465495608532,0.8520045894385276,0.42178265794603176,0.8194437128454874,0.3188902539888068
-171.669323971904,-166.33284393846432,64.6016733000548,1289,178,1367,1594,0.11166875784190715,0.8525832514721536,0.4167335906008808,0.819033557451937,0.3098970029488305
-157.35305615579685,-166.11903946744846,64.70410050459317,1314,163,1384,1594,0.10225846925972397,0.8491112792703978,0.4222849771668657,0.8111627183622767,0.31306449179762535
-170.5008773575016,-166.22094267419388,64.95078667384742,1334,140,1371,1594,0.08782936010037641,0.8502686033376498,0.42087946929295567,0.8092795714182742,0.312903113681
-157.16911959387022,-166.01521942236835,65.18362393123287,1328,149,1388,1594,0.09347553324968633,0.8467966311358938,0.4162503464641445,0.8122129930245678,0.3106892766018734
-173.1062512368175,-166.17279790713386,64.77260197958208,1308,168,1372,1594,0.1053952321204517,0.8560552236739093,0.415934510938674,0.8102047921261581,0.31447375635924973
-170.31456701315187,-166.26283636596034,64.97292880843784,1327,142,1362,1594,0.0890840652446675,0.8496899413040238,0.41917531762708427,0.8204057825532495,0.317652136774268
-162.0072659518915,-166.17229231459717,64.86881641283465,1302,157,1359,1594,0.09849435382685069,0.8491112792703978,0.4210200312072593,0.8046065613550766,0.31074163684909056
-156.82555899813286,-165.97756870383748,64.68604161254241,1331,143,1383,1594,0.08971141781681305,0.8485326172367716,0.4214624050439941,0.815284230828914,0.3220060176530958
-168.52224425497792,-166.02950085794237,64.59440047756823,1307,154,1362,1594,0.09661229611041405,0.8520045894385276,0.42064181757180524,0.8106253025198276,0.312012415512504
-173.242519609801,-166.17376123297953,64.45242498799301,1309,161,1363,1594,0.10100376411543287,0.8537405755394056,0.41832490718192566,0.8213196714642077,0.31440773677681105
-174.77149538256268,-166.34234425552037,64.31586050012938,1280,175,1363,1594,0.10978670012547051,0.8566338857075353,0.42130189820412334,0.8078797484401672,0.3190926404692073
-171.93006180305997,-166.44980036220383,64.37908656533202,1289,172,1345,1594,0.10790464240903387,0.8554765616402833,0.4221791260951231,0.7997081976161982,0.31024303970968725
-156.30298095498975,-166.2583509394262,63.998417307319464,1306,167,1369,1594,0.10476787954830614,0.8467966311358938,0.42221828305647724,0.8179139425467016,0.31532979175593406
-160.30812786597056,-166.1481616232511,64.30406913293699,1314,149,1379,1594,0.09347553324968633,0.8496899413040238,0.42066741777462807,0.8089000090074059,0.3138767570138483
-175.23715127729702,-166.31341598059737,64.45147889020225,1293,165,1346,1594,0.10351317440401506,0.8566338857075353,0.4145531064870548,0.8138043256730609,0.31060380334344606
-172.50051409971252,-166.4238998755816,64.75719634436342,1308,150,1335,1594,0.09410288582183186,0.8531619135057795,0.4179988658949693,0.8097221173415114,0.30953353618842466
-171.45683954688738,-166.5121970627975,64.6948528276319,1312,158,1364,1594,0.09912170639899624,0.8554765616402833,0.42461165446855886,0.8053627361837584,0.30874829258576864
-159.640163333983,-166.39371372264551,64.33093529796493,1285,174,1371,1594,0.10915934755332497,0.8485326172367719,0.41597738850726906,0.8134960797580355,0.3189825660152522
-166.46548374358005,-166.39493016367828,64.6321671724175,1302,159,1368,1594,0.09974905897114178,0.8525832514721535,0.4140872840920391,0.8060262523890875,0.31277516375849873
-164.28468742963568,-166.35975945144426,64.72155815285731,1314,148,1372,1594,0.09284818067754078,0.8525832514721536,0.41789320107647204,0.8216882163316154,0.3138347240155446
-151.88108022262958,-166.12240405425055,64.53929680429681,1328,150,1382,1594,0.09410288582183186,0.8473752931695199,0.42232899682486186,0.8235859459170165,0.32524051732659764
-173.35482109300094,-166.23905594197234,64.62246340420828,1306,166,1362,1594,0.10414052697616061,0.8479539552031459,0.4225212724240228,0.8233071336797696,0.3164184371448727
-188.55967130635747,-166.59335142394667,64.53594265689112,1275,180,1340,1594,0.11292346298619825,0.8566338857075353,0.43111632596332006,0.8119804727429865,0.3118132920919492
-159.33096139254351,-166.47987657970606,64.37618739322919,1314,152,1363,1594,0.09535759096612297,0.8462179691022679,0.416514439011476,0.8131117430572763,0.3063300789882433
-158.75883841658663,-166.36109137719652,64.44430167780516,1323,150,1371,1594,0.09410288582183186,0.8462179691022679,0.41938278391774925,0.8185716922093389,0.3193144047291797
-166.6902045196494,-166.36607793996097,64.18235281207339,1307,174,1374,1594,0.10915934755332497,0.8479539552031459,0.4241458066436703,0.8120931348946009,0.3125843436511838
-162.71836839050098,-166.3116345138496,64.05717778500971,1335,128,1368,1594,0.08030112923462986,0.8508472653712756,0.42704975696853686,0.8122962246375461,0.3120244374633823
-161.77568067859872,-166.24492931039003,63.990213639504674,1331,145,1379,1594,0.09096612296110414,0.8485326172367716,0.4170705635126408,0.8190073510557584,0.3148789609652779
-162.62640206973137,-166.19248688661236,63.9092484547389,1281,174,1350,1594,0.10915934755332497,0.8491112792703978,0.416075036508391,0.8163621759273699,0.3086747890391668
-167.7082461680837,-166.21414059063338,63.95762527679702,1303,168,1356,1594,0.1053952321204517,0.8514259274049015,0.42102149727902555,0.7932300276840062,0.3037175610509099
-159.203668393574,-166.11540154560439,63.799963884607884,1322,152,1369,1594,0.09535759096612297,0.8543192375730314,0.4257320886553233,0.8034123964836676,0.3027521006336056
-163.6496499301858,-166.08115499539025,63.76540335541232,1308,154,1361,1594,0.09661229611041405,0.8537405755394055,0.42451129144370947,0.8132388315246925,0.32825594610403075
-173.22905297951326,-166.17907140613167,63.686255858858004,1312,145,1357,1594,0.09096612296110414,0.8496899413040236,0.4144886212137941,0.8092369421122694,0.30948250465907456
-170.0597511931855,-166.23151302487562,63.60540937280136,1312,152,1356,1594,0.09535759096612297,0.8473752931695199,0.42081631839885175,0.8182014724791813,0.31421253281542927
-160.73612094532268,-166.1582411304816,63.68015865826436,1324,150,1362,1594,0.09410288582183186,0.8450606450350161,0.4225105932680168,0.8146070487993942,0.31618468972266944
-165.42470161567448,-166.14858929476046,63.51083559410991,1306,161,1373,1594,0.10100376411543287,0.8560552236739093,0.420389813712067,0.806273712927764,0.3053865128365595
-176.39322100943392,-166.28163645988607,63.6262224824826,1312,151,1363,1594,0.09473023839397741,0.8572125477411612,0.42011623386794145,0.8131146216704372,0.31890428460613274
-164.27504969707852,-166.25591098856805,63.62593265438241,1311,143,1362,1594,0.08971141781681305,0.8577912097747873,0.4185620777363425,0.8224490304892313,0.30932566001362566
-172.05412108400287,-166.3293060530672,63.75476408775309,1326,160,1381,1594,0.10037641154328733,0.8479539552031459,0.4237884646763549,0.8164197884373954,0.32088361119393716
-167.65209289935504,-166.3458408886458,63.697674987993025,1303,160,1369,1594,0.10037641154328733,0.8496899413040238,0.414715199131957,0.8119391743961571,0.32123266613312484
-165.65915686214274,-166.3373633080717,63.60021746827295,1336,140,1379,1594,0.08782936010037641,0.8520045894385276,0.41815298241180265,0.8073944479646011,0.3144732401413187
-165.1067887586982,-166.322356301372,63.500064037037276,1309,159,1372,1594,0.09974905897114178,0.8502686033376498,0.42110068452728894,0.8012390773729987,0.3117202281475009
-152.70828743956042,-166.15833137532607,63.62280586920487,1331,142,1382,1594,0.0890840652446675,0.8473752931695199,0.4226957579803606,0.80050540278124,0.3058650307085443
-158.19223215718552,-166.06349686082442,63.54272039455728,1329,150,1379,1594,0.09410288582183186,0.8473752931695199,0.42092943897777585,0.7996086885848848,0.30998423826523835
-166.6052432089698,-166.06987034727317,63.53844893362234,1321,153,1368,1594,0.0959849435382685,0.8514259274049016,0.4208032025970427,0.8190684300927804,0.3138401908774453
-163.26238209625865,-166.03722513505207,63.32855576121914,1321,155,1372,1594,0.0972396486825596,0.8548978996066574,0.4184802057661434,0.8183708711943447,0.31799296075387096
-159.34783803091457,-165.96033562810797,63.48661427218315,1324,148,1383,1594,0.09284818067754078,0.8491112792703978,0.42552945198890824,0.8156692994229504,0.32555053509776927
-167.65604748557237,-165.97960508103372,63.60044383602954,1323,159,1369,1594,0.09974905897114178,0.8439033209677641,0.41543378207077675,0.8205010536739215,0.31771529977995383
-171.3527008097297,-166.0399769431539,63.50497385911536,1306,148,1357,1594,0.09284818067754078,0.8514259274049015,0.41341836967068035,0.8140666620105584,0.3162251924687424
-168.18608709717222,-166.0638226115319,63.56042554955638,1320,154,1378,1594,0.09661229611041405,0.8520045894385276,0.41758571969964203,0.8135155411581956,0.3131148836103277
-158.12900234684238,-165.97662678444738,63.38718599405363,1304,167,1372,1594,0.10476787954830614,0.8479539552031459,0.4227455201592764,0.8078376205997287,0.31636223019373777
-162.66917814766006,-165.94067625578666,63.43066914745466,1319,143,1380,1594,0.08971141781681305,0.8520045894385276,0.4176634754787761,0.8103199558431887,0.3153307151152431
-160.39685744556422,-165.88106530083803,63.47158211853693,1343,135,1398,1594,0.08469259723964868,0.8485326172367716,0.4244477310410193,0.8109562701428599,0.3145571330886433
-172.08939288976978,-165.94711133901816,63.53230620467045,1344,143,1381,1594,0.08971141781681305,0.846796631135894,0.41961389991795534,0.8212790806524358,0.3135433498460941
-159.8843463094256,-165.88329275975929,63.64648873109589,1301,160,1363,1594,0.10037641154328733,0.8502686033376498,0.4184292786624318,0.8093396199922058,0.30904536420119244
-156.88833483192377,-165.7895952813443,63.54354266547373,1292,151,1345,1594,0.09473023839397741,0.8520045894385276,0.4177981370624422,0.7840852180584,0.29530955123184344
-166.85329447879738,-165.80056125245207,63.6070485750118,1313,156,1379,1594,0.09786700125470514,0.8560552236739093,0.4161211786886001,0.8188049379820665,0.31843231887105805
-171.10910224591035,-165.85473003809958,63.50113568716725,1290,182,1364,1594,0.11417816813048934,0.8560552236739093,0.4167415761582874,0.8099416336447129,0.3181152350572234
-168.57102780538992,-165.88216738928432,63.61312053989229,1318,144,1365,1594,0.0903387703889586,0.8508472653712758,0.41776958741955045,0.8091327085401968,0.31794594179918645
-160.4130009757317,-165.8274757251488,63.74010539231864,1321,138,1375,1594,0.08657465495608532,0.8473752931695199,0.4260595051364521,0.8108541512489762,0.3144410134629213
