-44.698604795318936,-44.698604795318936,19.083767512771814,600,163,761,912,0.1787280701754386,0.826543459958985,0.4139162617520646,0.8857779945747158,0.6202575564507385
-36.08166397752954,-40.390134386424236,21.825777620912206,607,169,760,912,0.18530701754385964,0.8111124723956258,0.4244416697401322,0.8823147003916171,0.6226323296077882
-45.80479774779288,-42.19502217354712,23.41177425153211,579,172,749,912,0.18859649122807018,0.8236501497908552,0.4129382544234355,0.879343684695971,0.6204012113548703
-43.61071322116582,-42.54894493545179,25.60677003980699,625,151,767,912,0.16557017543859648,0.8188279661773055,0.41134587125183686,0.8886089476814053,0.6324076357043037
-33.04693776486532,-40.648543501334494,26.166963469515764,626,139,777,912,0.1524122807017544,0.8140057825637557,0.420909566137549,0.8891563735524256,0.6227707244890711
-32.34107222026384,-39.26396495448939,27.87509073796491,623,144,786,912,0.15789473684210525,0.8130413458410459,0.4143024934608862,0.8793339054067908,0.6351828691730755
-34.845469250911435,-38.632751282549684,28.006043118917294,636,140,783,912,0.15350877192982457,0.8168990927318855,0.41644397962552177,0.8877095204529803,0.622658892596292
-40.29457667415338,-38.84047945650015,27.527259931666663,618,153,750,912,0.16776315789473684,0.8188279661773055,0.4164839022613945,0.8670909760152302,0.6216258294068968
-47.99039035324499,-39.85713622280513,27.312204095329427,632,142,763,912,0.15570175438596492,0.8294367701271149,0.4200670967176958,0.8901362161991608,0.6266585994878976
-33.3404910478526,-39.205471705309876,27.859360437073683,607,154,781,912,0.16885964912280702,0.8120769091183357,0.4161871999507835,0.8871816309001853,0.628211321509386
-40.15997467855043,-39.292244702877205,27.635032888669855,628,147,777,912,0.1611842105263158,0.8188279661773055,0.40862289835743343,0.8903291634440903,0.6265332671633187
-43.08288825338837,-39.6081316654198,27.730760774011696,599,157,756,912,0.17214912280701755,0.828472333404405,0.41387581156881476,0.8848951041816259,0.6281075663690836
-43.46659561130597,-39.904936584334116,28.096376676993255,631,145,754,912,0.15899122807017543,0.8217212763454352,0.4176452838981813,0.8841356985186414,0.6235601237589115
-34.71821450792372,-39.534456436019084,27.340615991508763,582,171,761,912,0.1875,0.8120769091183357,0.41820728318422373,0.8749646524984658,0.6287123358758177
-37.58227101853112,-39.404310741519886,27.23015942625964,608,160,753,912,0.17543859649122806,0.8197924029000153,0.41647168372545124,0.8830380183418353,0.6293648498003749
-34.97299839492395,-39.12735371985764,26.6907586681491,595,173,758,912,0.18969298245614036,0.8120769091183357,0.41750173500282206,0.8806166620515957,0.6270102251536701
-49.753930556281105,-39.75244647494137,26.808934469816286,585,170,758,912,0.18640350877192982,0.8168990927318855,0.4231771525988378,0.8761017293436465,0.6327115281272921
-31.669129616644206,-39.30337331614709,27.146869077306025,632,149,778,912,0.16337719298245615,0.8130413458410457,0.41365969360502225,0.8921695275927432,0.6231343093451497
-41.92252124156419,-39.44122320695851,27.485232684864258,632,145,762,912,0.15899122807017543,0.8140057825637557,0.4184663591005027,0.8795424000403171,0.6323776998625995
-41.23894996638339,-39.531109544929755,27.336357910038583,575,182,771,912,0.19956140350877194,0.8120769091183357,0.4151369530366572,0.8643196522671497,0.6378014938894507
-40.87664030812378,-39.595182438415186,27.50052027207351,603,153,769,912,0.16776315789473684,0.8197924029000153,0.4159647111085009,0.8761354970342342,0.6259252338662863
-40.91560594955653,-39.65520168892161,27.309939222813384,619,150,767,912,0.16447368421052633,0.8159346560091756,0.4210473463545389,0.8874718396206512,0.6206523466681385
-42.1440045608423,-39.7634105094399,27.143236544469854,617,161,764,912,0.17653508771929824,0.8188279661773055,0.4315719389452802,0.8777423498949369,0.6185788989152667
-30.800887628850894,-39.38997205608203,27.011592001482438,632,142,781,912,0.15570175438596492,0.8149702192864656,0.4167805406643199,0.8787030408100361,0.6289463457056238
-34.777417652118416,-39.205469879923484,27.15111821328279,627,148,780,912,0.16228070175438597,0.8130413458410459,0.41935970269796324,0.8782592929492893,0.6338785107018041
-40.75663240226621,-39.26512997693666,27.306834716483113,616,151,758,912,0.16557017543859648,0.811112472395626,0.4123666127569896,0.8791605485470382,0.6291941771768347
-37.35552809434587,-39.19440398128515,27.550128898128637,627,152,746,912,0.16666666666666666,0.8188279661773055,0.4196201554328824,0.8894538501536391,0.6240352760082176
-40.721231329695286,-39.24893352944265,27.426900983784442,600,159,772,912,0.17434210526315788,0.8197924029000153,0.4197470059503933,0.8765437859457691,0.6291408503478942
-46.737112921301026,-39.50714661192053,27.508723270429503,619,130,774,912,0.1425438596491228,0.8255790232362751,0.4146456583407719,0.8870636232685496,0.626394858545761
-30.027983602550147,-39.19117451160819,27.618157741569576,638,127,771,912,0.13925438596491227,0.811112472395626,0.4166401612929552,0.8829770491849493,0.620098110097686
-43.854499198324,-39.34160434021192,27.788016121285782,657,132,777,912,0.14473684210526316,0.8255790232362751,0.4132862194407963,0.8902072591480709,0.6278834075417232
-35.820316196514426,-39.23156408572138,28.13400929990789,614,161,777,912,0.17653508771929824,0.8197924029000155,0.4252465625666645,0.8659533266454081,0.6253279513474934
-32.410547480638805,-39.02486661284009,28.174911063934076,640,134,775,912,0.14692982456140352,0.8197924029000153,0.4129641144546707,0.8870167719856954,0.6231684030553692
-40.791330641901254,-39.07682143722424,28.090582420534567,586,178,765,912,0.19517543859649122,0.8207568396227253,0.4192994306618047,0.8617136280188339,0.6332233751438542
-34.096967256520806,-38.934539889204146,28.041816280312776,619,146,764,912,0.1600877192982456,0.8130413458410457,0.41202938992308524,0.8867344174985027,0.6237583888151343
-38.342925906966464,-38.918106167475315,28.18509214187329,612,147,750,912,0.1611842105263158,0.8140057825637557,0.41360270193842513,0.8809398359576474,0.6294476664423282
-37.707977953908404,-38.88539999954107,28.1530557947008,614,156,777,912,0.17105263157894737,0.8130413458410459,0.4155228489357654,0.8764604900594993,0.6254830103206401
-46.98986430792021,-39.09867537607737,28.177127687710062,596,176,760,912,0.19298245614035087,0.8178635294545955,0.4164200471141276,0.8858857249081916,0.6250927823884883
-44.77122577481601,-39.244125386301434,28.038836401173185,621,156,768,912,0.17105263157894737,0.828472333404405,0.4196089493935866,0.8788168764210842,0.629629121883587
-40.489835992169915,-39.275268151448145,27.972659426259646,598,156,758,912,0.17105263157894737,0.8159346560091756,0.41578713936653716,0.8809194187577484,0.6211827332103279
-37.859055400316144,-39.24072637703029,27.904247921449716,629,149,774,912,0.16337719298245615,0.8178635294545955,0.42368263299429615,0.8868115031364975,0.6257354743047945
-46.942317113942394,-39.42409758505201,28.10118910477026,630,144,755,912,0.15789473684210525,0.8217212763454352,0.42247607395131903,0.880892306733879,0.6258575257340921
-46.05583683438255,-39.57832407922248,28.140690458066093,612,160,759,912,0.17543859649122806,0.8226857130681452,0.41979332355020565,0.8871018596803673,0.6272808835019681
-41.10325791502143,-39.61298166639973,28.035032888669853,602,156,767,912,0.17105263157894737,0.8120769091183357,0.4204550405294433,0.8805566907876058,0.6216790076552462
-47.13122929636122,-39.78005383595443,27.976293433469003,590,161,753,912,0.17653508771929824,0.8188279661773055,0.43307893966022454,0.881047273859472,0.6396059938354174
-33.63380696657014,-39.64643977357651,27.920281560926004,604,160,766,912,0.17543859649122806,0.8111124723956258,0.4181007297273361,0.8753853567504323,0.6103855291017378
-35.617827185959534,-39.560724612137854,28.009206363810375,610,147,773,912,0.1611842105263158,0.812076909118336,0.41850899690715715,0.8875794955259879,0.6291950945970434
-42.121417796364135,-39.614072386809234,27.72984263324122,584,169,764,912,0.18530701754385964,0.8197924029000153,0.4159924610759482,0.8764948694219868,0.6367941889784677
-44.93293273778585,-39.722620557237335,27.723269052733254,594,165,760,912,0.18092105263157895,0.8140057825637557,0.4178297462538541,0.8848957665031731,0.6004121862916824
-39.56284148210292,-39.71942497573464,27.6471182132828,603,148,762,912,0.16228070175438597,0.8140057825637558,0.41477561891711173,0.8879914646124719,0.6216112227275657
-39.665717277098324,-39.71837188360452,27.5068170209563,583,174,764,912,0.19078947368421054,0.8217212763454352,0.4234528900902825,0.8775006761653774,0.6229731878987569
-37.313312241514915,-39.672120736641254,27.548681453491216,596,158,765,912,0.17324561403508773,0.8178635294545955,0.43393540884906967,0.8800301362891839,0.6141631000434845
-41.17075204473636,-39.70039679905814,27.602324395965564,605,156,764,912,0.17105263157894737,0.8188279661773055,0.4197104371349017,0.8780125820919421,0.624142390278502
-37.2372544951135,-39.6547830526888,27.57990648871864,618,156,765,912,0.17105263157894737,0.8188279661773055,0.4206839622681629,0.8777223753280364,0.6224391628006339
-37.006147727176625,-39.606626046770394,27.657722695054538,600,155,770,912,0.1699561403508772,0.8140057825637557,0.4198386386319972,0.8838001998960308,0.6297405146777361
-34.83374230009187,-39.521395979865424,27.699401886296982,607,151,775,912,0.16557017543859648,0.8120769091183357,0.42429955037052136,0.891750740286278,0.6219847331103829
-29.517141676089302,-39.34588274646585,27.59063601630039,617,142,770,912,0.15570175438596492,0.8140057825637557,0.41381119974365554,0.8883012092605013,0.6239081917322696
-36.92964621324907,-39.30422349589315,27.656310348717476,619,154,759,912,0.16885964912280702,0.8140057825637557,0.41925636111908754,0.8787643428118316,0.6341145025425496
-42.17631294392935,-39.35290297806325,27.494063859972634,629,141,765,912,0.15460526315789475,0.8255790232362751,0.4250112308095558,0.886442986453105,0.6306391924261286
-29.597476932035296,-39.19031254396278,27.40762508211227,605,150,768,912,0.16447368421052633,0.8120769091183357,0.4162840170169018,0.8871007312482293,0.6265553236806155
-35.91174835166175,-39.13656558999063,27.43208610202012,626,146,766,912,0.1600877192982456,0.8111124723956258,0.41873997032723614,0.8844128635628596,0.6219352519285133
-35.09810873584682,-39.071429189117346,27.318532413352564,595,165,773,912,0.18092105263157895,0.8159346560091756,0.41850946073087636,0.9011631931302246,0.6143651518648153
-36.20730509662317,-39.02596690193489,27.349726621279853,654,125,769,912,0.13706140350877194,0.8140057825637557,0.4213256558925817,0.8881567190976979,0.6272369444999588
-42.92022234639598,-39.086814643254606,27.380195694330027,607,160,769,912,0.17543859649122806,0.8188279661773055,0.4226270761931645,0.8761593881539215,0.6320672289885522
-45.1672720446033,-39.18036014173689,27.384866029998364,622,150,754,912,0.16447368421052633,0.8149702192864656,0.4203982842037928,0.8874055728659545,0.6295750659197399
-50.16091110855056,-39.34673212608255,27.33951589931099,613,158,756,912,0.17324561403508773,0.8207568396227253,0.4228548304714166,0.8793422366870578,0.6268665254174447
-41.115553479973485,-39.37313244479734,27.202982190435176,603,154,752,912,0.16885964912280702,0.8236501497908552,0.4184398608419019,0.8951364498049535,0.6145121462088979
-41.26578444615747,-39.4009655624644,27.202934618465413,627,142,764,912,0.15570175438596492,0.8217212763454352,0.41805375068760153,0.886606546099824,0.6263093742043951
-42.85711461843894,-39.451054679217656,27.105439589515367,590,156,750,912,0.17105263157894737,0.8178635294545955,0.42099146417704303,0.8760227326015739,0.631665866896054
-37.8759792101661,-39.428553601088346,27.180844274133317,609,159,767,912,0.17434210526315788,0.8178635294545955,0.4210159987762861,0.8835908975524142,0.6274900323119509
-36.931530136196045,-39.3933842565124,27.06420910543413,599,160,769,912,0.17543859649122806,0.8168990927318855,0.4118423824464886,0.8954152333513113,0.6170995067139736
-44.253495213592075,-39.460885797582954,27.1938693580877,612,161,757,912,0.17653508771929824,0.8197924029000153,0.41029973710222817,0.883601484621583,0.628256411138895
-41.213935307584435,-39.48490017443229,27.177402071054054,608,153,759,912,0.16776315789473684,0.8255790232362751,0.4118213075301997,0.8704045789356765,0.6241766347468894
-27.943775545428228,-39.328939030797095,27.141109575561856,594,169,770,912,0.18530701754385964,0.8111124723956258,0.40894765670145744,0.8683978676692922,0.6244537891630445
-48.74244587152199,-39.454452455340096,27.138905149499863,633,150,749,912,0.16447368421052633,0.8217212763454352,0.4164410702811533,0.8879109359116598,0.6292678601190695
-41.71351721884204,-39.48417699170196,27.206810967223436,627,130,763,912,0.1425438596491228,0.8226857130681452,0.4073177838003266,0.8790896848167482,0.6300335676593984
-42.30207742098513,-39.52077310117317,27.171446766516276,638,132,751,912,0.14473684210526316,0.8226857130681452,0.4167617296605341,0.8862433087392304,0.6265434031017711
-48.59065591677217,-39.6370536500911,27.162630365827244,647,126,763,912,0.13815789473684212,0.8207568396227253,0.4165592152495362,0.8865954834668474,0.6334331045688102
-41.21803347498703,-39.657066052937886,27.064062609562498,604,156,749,912,0.17105263157894737,0.8217212763454352,0.4241307304509365,0.8775826742543643,0.6239593535176002
-41.62026602282049,-39.68160605256143,27.055658794500864,615,158,751,912,0.17324561403508773,0.8197924029000153,0.4177253197738598,0.882869715266757,0.6207609035369891
-39.46023913642877,-39.6788731276709,26.997981124356063,602,157,765,912,0.17214912280701755,0.8178635294545955,0.4202613057285548,0.880312124193707,0.6333641785290839
-34.919567147077686,-39.62083281083439,26.9575638851904,612,148,764,912,0.16228070175438597,0.8217212763454352,0.40915952056159266,0.885526368484609,0.620006075547021
-46.17302888025814,-39.699774932152756,26.857783327789456,624,144,760,912,0.15789473684210525,0.827507896681695,0.4217864925663944,0.8829835181664559,0.6305677499420569
-49.07596361442305,-39.811396225989306,26.924949565512097,626,153,768,912,0.16776315789473684,0.8217212763454352,0.409988505524656,0.8958041279883721,0.6216000604654736
-33.61716875816929,-39.73852296166201,26.92700600940597,597,157,769,912,0.17214912280701755,0.8120769091183357,0.41194928976824824,0.8850646767660332,0.621314633713941
-30.760278496960563,-39.63412477021199,26.886875446749066,590,169,743,912,0.18530701754385964,0.8188279661773055,0.42184072674891504,0.8759154813813349,0.6180902579345885
-39.06410908599459,-39.6275728657957,26.83626501072634,628,142,774,912,0.15570175438596492,0.8178635294545955,0.42123810352445396,0.8885979276729011,0.6243688287454607
-48.06597157270402,-39.72346376019239,26.83235015156617,609,168,759,912,0.18421052631578946,0.8159346560091757,0.420982038487905,0.8795373346210008,0.626448209222222
-40.47851596369672,-39.73194749281603,26.80933236910781,585,174,743,912,0.19078947368421054,0.8197924029000153,0.4145641725642427,0.8743791843832268,0.6191230155516133
-44.940748559369055,-39.78982306022218,26.729981873107196,590,160,770,912,0.17543859649122806,0.8217212763454352,0.41166726859321406,0.8673465300881636,0.6315536684555921
-35.988267260859814,-39.74804772176765,26.74028743196374,619,149,775,912,0.16337719298245615,0.8120769091183357,0.4180298379497614,0.8824412495095225,0.6268379708155088
-40.817321283070775,-39.75967026047746,26.808325039186865,623,145,774,912,0.15899122807017543,0.8159346560091756,0.4232192548238097,0.8848534500680625,0.6286418142749759
-34.04888443138377,-39.698263961239896,26.7973942044067,609,151,773,912,0.16557017543859648,0.8130413458410457,0.4228141681451127,0.8896720088203759,0.6224969996928952
-44.97172690201099,-39.754364630822565,26.745206578877177,592,170,764,912,0.18640350877192982,0.8255790232362751,0.4182811456232552,0.8796888866498936,0.6303226973245196
-43.79698087001266,-39.796918485971936,26.698244062391854,600,160,750,912,0.17543859649122806,0.8217212763454352,0.4220245516098545,0.8692856204522719,0.6431227848875022
-31.47629268620725,-39.71024530055772,26.744093054413725,635,145,762,912,0.15899122807017543,0.8120769091183357,0.41962620228079944,0.8811079562369749,0.6307047105586713
-43.66412592339648,-39.75100695646328,26.8082548551832,635,147,756,912,0.1611842105263158,0.8197924029000153,0.4220929629628937,0.8809456374296883,0.6301930029323731
-44.20645902843925,-39.7964707531161,26.77535192311778,615,157,756,912,0.17214912280701755,0.828472333404405,0.4231863951567747,0.8776562679411417,0.6247070769150301
-26.884959216835064,-39.66605144466881,26.78881036014033,603,155,774,912,0.1699561403508772,0.8111124723956258,0.41919906950205427,0.8914257103999854,0.6187879392585989
-40.794044201373104,-39.677331372235855,26.811759931666646,616,149,768,912,0.16337719298245615,0.828472333404405,0.42216177738741134,0.8857101657179128,0.6259623175719492
-47.56705859870528,-39.70601591026971,26.951919729503842,622,135,750,912,0.14802631578947367,0.8246145865135651,0.4194993600373443,0.8674085125798957,0.6417164679333106
-32.39737563163138,-39.66917302681074,26.943079527341027,625,148,768,912,0.16228070175438597,0.8149702192864656,0.42036617947765026,0.8861317333099787,0.6223464150989525
-38.400163175726085,-39.59512668109007,27.022079527341035,617,148,765,912,0.16228070175438597,0.8188279661773055,0.4170112057188676,0.8882080781675762,0.6275623898363303
-42.094117602434075,-39.57996072490275,26.904999628422438,620,153,760,912,0.16776315789473684,0.8120769091183357,0.41542609093618105,0.8868136310911566,0.6317670449665502
-33.97613502135863,-39.58925269746768,26.93868003274805,603,155,778,912,0.1699561403508772,0.8130413458410459,0.42073144346016667,0.8666140474232756,0.6322736413712042
-48.77264946424359,-39.75356846990747,26.865440335992258,605,156,760,912,0.17105263157894737,0.8178635294545955,0.4184045982505512,0.8922257000449826,0.6184468921453895
-38.82726285954977,-39.79338640599386,26.872360437073663,624,139,765,912,0.1524122807017544,0.8188279661773056,0.42178357342689077,0.8910091977578247,0.6193444852256847
-43.809708397967036,-39.828537723231996,26.839520234910857,633,145,763,912,0.15899122807017543,0.8226857130681452,0.41831492875916815,0.8788243972779046,0.641623235814939
-45.15271814273817,-39.800161001126924,26.88236043707366,603,170,757,912,0.18640350877192982,0.8188279661773056,0.41917421934398147,0.8805892985107292,0.6111356861735341
-32.662853615171315,-39.79338462680011,26.92444033599226,616,157,764,912,0.17214912280701755,0.8159346560091757,0.41635073523093835,0.8811287901517001,0.6219082054342241
-31.829051754516644,-39.71007539755978,26.926520234910857,612,164,764,912,0.17982456140350878,0.8168990927318855,0.4119741244546733,0.8801736095139238,0.6247182138548972
-33.54152196554217,-39.61466173468131,26.87675993166665,604,160,759,912,0.17543859649122806,0.8082191622274961,0.42377339552839216,0.8857851215259819,0.631853988378917
-54.67181219197344,-39.72671390048799,26.83875993166665,619,155,743,912,0.1699561403508772,0.8255790232362751,0.41747075807365175,0.8898963143959019,0.6292504096088815
-49.45787856712462,-39.87411054108,26.972680032748052,606,163,761,912,0.1787280701754386,0.8188279661773055,0.41945434369333595,0.8818874995420387,0.6271698036084828
-32.76785493927651,-39.825966380287454,26.91883983058525,611,154,760,912,0.16885964912280702,0.8140057825637558,0.41009757627182786,0.8839025579158052,0.6269837311991777
-32.49887992075778,-39.8012251955458,26.99552023491086,640,134,779,912,0.14692982456140352,0.8217212763454352,0.4134205799762454,0.8853824307749684,0.6286917761606389
-43.481193035758935,-39.73849782034058,26.959440335992266,602,165,758,912,0.18092105263157895,0.8178635294545955,0.4162088058514282,0.8856036859122888,0.62642337092083
-41.252653623479965,-39.83433306040894,26.99636043707367,605,154,770,912,0.16885964912280702,0.8130413458410459,0.41945501388826817,0.8875768674829961,0.6248005590501903
-45.733661123935505,-39.872444459232646,26.919520234910856,609,154,759,912,0.16885964912280702,0.8178635294545955,0.4251117075566293,0.8859966638749525,0.6272008853091646
-39.90217099514768,-39.859076669520284,26.91820063923647,629,139,764,912,0.1524122807017544,0.8140057825637557,0.41717236027333954,0.8840062870741742,0.6235300893204772
-47.33740706722014,-39.923684337111254,26.762280538155068,588,170,764,912,0.18640350877192982,0.8188279661773055,0.42197764787007846,0.8853744477818429,0.6262243595868907
-40.93391643975195,-39.923867442013204,26.831040841399282,602,150,763,912,0.16447368421052633,0.8236501497908552,0.4239243619179053,0.885398772784438,0.6288776560458974
-42.36358553975692,-39.926063251802354,26.87104084139928,623,142,756,912,0.15570175438596492,0.8197924029000153,0.4225001016333827,0.8875806498019617,0.6265775789707694
-44.44872373080551,-40.062541612821896,26.903040841399278,624,138,766,912,0.1513157894736842,0.8226857130681452,0.41638117189765783,0.8887434624994691,0.620281840646408
-38.25213428967339,-40.09728877919745,26.90796094248068,613,153,758,912,0.16776315789473684,0.8217212763454352,0.42247941395917954,0.885516805743224,0.6251073765858562
-43.06226896309987,-40.12034514480578,26.844721245724894,591,164,763,912,0.17982456140350878,0.810148035672916,0.422132597827946,0.8876193733918263,0.6159091117671104
-37.574478453967934,-40.12253464840201,26.676561447887696,603,160,767,912,0.17543859649122806,0.8197924029000153,0.42769095764575515,0.8770160661107456,0.6212997650542988
-45.119312938123805,-40.16651546448629,26.718481548969102,605,156,750,912,0.17105263157894737,0.8255790232362751,0.417109344760288,0.8812063548412707,0.6200048295766513
-25.10869478323516,-39.95023128310563,26.631561447887698,626,144,775,912,0.15789473684210525,0.8168990927318855,0.422006430186678,0.8832690651244727,0.6133911342429458
-34.977855787258044,-39.99973000495271,26.548561447887696,618,156,764,912,0.17105263157894737,0.8120769091183357,0.4258442250443365,0.8654835459228473,0.639722054848184
-42.8201000245852,-39.989386013215324,26.4995614478877,619,150,756,912,0.16447368421052633,0.8188279661773055,0.4185148705806296,0.8864614920072601,0.626178229609727
-37.491246754714595,-40.00609531879732,26.337960942480677,602,155,775,912,0.1699561403508772,0.8120769091183357,0.41793621014599175,0.8811843402533541,0.6270745734981765
-34.56462495320255,-40.02763609352296,26.38120063923647,628,137,770,912,0.15021929824561403,0.8120769091183357,0.42055230400712224,0.8811641396409895,0.6251533129860951
-38.9728223610979,-40.009451010714926,26.40988104356208,620,147,764,912,0.1611842105263158,0.8149702192864656,0.4241322951130573,0.8789676230453322,0.6285604874927947
-45.289733316217585,-40.12137867131189,26.469200639236472,645,134,756,912,0.14692982456140352,0.8159346560091756,0.41214016563156375,0.8859801059818883,0.6273274648138122
-40.58045776079743,-40.143753989850204,26.32696094248068,627,137,763,912,0.15021929824561403,0.8149702192864656,0.4246868235310687,0.8883003496913472,0.6208312032812233
-45.56615669506114,-40.222335777261726,26.359881043562083,596,169,754,912,0.18530701754385964,0.8236501497908552,0.421400097083788,0.8815095097000825,0.6249449383903545
-30.0841034374487,-40.053278168557014,26.247040841399272,602,154,770,912,0.16885964912280702,0.8149702192864656,0.4248911159900068,0.8790374749825554,0.6248957314680114
-38.632531313783716,-39.99189122394669,26.227960942480667,606,163,757,912,0.1787280701754386,0.8236501497908552,0.4152985058156381,0.881868506328971,0.6267120950507433
-42.85332083782383,-40.01552607240323,26.22572124572488,604,156,764,912,0.17105263157894737,0.8226857130681452,0.41794206882563967,0.8714143107385071,0.6137241723308087
-38.11502367648511,-40.018085755164925,26.16980114464348,624,150,756,912,0.16447368421052633,0.8207568396227253,0.4159416702594588,0.8797107284833867,0.627086577623908
-31.26690341415219,-39.86133161816702,26.144801144643484,646,128,774,912,0.14035087719298245,0.8101480356729158,0.41712144868550394,0.884213492048688,0.632435277280594
-35.00411782212571,-39.75081442804445,26.083641346806285,627,147,763,912,0.1611842105263158,0.8217212763454352,0.41975542098091656,0.8872928910081334,0.6215334731578479
-39.27357793926338,-39.73251762828687,26.125801144643475,614,155,768,912,0.1699561403508772,0.8178635294545955,0.4153337781847232,0.8799910286163559,0.6283615305061606
-40.3352284974367,-39.66455762029762,26.21672124572488,628,147,772,912,0.1611842105263158,0.8168990927318855,0.4175369689884844,0.8722447378424053,0.6313369938630339
-32.92716660686379,-39.65749121670056,26.203641346806286,614,157,777,912,0.17214912280701755,0.8140057825637557,0.41910427099715,0.8844416751408005,0.626293295554532
-42.573081150285354,-39.72704375634382,26.13748154896909,578,175,748,912,0.19188596491228072,0.8149702192864656,0.42022641414959805,0.8861085049501157,0.6088712862007593
-44.09818939615328,-39.74681147234171,26.228241852213305,605,158,760,912,0.17324561403508773,0.8178635294545955,0.4149693769425279,0.8871196223950187,0.6216453562141538
-42.47230891369807,-39.72220523410084,26.178161953294712,605,168,767,912,0.18421052631578946,0.8178635294545955,0.41636441348122216,0.8934046603569921,0.6335866055146078
-43.47606143605101,-39.76133743364032,26.208922256538923,637,137,768,912,0.15021929824561403,0.8140057825637557,0.4174874752141595,0.8767948827159727,0.6384495653143617
-43.4644277994676,-39.79932453886401,26.35284235762033,618,142,768,912,0.15570175438596492,0.8236501497908552,0.41938219068843896,0.8762857079614658,0.6376692341227181
-40.573921596423794,-39.8319306324131,26.28492225653892,615,150,771,912,0.16447368421052633,0.8168990927318855,0.4135431855533356,0.8788850488280698,0.6297419454325291
-36.13906605558906,-39.78161377252162,26.299922256538924,614,147,757,912,0.1611842105263158,0.8217212763454352,0.41758130603360055,0.8775199018675012,0.631379748434108
-35.77874643581323,-39.76702869192862,26.383002155457522,616,151,757,912,0.16557017543859648,0.8178635294545955,0.4138740305179335,0.880062515394869,0.6265165611399647
-33.55077772031876,-39.73247499186004,26.21616195329471,607,154,771,912,0.16885964912280702,0.8120769091183357,0.40950012816013714,0.88962715790553,0.6273866616570368
-33.20871675401476,-39.716224736399276,26.167082054376113,635,132,779,912,0.14473684210526316,0.8140057825637557,0.4120483185518159,0.8915469946894382,0.634091170375795
-41.30248238947352,-39.83407814353311,26.27292225653892,634,146,761,912,0.1600877192982456,0.8188279661773055,0.4190439733829881,0.8816328768554046,0.6375189974250522
-35.192651895279795,-39.81670820035342,26.230762458701726,603,165,769,912,0.18092105263157895,0.810148035672916,0.4183923185583822,0.8738648237093675,0.6128952054313316
-44.31632225355836,-39.83810829344971,26.358842357620325,613,162,763,912,0.17763157894736842,0.8207568396227253,0.4201873884796093,0.8836568558195296,0.6414948103232455
-42.345498953316614,-39.96558851366252,26.434442863027343,637,144,762,912,0.15789473684210525,0.8226857130681452,0.4147263347975078,0.8830288798776978,0.6304145944657632
-36.1640989596595,-39.96811201974249,26.41744286302734,595,160,777,912,0.17543859649122806,0.8111124723956258,0.4144243761726688,0.8774709912803408,0.6229866467155515
-43.1784763716381,-40.04891569610041,26.546362964108752,600,156,764,912,0.17105263157894737,0.8197924029000153,0.4162561016982872,0.8929683731976396,0.6205426771814037
-43.44753626684656,-40.12131800780265,26.63060266086454,671,120,766,912,0.13157894736842105,0.8159346560091756,0.4181522981843084,0.8910963645477454,0.6277444474074784
-42.668033779861375,-40.1187961221373,26.569602660864543,616,166,765,912,0.18201754385964913,0.8294367701271149,0.41847073045910754,0.8905180258571027,0.6253238229050591
-37.606956495197366,-40.04319296664324,26.545522761945946,618,149,782,912,0.16337719298245615,0.812076909118336,0.4223703735583266,0.8952466761059578,0.6197408450098413
-46.575105249477865,-40.00733490805251,26.59828306519016,612,149,751,912,0.16337719298245615,0.826543459958985,0.416757913426567,0.881142090045708,0.6231725211838842
-32.70078532013088,-39.92318722645408,26.672362964108757,610,147,775,912,0.1611842105263158,0.8178635294545955,0.41505729911173683,0.8776416497046072,0.6325615936075774
-35.326541819298,-39.863794800185495,26.689203166271565,627,149,775,912,0.16337719298245615,0.8207568396227253,0.41380477837818036,0.8789907347060298,0.6275851429634668
-45.61731761893031,-39.89139683019041,26.790442863027355,621,145,770,912,0.15899122807017543,0.8246145865135651,0.41930496105061926,0.879710804647578,0.6320046106626164
-41.43666293809763,-39.92700366746972,26.71060266086455,618,149,761,912,0.16337719298245615,0.8178635294545955,0.4131815083727567,0.8809398671118974,0.6367962760585291
-35.33767217577989,-39.911065087865566,26.820362964108757,623,146,764,912,0.1600877192982456,0.8207568396227253,0.42687900237415505,0.8954080436610999,0.6262815301312965
-39.342365282075484,-39.861953788550395,26.706362964108752,638,140,770,912,0.15350877192982457,0.8159346560091756,0.42778851340101953,0.8801879331792813,0.6257344747341702
-37.41173062010941,-39.82393174167564,26.712283065190153,611,152,764,912,0.16666666666666666,0.8168990927318855,0.41665796523111265,0.8868967000692048,0.613925484476613
-33.51955649975055,-39.87968955121887,26.75936296410875,604,151,783,912,0.16557017543859648,0.8091835989502061,0.4173586388972213,0.8796983234163497,0.6159430312495261
-38.76315183408909,-39.77989661084454,26.71844286302735,580,169,759,912,0.18530701754385964,0.8130413458410457,0.4113122127763556,0.8689744286057631,0.636244799814319
-34.56594869244221,-39.70842092558055,26.755362964108755,600,156,769,912,0.17105263157894737,0.8130413458410457,0.4190129851537726,0.8969786369617402,0.616226062076126
-41.283932213646096,-39.69823947350715,26.798602660864546,595,173,765,912,0.18969298245614036,0.8197924029000153,0.41394272760730316,0.8765771542169968,0.6270107581176927
-41.81150343586355,-39.63044794869806,26.816602660864547,624,158,761,912,0.17324561403508773,0.8168990927318855,0.42162296447839764,0.8833373246122748,0.6212957690625163
-32.23950276691452,-39.54066264161734,26.84876245870174,611,152,770,912,0.16666666666666666,0.8140057825637557,0.4167235669999703,0.8894035049727166,0.626394612348248
-37.82428686610531,-39.502702850050184,26.89484235762034,610,156,760,912,0.17105263157894737,0.8217212763454352,0.4131088756955079,0.8873282774387478,0.6222160627648917
-46.43709262360686,-39.57247138492197,26.87984235762034,614,158,773,912,0.17324561403508773,0.8236501497908552,0.4158523675149224,0.889338799086817,0.627349335991011
-37.80494752533901,-39.601325188704585,26.98184235762034,636,144,762,912,0.15789473684210525,0.8178635294545955,0.41153161225632157,0.8782657314214571,0.6307759818927061
-31.906470747316487,-39.45865960737517,27.04292225653894,627,145,769,912,0.15899122807017543,0.8130413458410459,0.4174945644045091,0.8900872306949948,0.6274097195147289
-41.03479230569317,-39.378247894287874,27.027522761945956,624,139,772,912,0.1524122807017544,0.8246145865135651,0.4180733936301487,0.877132942871767,0.6338693855686426
-38.38248753699348,-39.425901082076116,27.078283065190163,647,138,775,912,0.1513157894736842,0.8188279661773055,0.4189622708877104,0.8817221078093107,0.6348000106743755
-36.020304824088434,-39.47850134534738,27.139442863027355,613,161,770,912,0.17653508771929824,0.8168990927318855,0.42211578916332565,0.8795683204759266,0.6336692008865533
-34.01269585989966,-39.42798721308644,27.261522761945947,613,151,771,912,0.16557017543859648,0.8101480356729158,0.41582715841477286,0.8819956641044135,0.628281030581335
-37.32058503090281,-39.32053334766843,27.330522761945954,608,162,770,912,0.17763157894736842,0.812076909118336,0.41477888347531466,0.8799475934621489,0.6244710655379689
-36.85478084707148,-39.28429599650217,27.327682559783142,597,169,789,912,0.18530701754385964,0.8188279661773055,0.4130775787665593,0.8716822252204506,0.630511163599886
-46.79953774863045,-39.302883888394796,27.358922256538936,601,157,754,912,0.17214912280701755,0.8188279661773055,0.41182982117838607,0.8669652163449796,0.6275662302893197
-42.20787457931425,-39.36507996157933,27.34124185221332,632,147,764,912,0.1611842105263158,0.827507896681695,0.4249137048182297,0.8920874110518285,0.6299171219753221
-39.65689102537844,-39.35347565900241,27.345321751131916,613,153,763,912,0.16776315789473684,0.811112472395626,0.41932902256420657,0.8754041321478393,0.6286808714483306
-34.02398436095861,-39.353226658298155,27.362321751131923,653,125,772,912,0.13706140350877194,0.8111124723956258,0.41222999837953794,0.8830146119126673,0.6349111339513361
-41.834248046002436,-39.321851869738076,27.44432175113192,624,142,765,912,0.15570175438596492,0.8226857130681452,0.41874813065908584,0.8832223045109764,0.6344377106865294
-34.59311541330439,-39.22981321517099,27.41756144788771,614,155,773,912,0.1699561403508772,0.8140057825637557,0.41364069986677604,0.8782814124996859,0.6267095513690314
-43.266468587427994,-39.3477149741832,27.475561447887713,621,145,757,912,0.15899122807017543,0.8120769091183357,0.4182358785125028,0.8860264399871541,0.6236370914871592
-30.20341763051076,-39.21310789125434,27.393801144643493,604,151,769,912,0.16557017543859648,0.8159346560091757,0.42636786596914245,0.8804605385207872,0.6289793802950483
-36.91025345857425,-39.140145835555685,27.400881043562094,608,159,758,912,0.17434210526315788,0.809183598950206,0.4096807561513828,0.8787073941189455,0.6186197916728347
-29.878989251360842,-39.170086135900945,27.38548154896911,601,163,770,912,0.1787280701754386,0.8130413458410459,0.41611664766811846,0.8837313846244269,0.614087710736418
-37.54701793323599,-39.13761587321957,27.408641346806302,633,139,771,912,0.1524122807017544,0.8188279661773056,0.4224067080303517,0.8854997626521324,0.6345471872616644
-45.920760446039225,-39.121152891692915,27.395561447887705,611,151,755,912,0.16557017543859648,0.8226857130681452,0.4190339305900361,0.8810647764005596,0.6196120293030661
-42.42342482972021,-39.221413383673806,27.437801144643494,606,169,766,912,0.18530701754385964,0.8140057825637557,0.4137159204539364,0.8761981078426601,0.6226581391221072
-46.02559476640401,-39.297667699580586,27.42396094248069,611,154,758,912,0.16885964912280702,0.8197924029000153,0.41516801131155606,0.8715106966948705,0.636943698033005
-39.37920427273158,-39.27051856628356,27.377040841399285,607,159,767,912,0.17434210526315788,0.8140057825637557,0.4197913710970762,0.8720184492267328,0.6240635052814424
-40.19097052885275,-39.3326669213585,27.239280538155075,605,170,758,912,0.18640350877192982,0.8159346560091756,0.4200039500714803,0.8891717278244271,0.6255766586121033
-30.90540846122957,-39.15399451132835,27.237280538155076,618,148,780,912,0.16228070175438597,0.811112472395626,0.41459170424021985,0.8839045468155217,0.629361146895186
-45.377707874530635,-39.219498961478166,27.23504084139929,597,159,759,912,0.17434210526315788,0.8197924029000153,0.42034789030876296,0.8684363908931642,0.6312036235367814
-47.999789043631345,-39.26139976793481,27.377960942480694,652,128,758,912,0.14035087719298245,0.826543459958985,0.4307489262950814,0.8834206557131044,0.6257202086442158
-48.148196065462706,-39.29135454716206,27.358040841399294,596,156,756,912,0.17105263157894737,0.8217212763454352,0.4102248929361968,0.879260925880302,0.6227952730997183
-41.54438215303426,-39.38016983254068,27.24104084139929,623,152,768,912,0.16666666666666666,0.8149702192864656,0.41716527499964867,0.8812746070335667,0.6333555385085715
-38.298797517820596,-39.444867290173725,27.273120740317882,626,150,767,912,0.16447368421052633,0.8197924029000153,0.4110580538772673,0.8842567345419532,0.6328247798122898
-35.400527228422796,-39.463457342802535,27.279721245724904,596,157,768,912,0.17214912280701755,0.8140057825637557,0.41674713993292767,0.8840029644727162,0.6268599709291038
-45.6866633046594,-39.37360585392939,27.3177212457249,612,159,761,912,0.17434210526315788,0.8226857130681452,0.4145750422903762,0.8868407426816917,0.6259878627754519
-32.51379986242812,-39.20416506688243,27.245721245724905,610,149,770,912,0.16337719298245615,0.809183598950206,0.42185799236643634,0.8665239463681527,0.626651572485926
-41.53452278499325,-39.29183174533959,27.362561447887707,622,146,764,912,0.1600877192982456,0.8217212763454352,0.40979035034471667,0.884009990198947,0.6281589165726702
-31.032590510934575,-39.27716885124136,27.34280114464349,619,159,764,912,0.17434210526315788,0.8188279661773055,0.4286518434692201,0.8853480728674189,0.6200564805004631
-37.37344636069561,-39.21609138449073,27.2776413468063,610,161,762,912,0.17653508771929824,0.8197924029000153,0.4185112991679886,0.8828803773658961,0.6213207739395926
-39.51432588270334,-39.198708107082965,27.2136413468063,631,142,766,912,0.15570175438596492,0.8149702192864656,0.41815750044666056,0.8836644176136815,0.6300619200491328
-42.95144135420577,-39.17088590938566,27.2636413468063,625,134,750,912,0.14692982456140352,0.8236501497908552,0.41850560149595506,0.8837450424349246,0.6301601591234934
-41.52557262718301,-39.187119925706014,27.180721245724893,596,152,774,912,0.16666666666666666,0.8140057825637558,0.42266703683728746,0.8774292291337119,0.6323343101902835
-42.73561732209683,-39.14110202825478,27.26388104356209,594,150,763,912,0.16447368421052633,0.8149702192864656,0.4139826055011089,0.8874159417841287,0.6239997614323066
-36.58825161956523,-39.09764538005292,27.235040841399286,644,136,770,912,0.14912280701754385,0.8188279661773056,0.4261709515877898,0.8853424658871493,0.6319065264142231
-39.94958271641299,-39.07350535181948,27.267200639236474,639,141,774,912,0.15460526315789475,0.8178635294545955,0.41650354960096336,0.8799843498906083,0.6317643402352655
-42.40926146314364,-39.05311072914286,27.23928053815507,615,158,767,912,0.17324561403508773,0.8159346560091756,0.4251918433390382,0.8830678207898472,0.6219268823196777
-43.784775390742155,-39.10843714015354,27.224200639236475,629,148,757,912,0.16228070175438597,0.8188279661773055,0.4117710624305723,0.8711048876832131,0.6345579905251285
-45.502970886992806,-39.13284415939248,27.315440335992268,596,169,758,912,0.18530701754385964,0.8188279661773056,0.4157293820596506,0.8739250333445381,0.6175888583671331
-40.02039811994759,-39.15730335605227,27.48868003274806,629,139,773,912,0.1524122807017544,0.8226857130681452,0.42218303407892693,0.8848790775017964,0.6233900304698862
-38.77973143982325,-39.093907541069264,27.547759931666654,614,150,764,912,0.16447368421052633,0.827507896681695,0.42286115786054673,0.8833234930160954,0.6198718611741312
-40.1415551073664,-39.24423614431058,27.506680032748065,605,150,775,912,0.16447368421052633,0.8217212763454352,0.41577915386660913,0.8739853961995365,0.6364461605256367
-35.094181841908885,-39.24539940485708,27.583520234910864,639,145,777,912,0.15899122807017543,0.8149702192864656,0.41898367455392377,0.894652188965816,0.6192594977527963
-43.16810726115375,-39.248879477222765,27.497360437073677,614,152,763,912,0.16666666666666666,0.8217212763454352,0.42903880613012174,0.8793577564445334,0.6203787966428068
-35.636765538142164,-39.23033466505705,27.51620063923648,612,146,760,912,0.1600877192982456,0.8236501497908552,0.41655429213261497,0.8857067327127903,0.6160179199033882
-36.53428337990764,-39.250031249324095,27.46304084139929,613,140,763,912,0.15350877192982457,0.8140057825637557,0.42170581439364657,0.8822780922523439,0.6260085949550002
-46.10412044268047,-39.32134423013993,27.49328053815508,612,155,765,912,0.1699561403508772,0.8217212763454352,0.4092597247702086,0.8760073654002708,0.627201502816337
-48.90825765828264,-39.35752947356058,27.474960942480692,603,158,766,912,0.17324561403508773,0.8226857130681451,0.42226103488228495,0.8915503231292498,0.6153052666487219
-33.74048027722768,-39.28912969872488,27.63612074031789,626,150,769,912,0.16447368421052633,0.8246145865135651,0.4196740977500117,0.8805722134777562,0.6270058620745045
-34.155863188510295,-39.17502676365937,27.49304084139929,601,159,758,912,0.17434210526315788,0.8178635294545955,0.42228006729019624,0.895803229263023,0.6183090299813908
-48.51047181838022,-39.35929044746869,27.600120740317887,600,168,766,912,0.18421052631578946,0.8294367701271149,0.41592347004464486,0.8832694256620309,0.6360429312058733
-43.87347421953505,-39.41169987652621,27.68912074031789,629,132,748,912,0.14473684210526316,0.8294367701271147,0.42148028770627005,0.8794498304289471,0.6305513169231592
-26.256461594001028,-39.24573128408797,27.704280538155082,584,167,782,912,0.18311403508771928,0.8159346560091756,0.4158201752458049,0.866097532888007,0.6356984886226456
-32.946116395532435,-39.19404221127845,27.74220063923648,641,141,778,912,0.15460526315789475,0.8168990927318855,0.41664106350251773,0.8914332061390254,0.6198335120180773
-43.49579081682176,-39.31633108530514,27.701440335992274,606,153,768,912,0.16776315789473684,0.8178635294545955,0.4162691662337837,0.8888700727559815,0.6162696789169991
-31.434596973198605,-39.280635876815865,27.65668003274806,606,153,771,912,0.16776315789473684,0.8140057825637557,0.41595383941927505,0.878754366348629,0.6313413474380472
-34.43383613354383,-39.23223845875867,27.620680032748066,634,152,780,912,0.16666666666666666,0.8091835989502061,0.41373824851851815,0.8870406168376874,0.6250070985651827
-35.87901480234283,-39.187676321807736,27.51583983058525,601,154,764,912,0.16885964912280702,0.8111124723956258,0.41823702196698276,0.8799711520956995,0.6282881012444537
-33.58303808242108,-39.194235036563306,27.502999628422447,603,156,767,912,0.17105263157894737,0.8053258520593662,0.4166005251070257,0.8855729337859315,0.6103402180072376
-38.427858648118686,-39.15278281154164,27.520079527341046,615,153,766,912,0.16776315789473684,0.8168990927318855,0.42015466664369816,0.8709445450195629,0.6370614083920855
-43.20026671003806,-39.14380358468049,27.56715942625964,643,145,762,912,0.15899122807017543,0.8236501497908552,0.4235499119304506,0.873407249601009,0.6394099737884651
-36.49332909755622,-39.08401378651907,27.653079527341045,618,153,756,912,0.16776315789473684,0.8168990927318855,0.41304931258955363,0.881329683565992,0.626450771936127
-49.15115446580793,-39.14076471681664,27.727839830585264,624,157,767,912,0.17214912280701755,0.8207568396227253,0.4218747121097246,0.8889100636470489,0.6305198649691978
-38.71141498992678,-39.09323458872123,27.72283983058526,636,136,766,912,0.14912280701754385,0.8178635294545955,0.4156666260622972,0.8864784879063669,0.6300812713175229
-33.03470975439899,-39.017842470300984,27.703759931666664,618,156,758,912,0.17105263157894737,0.8168990927318857,0.4198163891429761,0.8830136110316218,0.6323453094922757
-35.90743428836709,-39.015526152628766,27.65875993166666,629,139,768,912,0.1524122807017544,0.8120769091183357,0.42311573285223364,0.8856137287209269,0.628150134299839
-38.095888285623566,-39.038697571126875,27.60060013382947,618,149,760,912,0.16337719298245615,0.8140057825637558,0.42131073426333576,0.887827721994639,0.6280854918775477
-35.687947614867106,-39.06006927007235,27.756759931666657,626,145,765,912,0.15899122807017543,0.8140057825637557,0.41281223886270524,0.8787157936309619,0.6305338902460654
-33.64525251988429,-39.064434627731046,27.75583983058526,622,147,769,912,0.1611842105263158,0.8168990927318855,0.4168838488070097,0.8849112526882065,0.630213495614346
-38.18765163936066,-39.03328632022992,27.658999628422453,621,149,773,912,0.16337719298245615,0.8159346560091756,0.4189805955717227,0.8831925717437669,0.6251937645497508
-32.15070736291056,-39.002866874906225,27.59199962842245,624,145,771,912,0.15899122807017543,0.8207568396227253,0.41166319336893215,0.8741002174646747,0.6272782681960519
-38.7217608717434,-38.94692126108807,27.543999628422448,608,161,767,912,0.17653508771929824,0.8149702192864656,0.4155654056721564,0.8802440751870281,0.619916826321929
-46.99676952893266,-38.99343396684424,27.437079527341044,613,160,756,912,0.17543859649122806,0.8236501497908552,0.4143352494943764,0.8899510845098021,0.6248764347848587
-36.84762807276639,-39.000269257975305,27.43891972950385,644,137,761,912,0.15021929824561403,0.8130413458410459,0.4177063419462656,0.8884142910274894,0.622436222357682
-43.4925196601141,-39.00340969086007,27.35675993166665,604,150,766,912,0.16447368421052633,0.8149702192864657,0.42152888389669274,0.8885711359492653,0.6218351557627373
-47.791316699122305,-39.046847495182824,27.159680032748057,614,158,767,912,0.17324561403508773,0.826543459958985,0.4184983470032417,0.8849353364165603,0.6253542160991784
-43.64774202432365,-39.056644577627445,27.24144033599227,621,151,755,912,0.16557017543859648,0.8246145865135651,0.4168365536691688,0.8906023610252976,0.6235514951379405
-30.311200451888425,-38.983687017194356,27.27660013382946,634,149,789,912,0.16337719298245615,0.8130413458410457,0.4215233276840914,0.8944223702960552,0.6281016293743863
-37.571268306452865,-38.89364864776411,27.111759931666647,596,168,760,912,0.18421052631578946,0.8255790232362751,0.41769072778583277,0.8859430600598172,0.624510315678806
-41.227004154410466,-38.978910836106905,27.166600133829455,615,155,766,912,0.1699561403508772,0.8178635294545955,0.4146923832527383,0.8802369197580858,0.6296348065844185
-33.81809808139079,-38.96382639872783,27.217759931666656,626,151,762,912,0.16557017543859648,0.8140057825637558,0.4116273950481058,0.8863493932418206,0.6244614358319323
-34.57449885469096,-38.85339821108544,27.19352023491087,646,136,762,912,0.14912280701754385,0.8178635294545955,0.42211972930889924,0.8784705215682225,0.6319334195817955
-43.82223834680208,-38.87725396517248,27.270360437073673,619,160,766,912,0.17543859649122806,0.8168990927318857,0.4154810742831866,0.8839179179453294,0.6303192524710525
-34.724791011787524,-38.87112515353255,27.225520234910864,588,172,782,912,0.18859649122807018,0.8101480356729158,0.4233306496335206,0.8786599014502721,0.6343905170714103
-42.996956365868456,-38.90767106437048,27.312440335992267,640,128,762,912,0.14035087719298245,0.8197924029000153,0.4235403336179757,0.8874908956402798,0.6323994127715343
-49.053726042126826,-39.02409101859066,27.270600133829458,603,175,761,912,0.19188596491228072,0.8226857130681452,0.41678736567396635,0.8821784035632237,0.6283189605591672
-34.08468195382489,-39.029742273131404,27.134440335992263,592,168,770,912,0.18421052631578946,0.8120769091183357,0.41567318607262765,0.8844620512406663,0.6188073860573642
-33.71828968562281,-38.97929365164674,27.146440335992267,608,139,771,912,0.1524122807017544,0.8149702192864657,0.4216123929842575,0.8856144543010172,0.6241626146512139
-39.36275183417231,-39.02726168306404,27.109360437073676,618,145,755,912,0.15899122807017543,0.827507896681695,0.42758557517862716,0.8786929951209039,0.6264829436873868
-40.88730549668394,-39.023295415894424,27.131040841399287,608,151,745,912,0.16557017543859648,0.8197924029000153,0.41525701801982196,0.8840691795409247,0.6320200904280645
-35.45924332211624,-38.959772814756946,27.194040841399286,608,156,774,912,0.17105263157894737,0.8111124723956258,0.4190514127493046,0.8833463648780416,0.6257945048950161
-35.401343060100835,-38.99139121768881,27.306200639236476,637,148,774,912,0.16228070175438597,0.8197924029000155,0.4126087326271516,0.8861470021243277,0.6321061163622006
-38.27000064459026,-38.99584835547366,27.228040841399284,613,154,778,912,0.16885964912280702,0.8159346560091756,0.42501778413167457,0.8772270481782679,0.6269372173284861
-36.65163309010182,-38.897993760138604,27.350280538155076,631,137,769,912,0.15021929824561403,0.8111124723956258,0.41541817576372847,0.8708344589850049,0.6330621117326357
-38.31986964514943,-38.903142981336714,27.318120740317887,641,142,774,912,0.15570175438596492,0.8265434599589848,0.410993400104157,0.894985768516284,0.6321787767721335
-37.69614761673402,-38.961039750030885,27.29620063923648,619,154,764,912,0.16885964912280702,0.8207568396227253,0.4191901308959822,0.8802335364050099,0.6270964985794931
-47.98789613171534,-39.03057078829111,27.180520234910865,602,163,749,912,0.1787280701754386,0.8207568396227253,0.4195279845329802,0.8805195750755811,0.634456993490584
-33.12967001368978,-38.97804261305808,27.09460013382946,625,141,775,912,0.15460526315789475,0.811112472395626,0.41798951842765425,0.8899028660843262,0.6272517506858608
-32.28303615654033,-38.94066992638259,27.070600133829462,625,148,768,912,0.16228070175438597,0.809183598950206,0.4149400241740715,0.8721475935589517,0.6367479346509625
-39.23497890194587,-38.99289275680305,27.028680032748056,621,146,759,912,0.1600877192982456,0.8207568396227253,0.4216921700757729,0.8860219754225178,0.6267067323686137
-37.45280353733235,-38.994214941867355,26.91768003274806,592,166,781,912,0.18201754385964913,0.8130413458410457,0.4152001476141354,0.8864298247177125,0.6147200715477448
-42.13270094752851,-39.04699414287192,26.934440335992264,616,156,754,912,0.17105263157894737,0.8236501497908552,0.4249851351385947,0.8806413828404974,0.629542729680071
-43.96327553477263,-39.01863152073334,26.980280538155075,607,168,758,912,0.18421052631578946,0.8226857130681452,0.41650708404555215,0.8814477113714204,0.6235547074369686
-39.91689841073478,-38.99572175904754,27.00704084139928,625,147,759,912,0.1611842105263158,0.8226857130681452,0.42443276351030385,0.886330718514449,0.6251678580262259
-40.220851696233076,-39.00136136575609,26.96988104356209,623,153,752,912,0.16776315789473684,0.8159346560091756,0.4115712105513823,0.8794648498755366,0.6233816691261745
-35.522090137805726,-39.01634242352456,26.966960942480682,633,135,766,912,0.14802631578947367,0.808219162227496,0.4170231785431176,0.8901509652662188,0.625971614483085
-40.30034747798639,-39.0010034178444,26.860881043562088,610,164,773,912,0.17982456140350878,0.8217212763454352,0.4203631869546152,0.8652475953102804,0.6322258540579923
-40.830647857574945,-39.06337874228711,26.8735614478877,594,167,757,912,0.18311403508771928,0.8246145865135651,0.4204439463073521,0.8866449893486585,0.6231078388193869
-42.16939138283127,-39.05240797024114,26.84732175113192,644,139,769,912,0.1524122807017544,0.8178635294545955,0.42082883147022365,0.8900216102573503,0.623878687567725
-45.84208906421831,-39.208794684578216,26.939161953294718,634,151,763,912,0.16557017543859648,0.8217212763454352,0.42178634819903116,0.8825326326489265,0.6328587125757265
-42.11982731022613,-39.260890423094736,27.035002155457533,632,157,766,912,0.17214912280701755,0.8149702192864656,0.41541833995014266,0.8838220041194704,0.6250286952214942
-36.43992442345821,-39.32649977481571,27.025241852213316,606,167,759,912,0.18311403508771928,0.8197924029000153,0.40757203079854254,0.8844351649414942,0.6199375985330932
-38.02119165263104,-39.33124151200966,26.925321751131918,602,160,773,912,0.17543859649122806,0.8217212763454352,0.41408519036704305,0.881205743196643,0.6214178418604058
-32.87171048437088,-39.20075101239298,26.95432175113191,625,149,765,912,0.16337719298245615,0.809183598950206,0.41395707491091616,0.8876756967599849,0.6248191388700284
-35.64793502444,-39.13299611434017,26.865922256538934,591,166,781,912,0.18201754385964913,0.8207568396227253,0.4195428369131064,0.8830264429269215,0.6147784199455958
-39.77880086116245,-39.070528175287755,26.841762458701734,606,151,761,912,0.16557017543859648,0.8188279661773055,0.4093186919746174,0.8803304115733431,0.6304940833226577
-40.99714470757689,-39.08670757963621,26.996842357620338,630,137,764,912,0.15021929824561403,0.8140057825637557,0.41481809992523416,0.8844513537845536,0.637429224751925
-41.13962504648381,-39.09619412481252,27.12060266086455,596,155,756,912,0.1699561403508772,0.8178635294545955,0.4216773337858716,0.8914706598807962,0.6156177735050806
-41.144254215426216,-39.19858258235449,27.09244286302735,630,133,767,912,0.14583333333333334,0.8284723334044047,0.42217769925790594,0.8852454312514367,0.6318929458695935
-36.079454462755045,-39.10560004823673,27.104762458701735,622,145,766,912,0.15899122807017543,0.8168990927318855,0.41962453726154125,0.8813767045568682,0.623707828919103
-37.46881751174276,-39.00029033291785,26.981762458701738,619,139,767,912,0.1524122807017544,0.8168990927318855,0.41809166696848643,0.8837774495092193,0.6286082664769556
-47.74200172427783,-38.996228389506,26.957602660864545,635,145,755,912,0.15899122807017543,0.8246145865135651,0.4270007157255059,0.8768269421705556,0.6331560036017907
-38.715600148880576,-38.96794056946447,26.86852276194595,609,149,770,912,0.16337719298245615,0.8168990927318855,0.4194529791395188,0.8758453055478302,0.6362268373248888
-41.16036140949755,-38.996556208381236,26.849362964108753,613,160,765,912,0.17543859649122806,0.8149702192864656,0.4149034317481354,0.889720939146856,0.6162436400537383
-37.45613333093019,-39.01711226940631,26.879602660864542,606,164,767,912,0.17982456140350878,0.8140057825637558,0.4197087341175478,0.8899643962834768,0.615836962559624
-36.32011251768945,-38.92344676153661,26.864682559783137,601,161,779,912,0.17653508771929824,0.8140057825637558,0.41789947872565314,0.8871568381179765,0.6227905301138593
-33.35820869243936,-38.93189084983672,26.735362964108752,599,162,782,912,0.17763157894736842,0.8178635294545955,0.4217081820237789,0.8934762205362694,0.6208500123428762
-35.55006745748136,-38.8720462965616,26.725362964108758,608,155,770,912,0.1699561403508772,0.8140057825637557,0.4225692983654212,0.8787561899663577,0.6312240973429558
-38.851294764916595,-38.950233339101416,26.731362964108754,587,163,770,912,0.1787280701754386,0.809183598950206,0.41954177469344106,0.8812801465603473,0.6212048312059076
-41.82113891412533,-38.994710264635714,26.88152276194595,604,156,773,912,0.17105263157894737,0.8159346560091756,0.4160380148886039,0.8826312235548103,0.6216277720266509
-38.40234924522605,-38.983590498260945,26.86760266086454,612,144,762,912,0.15789473684210525,0.8236501497908552,0.4160306572865029,0.8785589360681385,0.6241820081082167
-41.597624731853145,-38.97005233203742,26.800442863027353,603,163,771,912,0.1787280701754386,0.8197924029000153,0.415206412460331,0.8834405101247035,0.6259466743953657
-32.39567205484441,-38.87875332631403,26.838602660864545,600,155,764,912,0.1699561403508772,0.8101480356729158,0.41941810412514385,0.8933737379086777,0.6293321877261581
-39.359989047221156,-38.84499704356527,26.784522761945947,602,155,769,912,0.1699561403508772,0.8188279661773055,0.4159567651766514,0.8792726888691399,0.6199520533719904
-36.03669937884729,-38.83948152115809,26.75652276194595,615,159,770,912,0.17434210526315788,0.8130413458410457,0.41652464993196303,0.8842852644606571,0.6315169644623062
-41.58784919827804,-38.85586418597675,26.590522761945945,576,172,757,912,0.18859649122807018,0.8197924029000153,0.4176897730964402,0.8753014151748003,0.630264344497189
-35.45729167185043,-38.78634448806381,26.62760266086454,611,152,760,912,0.16666666666666666,0.8168990927318855,0.4128876437171072,0.8928974832015615,0.6179507163593613
-35.68787401163609,-38.705375474272756,26.507682559783138,590,162,767,912,0.17763157894736842,0.8188279661773055,0.4200432502029155,0.8735874319229157,0.6164064275923141
-40.88383425837449,-38.65918410798657,26.41352276194594,609,161,761,912,0.17653508771929824,0.8246145865135651,0.4243446668942046,0.8827261897305404,0.6175313002521695
-42.58045422806054,-38.6847846690677,26.40168255978314,616,153,761,912,0.16776315789473684,0.8149702192864656,0.4205783856018936,0.8754325031611456,0.6366894572476011
-38.8244923133436,-38.6852322778029,26.237602660864535,587,166,774,912,0.18201754385964913,0.8120769091183357,0.41783296128058833,0.8771241722068228,0.6269036723663087
-29.486597110473213,-38.578682697833976,26.188522761945944,596,164,772,912,0.17982456140350878,0.8149702192864656,0.40590702785655014,0.8791492369701331,0.6172846257122647
-43.40911830563006,-38.661832062471184,26.123442863027343,601,160,754,912,0.17543859649122806,0.8226857130681452,0.4266552993455392,0.8822128702302966,0.6289568470568321
-36.77761333426612,-38.59792712320231,26.238522761945948,605,159,773,912,0.17434210526315788,0.8178635294545955,0.4137622081592658,0.8818307507925968,0.6274125480923419
-37.601111451263314,-38.61757058233352,26.276602660864548,613,159,765,912,0.17434210526315788,0.8168990927318855,0.41785031974209647,0.8733712271943542,0.6280032970416891
-29.68929746270002,-38.549120723161444,26.163682559783137,609,156,765,912,0.17105263157894737,0.8111124723956258,0.4166921594589114,0.8978633260736891,0.6173369785493812
-31.893691170906475,-38.407016430443704,26.016522761945943,608,151,775,912,0.16557017543859648,0.8236501497908552,0.418794946969399,0.8833753784622519,0.6230500942493836
-40.49726070694445,-38.32290646093032,25.981682559783135,601,168,777,912,0.18421052631578946,0.8149702192864656,0.41027356232508777,0.8796859738449561,0.6267267929842254
-38.615721851655664,-38.371658876674594,25.833602660864535,614,150,766,912,0.16447368421052633,0.8217212763454352,0.4224839565279546,0.8740705115850477,0.6314426521683834
-44.85525446224481,-38.478652789411946,25.967682559783135,610,148,770,912,0.16228070175438597,0.812076909118336,0.41463999859763134,0.8826828200201543,0.6226459291118228
-46.718423371443215,-38.460732304942574,25.968522761945938,612,151,748,912,0.16557017543859648,0.8207568396227253,0.4216741083843374,0.8801928848811861,0.6382168852825935
-38.92953974530183,-38.41129296020024,25.86076245870173,615,148,763,912,0.16228070175438597,0.8140057825637557,0.4165760905824247,0.877382264653917,0.6259764649579501
-48.4226834152872,-38.632955178413106,25.920002155457517,615,158,756,912,0.17324561403508773,0.8197924029000153,0.41119655404245603,0.8796081580533598,0.628081573669553
-38.06193552961487,-38.68411336975393,25.967161953294706,622,150,780,912,0.16447368421052633,0.8159346560091756,0.41597119597075893,0.8890701527001785,0.6163526654341706
-34.973725943008965,-38.5988927210158,25.95692225653892,606,153,771,912,0.16776315789473684,0.8226857130681452,0.41931188984384843,0.872753101793537,0.6232495274644462
-39.27483389940127,-38.67729509027782,25.996762458701724,599,159,759,912,0.17434210526315788,0.809183598950206,0.41856661207212437,0.8819667495895386,0.6243515559785195
-36.1040580083752,-38.69399730902614,25.951602660864538,602,159,781,912,0.17434210526315788,0.8130413458410459,0.41493960981772593,0.8769034364085494,0.618457923361107
-32.366820360801775,-38.65887536461073,25.918362964108745,607,154,763,912,0.16885964912280702,0.8159346560091756,0.4136132966064433,0.8823313190888743,0.6272253439391634
-34.637865884853795,-38.66942364263505,25.971203166271557,627,146,766,912,0.1600877192982456,0.8140057825637557,0.42229703544527014,0.8844580498780852,0.6292086844515313
-31.72684306364699,-38.60241348679034,25.879123267352956,619,146,767,912,0.1600877192982456,0.8140057825637557,0.4203107088655348,0.8830344544698349,0.624880098604281
-41.17563578384624,-38.58216717752842,25.943362964108747,633,135,768,912,0.14802631578947367,0.8140057825637557,0.4158038167173743,0.8851383068104662,0.633551872404293
-36.82829408141684,-38.58551682736703,25.90228306519015,612,150,773,912,0.16447368421052633,0.8091835989502061,0.42364816596022703,0.8842315977358369,0.6235604236330636
-34.79305997474711,-38.44193588245642,25.80352276194594,611,151,760,912,0.16557017543859648,0.8168990927318855,0.41790886511491304,0.8833219891177451,0.624198239239251
-36.57316448249896,-38.42055337738214,25.763522761945932,602,156,776,912,0.17105263157894737,0.8197924029000153,0.41425161717095127,0.8855575479032378,0.63722419409585
-37.542195829559255,-38.465628238133746,25.870602660864535,598,166,768,912,0.18201754385964913,0.8120769091183357,0.4129249020926822,0.8860292728406193,0.6258152798602791
-40.69011955220927,-38.51345509077217,25.934283065190147,619,155,761,912,0.1699561403508772,0.8149702192864656,0.416053821158683,0.8844038080038312,0.6298717399293013
-35.91734782557033,-38.49166968617163,26.039442863027347,591,170,770,912,0.18640350877192982,0.8140057825637557,0.4149435096729691,0.8759429799174486,0.6315102504874808
-48.561979923536825,-38.620410009258336,26.008283065190152,621,153,762,912,0.16776315789473684,0.8236501497908552,0.42070820282113425,0.8844227403707197,0.6276910091648339
-33.11795818442217,-38.61513706590371,26.076123267352965,617,149,764,912,0.16337719298245615,0.8226857130681452,0.42774282856028284,0.8900663428830337,0.6150487395661856
-46.85265972641045,-38.701787146774215,26.170043368434364,612,138,766,912,0.1513157894736842,0.8178635294545955,0.41456745765952496,0.888162170620923,0.6285376979529128
-47.718840698213214,-38.85746848012724,26.241123267352965,620,152,770,912,0.16666666666666666,0.8149702192864656,0.4177384275635467,0.88327006981792,0.6285940240539315
-44.46294573501506,-38.914880328759956,26.21720316627156,592,166,760,912,0.18201754385964913,0.8217212763454352,0.42388458474707463,0.8740169305113531,0.6246830758662535
-37.85316388324447,-38.82344427230307,26.23736296410875,588,158,765,912,0.17324561403508773,0.8188279661773055,0.42263624264165706,0.8932226505322672,0.6098515026778534
-40.900892306872024,-38.86397691464413,26.247522761945945,612,150,761,912,0.16447368421052633,0.8159346560091756,0.41837344433402895,0.8857484031407904,0.616658425380152
-26.861995403883935,-38.69767167208183,26.221682559783133,608,151,774,912,0.16557017543859648,0.8130413458410457,0.42111664177343094,0.8800403174442545,0.619275273422189
-39.77093792263815,-38.61746788431699,26.34660266086454,633,143,751,912,0.15679824561403508,0.8159346560091756,0.41679433665835847,0.8878111072199234,0.6383311012044478
-35.61773522482001,-38.53716781632195,26.205762458701734,614,158,763,912,0.17324561403508773,0.8140057825637557,0.41549489731187933,0.8854421172233898,0.6269336807828317
-35.9777261348192,-38.59383307315125,26.243762458701735,643,131,778,912,0.14364035087719298,0.8159346560091757,0.41847573235353275,0.8917131069928276,0.6203088038373007
-35.39443388054741,-38.5720647288922,26.461762458701738,616,147,763,912,0.1611842105263158,0.807254725504786,0.4181703076291347,0.8717496278890889,0.6306943555567637
-26.728895898427375,-38.42708364633236,26.379762458701734,612,144,770,912,0.15789473684210525,0.8120769091183357,0.41458769883609187,0.8758751906928098,0.622512177907069
-34.01058678396779,-38.42900853335814,26.128762458701736,582,173,770,912,0.18969298245614036,0.8178635294545955,0.41603122318461383,0.8709796498883972,0.6185395176070506
-42.88613882382568,-38.512124933049485,26.16068255978314,590,171,753,912,0.1875,0.8217212763454352,0.41144108232795007,0.8854661252027238,0.6248688523741358
-43.42538015828285,-38.508156351164295,26.154682559783136,627,149,772,912,0.16337719298245615,0.8207568396227255,0.4221675515003895,0.8888321605553373,0.6221165741433157
-38.12692532286656,-38.54217769427508,26.193682559783138,622,146,764,912,0.1600877192982456,0.8197924029000153,0.4129150443004226,0.8929424222033618,0.6198722014082462
-39.240583378877105,-38.50461396440517,26.12460266086454,584,169,753,912,0.18530701754385964,0.8217212763454352,0.41930686869925526,0.8708936398724704,0.6323212763051584
-42.2787725457563,-38.436864429441464,26.220442863027348,638,140,755,912,0.15350877192982457,0.8188279661773056,0.4128870048533613,0.8823172083576888,0.6293422632648772
-34.959589968333454,-38.44561350958656,26.34460266086454,617,162,795,912,0.17763157894736842,0.8130413458410457,0.4195366933183105,0.8894158663854416,0.6260649180350419
-43.21491260849178,-38.54057973881525,26.235762458701732,584,168,756,912,0.18421052631578946,0.812076909118336,0.4227189709768918,0.8716020348734766,0.6258763229159462
-30.852735493166612,-38.455479575405185,26.06276245870173,636,142,778,912,0.15570175438596492,0.8159346560091756,0.4206386800080224,0.8942436323806847,0.6251864457608951
-50.9553011375253,-38.5561595318136,26.124682559783142,646,133,767,912,0.14583333333333334,0.8217212763454352,0.42041832788211086,0.8903958100551344,0.6323600407998583
-36.5263899458425,-38.566830998050854,26.11300215545753,609,154,761,912,0.16885964912280702,0.8120769091183357,0.41359652428987986,0.8795784237518998,0.6313646068007518
-48.90603450518608,-38.701877912501715,26.09384235762033,595,168,758,912,0.18421052631578946,0.8178635294545955,0.4168897114681972,0.878625721948013,0.6224289476490741
-46.54282874172644,-38.78460619347307,26.181002155457524,598,172,753,912,0.18859649122807018,0.8188279661773055,0.41673539451885,0.8818144537225163,0.6196562979840801
-38.261372888990444,-38.80070359146196,26.08592225653893,606,152,770,912,0.16666666666666666,0.8111124723956258,0.4243287382101622,0.8770978853831615,0.6241452217391248
-40.913234875574744,-38.826637243766214,25.98816195329471,615,148,768,912,0.16228070175438597,0.8168990927318855,0.41309482757759536,0.8758224049374044,0.632239249626338
-35.60084834982859,-38.805684251097155,26.053082054376112,625,153,779,912,0.16776315789473684,0.8188279661773056,0.4248478778229436,0.8788474911012466,0.6328292104350861
-47.365876277914175,-38.799464052559145,26.14400215545752,596,157,747,912,0.17214912280701755,0.826543459958985,0.42169667689311807,0.8756654890867411,0.6300921086801853
-31.918073862050313,-38.78734809104275,26.243922256538923,624,148,777,912,0.16228070175438597,0.812076909118336,0.417840376611993,0.8831493049472461,0.6307839613917818
-37.109744598793746,-38.835615175465286,26.255762458701728,620,156,760,912,0.17105263157894737,0.8130413458410459,0.4177417158474344,0.8827870594384838,0.6287458441760182
-49.20377199091657,-38.93530310635499,26.247682559783133,612,157,757,912,0.17214912280701755,0.8159346560091756,0.4248820780397432,0.8677966693409777,0.6233600427751901
-42.317337088934465,-38.983948441871014,26.304442863027347,628,143,758,912,0.15679824561403508,0.8197924029000153,0.420589358514057,0.8730548481602186,0.6360628850568395
-41.02875764418866,-38.97290900883762,26.269522761945947,626,139,771,912,0.1524122807017544,0.8207568396227253,0.4222954831517657,0.8924186537410428,0.6279624084065356
-51.51037411325437,-39.04837999462244,26.280602660864538,621,145,747,912,0.15899122807017543,0.8207568396227253,0.42031522464962273,0.8815684673205716,0.6312682132641888
-41.00938671537109,-39.059304877668794,26.23268255978314,621,150,767,912,0.16447368421052633,0.8284723334044047,0.4149733718826204,0.8700744169261839,0.6410847206877509
-38.988561358755206,-39.04698197429402,26.214682559783142,606,157,758,912,0.17214912280701755,0.8140057825637557,0.4203063899478976,0.8699665771923489,0.6240492067572324
-43.057163595769254,-39.12233270887366,26.23652276194595,596,165,761,912,0.18092105263157895,0.8178635294545955,0.4164315006762369,0.8810314009331998,0.6235997548676196
-37.297929752229344,-39.092308531616084,26.347602660864545,626,141,770,912,0.15460526315789475,0.8226857130681452,0.42835154947213533,0.8819160057878711,0.629754859425164
-39.830493542099,-39.082306988461326,26.447602660864547,621,149,752,912,0.16337719298245615,0.8188279661773055,0.41804076225218084,0.8702114771654892,0.6325692025616602
-41.88953719946069,-39.07950844662762,26.340602660864537,604,155,758,912,0.1699561403508772,0.8140057825637557,0.4214573235367624,0.8888808998819927,0.612556977476658
-50.23806676606573,-39.12346822364609,26.318682559783138,622,145,745,912,0.15899122807017543,0.8246145865135651,0.4186053606411108,0.8843218553677685,0.6269514090223941
-36.79870177130504,-39.07025696825688,26.32900215545752,619,157,759,912,0.17214912280701755,0.8236501497908552,0.41681074004429874,0.8887436124107921,0.6202437012613389
-36.701331438850765,-39.07287103841081,26.414922256538926,650,133,753,912,0.14583333333333334,0.8207568396227253,0.41650026387718153,0.88683933811321,0.6280760294910513
-37.415386566786964,-39.06681298755237,26.410522761945945,619,151,752,912,0.16557017543859648,0.8159346560091756,0.4134725706497048,0.87923224678162,0.6304399287468139
