-124.45979178524992,-124.45979178524992,0.13530126811244958,264,1056,264,1594,0.6624843161856964,0.5079624113502681,0.3670617056773057,0.7282946181892613,0.30844762815851456
-94.67913113489088,-109.5694614600704,0.14991772546811388,317,1019,323,1594,0.6392722710163111,0.43893026904087573,0.4113815496015124,0.796586840468678,0.3355058531159865
-107.55189266013839,-108.89693852675974,0.5602474286099477,264,1069,265,1594,0.6706398996235885,0.4598108087463504,0.42729708756432533,0.7661036466406242,0.3068488987474939
-81.05861775109264,-101.93735833284296,0.4271461161516727,341,1001,362,1594,0.6279799247176914,0.3901787013262114,0.446430663683157,0.8469183326400875,0.3373019877017155
-133.51550345480678,-108.25298735723572,0.35273448366829896,215,1091,216,1594,0.6844416562107905,0.45047597910233583,0.4209893048723868,0.8348083367466672,0.34646399692549323
-107.7698209190697,-108.17245961754139,0.3283703730471618,281,1041,282,1594,0.6530740276035132,0.41550047230962434,0.4481629872428992,0.7984591797005358,0.3003356700106905
-110.34027125454458,-108.48214699425613,0.3605255253527426,350,991,354,1594,0.6217063989962359,0.4932391840785675,0.4549338703722459,0.8134339659283836,0.3479247773738241
-82.67108173921613,-105.25576383737612,0.39738813097035447,347,984,359,1594,0.617314930991217,0.3882781950077515,0.38314551952572223,0.7882939880577328,0.32194786654194096
-95.60162115735395,-104.18308131737366,0.35716456261407437,335,1010,341,1594,0.6336260978670013,0.4589572472065697,0.44176189106651714,0.8076417642028445,0.33419962805460723
-136.15409186231307,-107.38018237186762,0.3536902221176908,230,1076,246,1594,0.6750313676286073,0.5373290649964313,0.44740285018703874,0.8016955975623116,0.3537684193731888
-105.75624474455942,-107.23255167847596,0.3425588933270772,267,1054,268,1594,0.6612296110414053,0.432011898112362,0.46534231488700284,0.771141374678696,0.32956573359755637
-97.84162192991495,-106.4499741994292,0.3558307517775945,340,986,354,1594,0.6185696361355082,0.4550961256020664,0.4534785750568071,0.810694404508657,0.339388936279215
-118.59048729182861,-107.38385982192146,0.3348895159168437,249,1060,249,1594,0.6649937264742786,0.455085125227322,0.433713620803161,0.7855808757777656,0.3509458315729447
-101.01789108079782,-106.92914776898407,0.3175581173417407,337,1000,349,1594,0.6273525721455459,0.4309873071453238,0.4258708598381416,0.8185301637818237,0.3314131190004951
-96.54849262276853,-106.2371040925697,0.3044401674200798,332,1015,333,1594,0.636762860727729,0.38687469917205025,0.42117727281697004,0.8269337701395088,0.35315375006222516
-94.29312070008058,-105.49060513053911,0.30090340458272186,306,1019,335,1594,0.6392722710163111,0.4067325922221398,0.37729796629166296,0.8350229243698897,0.3412878790214795
-80.89920419620474,-104.0440521344018,0.31178243963456087,373,953,380,1594,0.5978670012547052,0.39978606621164514,0.4405092066851081,0.8003762753618395,0.3202861080533825
-93.5433904080394,-103.46068203849276,0.2986010312465155,299,1011,299,1594,0.6342534504391468,0.37823570316141863,0.4284901923162675,0.8351731117699075,0.3631388131501159
-114.66474674744956,-104.05036965475365,0.2828851874966989,253,1081,268,1594,0.678168130489335,0.4351183694445304,0.3953845380936754,0.8148480256581553,0.3425283809930742
-83.67490427923131,-103.03159638597754,0.27338725684073195,381,963,382,1594,0.6041405269761606,0.3941691387754884,0.4572033295326199,0.8183242276669157,0.3244652008649147
-128.3481887669039,-104.2371484041169,0.26036881603879236,188,1121,194,1594,0.7032622333751568,0.43106371174534275,0.443243987518197,0.834399607698267,0.337689850250999
-79.96300153728882,-103.13377809198833,0.2485338698552109,357,962,359,1594,0.6035131744040151,0.37794411650234405,0.40324400057363113,0.8485566753016764,0.33758171585680774
-85.81103944372853,-102.38061554206399,0.23838069254659383,319,999,333,1594,0.6267252195734002,0.3838198764891291,0.46008921528239577,0.8054219288024773,0.3341540055902567
-80.30760084167927,-101.46090659621463,0.2300873855593147,374,970,375,1594,0.6085319949811794,0.3666691944857058,0.46962805177594935,0.8204539466515764,0.3368123218973076
-85.9059627641122,-100.83870884293054,0.24358522485784764,304,1037,310,1594,0.650564617314931,0.3802253455569322,0.43729244718998783,0.8083903414781277,0.3550308614489107
-77.73171911050898,-99.94997846860663,0.25009560625147326,359,966,373,1594,0.6060225846925973,0.38607442585971247,0.4124617132403542,0.8245781396669178,0.36671863344805666
-98.11819961288646,-99.88213480728366,0.27935924245001037,257,1070,264,1594,0.671267252195734,0.3905529577392129,0.4639694579909409,0.8299470873653959,0.3780095492629298
-143.56870502286415,-101.44236945784012,0.29100388347349687,171,1138,173,1594,0.7139272271016311,0.49501766850139345,0.42420644701938154,0.7570173804776101,0.2963233894422797
-73.22742466592075,-100.46944032708429,0.28096926680199696,388,951,415,1594,0.596612296110414,0.364992647309287,0.4616795294876338,0.8635895432046653,0.3460804712302832
-95.64759044312012,-100.3087119976188,0.275054221563457,323,1009,325,1594,0.6329987452948557,0.41785655701598456,0.403209384465167,0.8121987474306944,0.31390515282894876
-82.7891410805123,-99.74356454867988,0.27757524919510873,348,983,368,1594,0.6166875784190715,0.3768568411471091,0.40101414129182367,0.8276018676375965,0.35001778556674246
-75.05480502441631,-98.97204081354664,0.2732813291215233,364,963,372,1594,0.6041405269761606,0.35045482946195994,0.4445603593489661,0.836017384977297,0.34331223849025616
-97.14188114392184,-98.91658142961862,0.2650000767239014,305,1006,307,1594,0.6311166875784191,0.4138877254402331,0.4397389650547857,0.7918581685974602,0.32287539312897306
-92.97938450232515,-98.74195799058056,0.2657106178693538,333,1008,349,1594,0.6323713927227101,0.39159472584809846,0.43586479082786894,0.8566764490066634,0.3890028339435323
-104.48129125249241,-98.9059389409209,0.25878063772845045,291,1027,295,1594,0.6442910915934755,0.405624745847764,0.455007492000386,0.7549299695581712,0.2977746411098095
-88.25849350772312,-98.61017656777652,0.251731653267441,330,972,352,1594,0.6097867001254705,0.4191116088245283,0.4392472911042631,0.8278174474932786,0.3630595225679413
-97.20400696129171,-98.57217198381747,0.245526858281782,296,1034,296,1594,0.6486825595984943,0.37308882440174335,0.42190442342631573,0.8125484306229033,0.3417833831486845
-83.62776308535715,-98.17889806543694,0.24756784179119562,379,954,381,1594,0.5984943538268507,0.416371754544983,0.42342783195951195,0.824256306390771,0.33497744190193207
-88.12517336502665,-97.9211102526059,0.24450791215456583,331,987,336,1594,0.6191969887076537,0.4013739469504547,0.4334831663765483,0.7970830590913404,0.3109974242697007
-95.01828484066279,-97.84853961730734,0.24468632457179895,313,1015,313,1594,0.636762860727729,0.4042340599991604,0.40467154253876986,0.8394652904419341,0.37678144474397246
-88.488046197468,-97.62023489975029,0.24692852699635692,320,995,334,1594,0.624215809284818,0.38467258656309433,0.4618633997836431,0.8157178604236368,0.3373953248863034
-106.01677000303863,-97.82015240220952,0.24212159066422803,318,996,321,1594,0.6248431618569636,0.4514282055047616,0.43373655434387903,0.7906676447448397,0.3073863462223739
-110.01803886921456,-98.10382418051195,0.24202480998763085,265,1049,268,1594,0.6580928481806776,0.4371551929266799,0.41312430159394076,0.8165210006717687,0.3696690306906915
-116.63275780036916,-98.52493630823598,0.23971384083947445,267,1054,269,1594,0.6612296110414053,0.46526627333317944,0.45565574090815597,0.8130337289344142,0.3272652210828521
-120.37244618897154,-99.01043652780788,0.2381619325069934,220,1081,221,1594,0.678168130489335,0.44021855065857884,0.4343212431972269,0.7305942138342445,0.31602805260906186
-78.36068865053622,-98.56152896525849,0.2407592382749673,329,995,343,1594,0.624215809284818,0.34166198962967526,0.40939029569869645,0.8134883103259984,0.32764695700654545
-122.78935417507785,-99.07701460802062,0.236005112474531,187,1116,206,1594,0.7001254705144291,0.427150530049884,0.4270762318382479,0.743443858445365,0.3295880808444836
-101.26174700018692,-99.12252986619076,0.2323372205465127,274,1052,289,1594,0.6599749058971142,0.37639738245440657,0.42614260755362093,0.842771136375768,0.33211916617528664
-84.57150021733742,-98.82557007743866,0.24275349009319735,338,983,355,1594,0.6166875784190715,0.40470488786520226,0.4420120580184326,0.8365995306099767,0.3509112934668246
-74.82375097383705,-98.34553369536663,0.23988090397635,385,952,385,1594,0.5972396486825596,0.3772740834099954,0.4514296684184754,0.8072177858776763,0.330780359655494
-93.47784851551937,-98.25008888791865,0.2585951748078854,316,1008,336,1594,0.6323713927227101,0.3863783474475156,0.4064173219653843,0.8279076182383764,0.3711202112253434
-87.38125439987847,-98.04107284007172,0.25440688158154523,329,1001,329,1594,0.6279799247176914,0.38648101361992465,0.424451087056473,0.8073827616702709,0.2982115467188243
-96.88589539637537,-98.01927703924726,0.25070260836222574,317,996,317,1594,0.6248431618569636,0.3941687071507828,0.41510994548144486,0.8011985223195127,0.3340018299905202
-69.59238258981497,-97.49285306796148,0.24863673806875564,418,939,427,1594,0.5890840652446675,0.37275061083808436,0.4279389808092538,0.8137046754973059,0.31545941903144314
-88.71524720149027,-97.33326023402564,0.2530148467446325,339,976,339,1594,0.6122961104140527,0.36933528666341575,0.4666837431350916,0.799537615824057,0.31643342071481284
-96.65259419810685,-97.32110548338422,0.255214205667205,326,1013,326,1594,0.6355081555834379,0.3793560140709463,0.4096850318667166,0.8127335292659857,0.3476761484671881
-84.28975103182819,-97.09248522984814,0.25394566002734564,342,996,344,1594,0.6248431618569636,0.37898344568351733,0.42600133728515677,0.8164334853736361,0.35887304894564276
-100.3645793600699,-97.14890064588644,0.26647173954558717,273,1056,273,1594,0.6624843161856964,0.38534742858418936,0.45665204935289105,0.7690984391819315,0.3029472222753671
-108.55883327666456,-97.34228933454371,0.2625231353958007,248,1047,262,1594,0.6568381430363864,0.41683075859135327,0.4564101165938671,0.7746186666078039,0.3216918769472713
-85.04197111052775,-97.13728403081011,0.2663204971134808,315,1001,324,1594,0.6279799247176914,0.3681610848130976,0.43866824450161707,0.8039151544436078,0.3611711016682069
-90.65841173320655,-97.03107300953792,0.26359316967355884,350,988,350,1594,0.6198243412797992,0.38160113301771614,0.41857095325051824,0.8380301725333811,0.3592792269348801
-86.27167145426432,-96.85753427477543,0.2601788325611791,342,981,344,1594,0.6154328732747805,0.4111028323052054,0.414834339936718,0.8113879084286317,0.3012553926527912
-110.74272445431808,-97.07793411889516,0.2627449953448667,287,1049,289,1594,0.6580928481806776,0.41700622595866754,0.4153430952852287,0.8484531941355173,0.3619221980411344
-98.31128514084472,-97.09720522861312,0.2643239143104004,298,1033,300,1594,0.6480552070263488,0.3947952652181973,0.43318965315265556,0.8133070305653195,0.3131814739609049
-103.64309149625177,-97.19791117119217,0.2602573925517789,294,1019,327,1594,0.6392722710163111,0.41219706658877714,0.48365110667861005,0.792428271035312,0.3199854387210927
-91.9987399563268,-97.11913584975483,0.2688425303021005,335,986,361,1594,0.6185696361355082,0.42344843996433784,0.4134035523554737,0.8136606178558232,0.32317489073687067
-82.80587175341104,-96.90550504234672,0.2759764500500186,371,979,372,1594,0.6141781681304893,0.38573967457910285,0.43345939086373325,0.8519973019872557,0.36279233487731055
-98.56340389158572,-96.92988590777671,0.28206964123378414,359,982,361,1594,0.616060225846926,0.42525085801921064,0.4074600936323214,0.8595175964616839,0.37660942103216766
-81.24172686818159,-96.70252128401447,0.28010808397666276,351,980,351,1594,0.6148055207026348,0.3984370438078186,0.4162777064948538,0.7866948130943652,0.3218372137583042
-77.51033378879214,-96.42834717693987,0.2815425320198783,391,952,403,1594,0.5972396486825596,0.38986209539166466,0.45127905012965336,0.7991272242755825,0.3211667367065315
-110.20944685350328,-96.62244717238441,0.2789855706036167,253,1070,258,1594,0.671267252195734,0.4284508167100192,0.38055256826306,0.8069544233168889,0.3363687152878099
-89.842996247859,-96.528288131766,0.2764996599007887,358,988,366,1594,0.6198243412797992,0.39174502181569154,0.41942379443618183,0.846195026353545,0.36234382126883025
-74.5108660804923,-96.22667961051567,0.2730055952482686,393,939,401,1594,0.5890840652446675,0.38558880172140675,0.4441518963491236,0.7996843520146835,0.3307199390911967
-92.91120664040344,-96.18187592173038,0.2733618513718495,314,1012,315,1594,0.6348808030112923,0.39711925390243075,0.44951560284788883,0.7996535611903983,0.324492678039195
-107.35163491442518,-96.33080604163297,0.27008596300567567,255,1037,268,1594,0.650564617314931,0.4248730642215005,0.416928822768383,0.8305337697918572,0.33504290663259945
-88.31865595700316,-96.22538301420363,0.2667719993006534,361,995,368,1594,0.624215809284818,0.4167655334084703,0.4676220397958791,0.8003009551263316,0.32965612000786515
-99.38404982761595,-96.26640466113106,0.26649550634870206,326,999,328,1594,0.6267252195734002,0.42898801996584895,0.44223828015048,0.810169428133521,0.3514121553706311
-110.7792079084707,-96.45246624122517,0.2635649508246035,279,1037,281,1594,0.650564617314931,0.46724819946075224,0.455472053262516,0.7961667954942829,0.34146381390013714
-77.83328812759517,-96.21678044231845,0.2608579788513767,372,966,388,1594,0.6060225846925973,0.40489239537648597,0.3828646559650061,0.8195754018944339,0.3541476055408477
-91.9170734995969,-96.16303410553442,0.2586973962399322,369,958,377,1594,0.6010037641154329,0.3990698929275611,0.43614785516786736,0.8556564443391796,0.35197651819981013
-103.11135458193291,-96.24881583981094,0.2601593388854965,316,1018,332,1594,0.6386449184441656,0.4374486876509933,0.40042680194734404,0.8078171759686565,0.34118641027953667
-89.79684794133043,-96.17013330446362,0.26159461648450083,330,986,347,1594,0.6185696361355082,0.42166620570120406,0.39690344169932923,0.8322559076479525,0.33946214716734335
-91.21895930692519,-96.1104806056981,0.27229689001028684,344,992,349,1594,0.6223337515683814,0.39391890966121423,0.44372438205709697,0.8451296363018752,0.3711718677317863
-101.47135031241248,-96.17430048315899,0.27140715771083623,318,996,321,1594,0.6248431618569636,0.4288537345617711,0.4348205766145977,0.8112158364998603,0.33287310550651156
-98.54103734765101,-96.20214444627065,0.27407603597197,332,989,341,1594,0.6204516938519448,0.42194348419998906,0.4236335109059624,0.8095043788069061,0.32500362103248487
-89.05189322948314,-96.1190019902615,0.2735143215220987,315,1014,324,1594,0.6361355081555834,0.3991657379000239,0.42280844951080887,0.7911808937590188,0.3172214458878065
-90.8511302169223,-96.05845173999323,0.274038709439981,353,965,358,1594,0.6053952321204517,0.3796354248376816,0.42545394520392654,0.8306284325233997,0.32798073660479504
-100.50333718671052,-96.10896180188774,0.28554901000644395,260,1054,260,1594,0.6612296110414053,0.37343935338208867,0.4498143020868813,0.7866061838995577,0.3210197108681102
-87.03473869749853,-96.00700423891709,0.28412376035569764,336,989,344,1594,0.6204516938519448,0.378395747856414,0.4318041496923406,0.8375562627074884,0.36123916261056466
-98.62498257490304,-96.03609288709471,0.2828890380293268,320,1010,320,1594,0.6336260978670013,0.4290775580019179,0.46046582306666173,0.8343868705862977,0.36331355164050716
-84.53899824769081,-95.90975118776059,0.2808792683806529,386,959,387,1594,0.6016311166875784,0.3754649175281722,0.47366547251915136,0.8208576024834848,0.3463828004102117
-82.79744802258197,-95.76722615335648,0.2813710643393104,332,996,348,1594,0.6248431618569636,0.42140901347862425,0.4110556461801437,0.7624277604043397,0.31096418011240257
-90.30989746922457,-95.70854519976366,0.2816060171149713,376,967,378,1594,0.6066499372647428,0.43209287679460057,0.4578217700534812,0.8418689459996154,0.34538678611025464
-101.966107123126,-95.775115007459,0.2795942279991475,322,1015,326,1594,0.636762860727729,0.44967091388793823,0.4152702292072149,0.844304290337123,0.3614988474883847
-83.54836420561661,-95.64641236743961,0.2777037622844074,336,981,384,1594,0.6154328732747805,0.40764685535303397,0.46634197096699115,0.8307002895602205,0.3633407910774729
-85.58153314951012,-95.54156987558618,0.2782613597371933,314,1011,321,1594,0.6342534504391468,0.40163735632552977,0.4261135314257837,0.8352714970707024,0.357119923208572
-79.17199481884737,-95.3728113698466,0.28619847218337713,395,938,398,1594,0.588456712672522,0.3909793673287815,0.3923000380601448,0.8544761614292977,0.3683569016919329
-76.70219110861716,-95.18229483656876,0.2944733930527279,368,962,374,1594,0.6035131744040151,0.3587059679679814,0.4179982361551297,0.8192968375439633,0.34517668704739
-101.48533930386918,-95.24596195240007,0.2915118501542519,300,1002,301,1594,0.6286072772898369,0.4055100160999393,0.3841446084499747,0.8301909537737939,0.3356962132760841
-115.33658981707363,-95.4468682310468,0.2938991030584997,280,1052,290,1594,0.6599749058971142,0.43437895802270887,0.4352948735494486,0.8354418104466962,0.3469218584508219
-81.0132981418438,-95.01240329461275,0.2972458547050765,356,958,356,1594,0.6010037641154329,0.3882088882288617,0.410281541559737,0.7917076087002817,0.3188122944186911
-79.23467659235638,-94.85795874918742,0.2976134853539305,386,950,387,1594,0.5959849435382685,0.37606925160185545,0.42566586418664976,0.8029716330931892,0.3246827541713322
-92.17662988240119,-94.70420612141002,0.28752010531445443,357,980,358,1594,0.6148055207026348,0.4057345029173871,0.4316155564873867,0.823243238268909,0.3508015216107256
-82.83852518279515,-94.72200519572705,0.2873637125697215,346,981,361,1594,0.6154328732747805,0.4074963907357217,0.4141177794576193,0.795445814967049,0.34806530067160507
-79.53388533529981,-94.18218901453197,0.2871261440519236,356,969,368,1594,0.6079046424090339,0.3824529075428171,0.4540617663881403,0.8006540383898761,0.33729273774895385
-83.51433082807544,-93.93963411362205,0.28641182303878987,375,966,376,1594,0.6060225846925973,0.42889749160751,0.431437853823221,0.8059055676260924,0.34814352857876546
-117.86064186365343,-94.01483781971314,0.28335459805814917,252,1084,258,1594,0.6800501882057717,0.44519685044298296,0.43470160807482977,0.8001944787610175,0.31938280021302146
-87.35039565715749,-94.06163095889255,0.28093048000336046,332,995,345,1594,0.624215809284818,0.4328176866266155,0.45512551295778503,0.8164690375597407,0.3737509883096426
-94.51523774779665,-94.05076712479696,0.28233594369124243,345,983,349,1594,0.6166875784190715,0.4087741640533124,0.48436174455177117,0.8420297780619557,0.3590525727638334
-79.40440283580038,-93.48327023453184,0.28009661250252316,389,953,391,1594,0.5978670012547052,0.39538949345301966,0.46687663530544443,0.8250808179739768,0.3483729619252992
-78.59797071262531,-93.21168749421253,0.2777841564483137,368,964,368,1594,0.6047678795483061,0.35103585601711473,0.41165676736187334,0.7969461288270001,0.3105916946666354
-80.69002308290504,-93.04017150574242,0.27290959393843206,375,955,382,1594,0.5991217063989962,0.38632317734436417,0.44639216142098503,0.8150034835732476,0.32451875646105277
-93.5277430118927,-92.78954406294307,0.2740506768975414,314,1013,319,1594,0.6355081555834379,0.39246562259461554,0.3917079209073069,0.8068513867067596,0.3528480872189173
-76.35078963892789,-92.54287304852436,0.27620757951065245,331,992,348,1594,0.6223337515683814,0.36077204689342784,0.3929899877764341,0.7613193038786887,0.3302561054517086
-81.98158840058379,-92.3972040063025,0.27532123067733283,376,989,377,1594,0.6204516938519448,0.38860810471459784,0.40963275364242435,0.8555625863475371,0.36271446877668456
-102.79367013714338,-92.48220950067315,0.29235620076051094,304,1018,308,1594,0.6386449184441656,0.41882580770664557,0.43028901784280854,0.8094768794807099,0.3219693450668244
-73.29610318039374,-92.40617849051502,0.289396163868206,408,944,415,1594,0.5922208281053952,0.38989754519240033,0.4242014551665561,0.8271396568771188,0.3473911305761954
-128.35914372939587,-92.7543360237286,0.2927201226455776,238,1091,254,1594,0.6844416562107905,0.4936204728028335,0.4159425843549949,0.7894906805216695,0.3110934566424399
-82.20457125668852,-92.42973426882098,0.2940800810369275,388,965,413,1594,0.6053952321204517,0.42132918689270227,0.4462503797095571,0.8457288787657694,0.376382967085922
-77.12748733084668,-92.36426009933713,0.2931508152931539,365,971,375,1594,0.609159347553325,0.3725088566333001,0.433799830600436,0.8150892152270159,0.35505886273126913
-110.36545286726529,-92.18443274034074,0.2974381040834875,239,1071,246,1594,0.6718946047678795,0.4095209062975828,0.47690071728871475,0.8124839259031966,0.3102344701071467
-90.18206710496257,-92.28662339601748,0.29843810291315304,338,993,344,1594,0.622961104140527,0.3891622262772929,0.41379769420376905,0.8300552206501113,0.33374756598347194
-91.67370937717331,-92.34525009535193,0.30286950631984566,342,979,364,1594,0.6141781681304893,0.40432908686330205,0.4470238015079577,0.8148082989278477,0.3100847117332456
-102.87919466581899,-92.57096603359334,0.30247609307132667,280,1042,289,1594,0.6537013801756587,0.4374182128359104,0.432090272764654,0.8048718294074985,0.34318725201522593
-98.18207602286664,-92.69372716618089,0.29778487296512834,301,1019,310,1594,0.6392722710163111,0.39591697955661775,0.4173523911147786,0.8267047425707504,0.3452655185109764
-110.96147116221819,-93.02602468669798,0.3084461082119932,269,1056,278,1594,0.6624843161856964,0.4239757303716772,0.42656549205716476,0.7933206721291737,0.3366346027844951
-86.99392228621313,-92.91478191343123,0.298891362661119,357,963,366,1594,0.6041405269761606,0.43143887121702673,0.4419881332952663,0.8009928440517036,0.33147700168329997
-101.97408657915717,-92.49883572899418,0.29719805542945954,344,973,344,1594,0.6104140526976161,0.43621444709894325,0.4025361404306779,0.8507324665305491,0.35765985268268913
-83.19079339273452,-92.59846941626229,0.2994274597034831,372,973,376,1594,0.6104140526976161,0.4153533611870482,0.40364942392705727,0.8391188402880061,0.3627235392125355
-99.21267121215998,-92.6341202239527,0.29839228060702516,308,1010,308,1594,0.6336260978670013,0.39410518230223723,0.4533164705503075,0.8103891198955598,0.3235748874992394
-84.87449355295843,-92.65497374867715,0.2954165729284952,343,978,351,1594,0.6135508155583438,0.37556200214432905,0.4494201651705476,0.8071334629540017,0.34504794760357893
-79.2633550371514,-92.6970592488045,0.29540381625156514,332,1007,344,1594,0.6317440401505646,0.3292709311898175,0.47307001690497025,0.8184722823787429,0.3239335820569984
-97.66213782077921,-92.70226181557308,0.2999540085649152,313,1010,313,1594,0.6336260978670013,0.39730928616721467,0.43935712551831374,0.8488793205150237,0.34583888956986986
-118.21112584362992,-92.95457922898615,0.2990284653116284,202,1103,217,1594,0.6919698870765371,0.4135592267335967,0.4728311276932028,0.770375512833889,0.3307240117059827
-81.23277059939214,-92.72209402245512,0.3003133049867033,359,968,360,1594,0.6072772898368883,0.3724172583267535,0.43272352129898367,0.8564885696216048,0.36615505794556036
-84.28670892491044,-92.68237617662699,0.3012630571684716,340,990,343,1594,0.6210790464240903,0.38445184353088746,0.45198131243716794,0.8232395816020412,0.36350818619404246
-76.21557849324289,-92.4724918919465,0.3060402488293472,393,960,393,1594,0.6022584692597239,0.37008523075947297,0.44319359405983855,0.8465463715692737,0.3455345201943268
-88.03768021291697,-92.51659106322211,0.30397971220199943,327,985,334,1594,0.6179422835633626,0.418326402884159,0.4041532728138109,0.8041504798193204,0.34165604735510474
-85.34342214824493,-92.4887735510543,0.30390209780901745,348,986,361,1594,0.6185696361355082,0.41141096543336314,0.43686081373234825,0.8167538840539958,0.3388796453454248
-76.25466692913994,-92.30113737193908,0.30150987083425757,331,994,362,1594,0.6235884567126725,0.39542079222615995,0.4298947257750859,0.819287658692176,0.33812521377730603
-99.73139587318549,-92.41357086869624,0.29914370459447087,315,1002,318,1594,0.6286072772898369,0.42548629425966983,0.43191059512821894,0.8292543746154769,0.3346860669345851
-107.48027440490638,-92.42820591271493,0.3012217787049664,263,1061,263,1594,0.6656210790464241,0.44567426941304167,0.43294810193247013,0.8092532386987783,0.3373982968598326
-116.96516272950744,-92.49767715131784,0.29984217848926087,266,1051,269,1594,0.6593475533249686,0.46185870301429416,0.4360158898645128,0.8500001725416493,0.38019254131753144
-75.03023713334622,-92.08165194464762,0.30374223662507616,336,973,351,1594,0.6104140526976161,0.3627152272082736,0.4181547249514083,0.8146145038756544,0.35640152606798353
-99.5252673244628,-91.87318015600253,0.30204345696629786,251,1051,258,1594,0.6593475533249686,0.36720037968153896,0.42430853036938154,0.8036354535442272,0.3496902457264194
-100.61492864455292,-92.09572255594269,0.30145737095024333,269,1044,269,1594,0.6549560853199499,0.3804639584166569,0.41536137510454435,0.7704739164035956,0.3370856324943869
-97.99118964419577,-91.84774091063386,0.30540836232729274,307,1026,307,1594,0.64366373902133,0.4107288828116433,0.46239603927027867,0.838057333446141,0.3627611065744782
-79.17480043410444,-91.62687144497306,0.30480889932799615,330,1005,341,1594,0.6304893350062736,0.3506288602656344,0.4122157347331571,0.8259710013507278,0.3530681297439177
-100.20645955405439,-91.7832210383402,0.2973815550446556,256,1058,277,1594,0.6637390213299874,0.3765501149820665,0.4578926151479322,0.8065572881899427,0.3485818195169652
-100.6656130272214,-92.04163965887406,0.29911091935682443,278,1034,278,1594,0.6486825595984943,0.37818535735966785,0.436910914372557,0.765521092709408,0.34361457200006207
-67.37070854881854,-91.78056825920707,0.28732833255460216,419,912,420,1594,0.5721455457967378,0.3575497218200007,0.4470117742898243,0.8325582442185049,0.36130836990702564
-116.03216356204744,-92.06707735082875,0.2880996341655755,270,1047,270,1594,0.6568381430363864,0.44898698397813325,0.39674060058935756,0.8310591546231327,0.37995522619083305
-81.44489788260084,-91.912667375691,0.29182217557906054,390,950,408,1594,0.5959849435382685,0.3715582954548437,0.43517481209402187,0.8529211570925583,0.33312302768246715
-81.90723320014541,-92.03581588179429,0.29043071945391213,342,984,344,1594,0.617314930991217,0.3886164122558718,0.4068217125455807,0.8056000754462551,0.30230237780231983
-100.95688667664356,-92.15823227654585,0.2899721901088828,284,1034,296,1594,0.6486825595984943,0.3975531943168157,0.4710476016233525,0.8328028447332207,0.36535907623042285
-85.864571025695,-92.05035204482171,0.2862532787425683,321,1018,330,1594,0.6386449184441656,0.3701419543309685,0.4485457893803734,0.8152543422121853,0.3365302223572817
-91.9604080389449,-92.1270586148929,0.28706375583488053,337,989,347,1594,0.6204516938519448,0.3894886259491651,0.41687523610345373,0.8003193938234523,0.3561985656551847
-103.29256726375726,-92.15633849392978,0.2783747494510855,271,1054,275,1594,0.6612296110414053,0.39704664556487407,0.4447757329555474,0.81469593454261,0.35269485995175215
-79.81194509468791,-91.86886961211002,0.27964342759358773,347,964,349,1594,0.6047678795483061,0.3603562324071125,0.430517944158559,0.7895268557133879,0.3273635100528823
-89.36489008439261,-91.91209880184866,0.27603086212312183,327,1003,327,1594,0.6292346298619824,0.3418614690012121,0.41499132482043954,0.8690248587925653,0.38175854207676974
-94.59332353835524,-91.95144791990015,0.27797475447058523,305,1017,307,1594,0.6380175658720201,0.4106717411468348,0.43096614221098045,0.8048567257007789,0.3645609354603069
-107.96370182451858,-92.16836822360268,0.2817629695799567,270,1045,271,1594,0.6555834378920954,0.42811454250061703,0.3956273230046207,0.7761422471486058,0.3175995828027793
-75.55723270698165,-91.81651330612931,0.2785551127858586,405,942,409,1594,0.5909661229611042,0.38879567588097463,0.41089139156026666,0.8480839105645359,0.3597221386562829
-96.65672656336946,-91.79996772035456,0.277591358502744,301,1025,324,1594,0.6430363864491845,0.40078222185824874,0.39059139928721465,0.8316861176378951,0.3661750877925187
-96.8626824295208,-91.73216362968725,0.2784918765504725,327,989,327,1594,0.6204516938519448,0.42201444767695756,0.39069666578513274,0.8551521734317225,0.3465524844051207
-86.13275136757409,-91.6735037437997,0.2703020036740411,375,959,375,1594,0.6016311166875784,0.41963698576316055,0.4818120474044751,0.8149945457289447,0.3270389344972601
-88.56034351953089,-91.73104846146093,0.2690850727905181,368,943,385,1594,0.5915934755332497,0.4115134821266936,0.42165476721258977,0.8571421616106896,0.3472762970644274
-95.50748337485227,-91.70048925629358,0.26474242492101313,306,1008,329,1594,0.6323713927227101,0.3874735752702528,0.3855516871058031,0.7933150643981737,0.3494420487260978
-110.74006612813727,-91.99547264889316,0.26551774460947297,295,1021,309,1594,0.6405269761606023,0.43574604718148724,0.4431105488912981,0.8304712555328879,0.35698482511899543
-68.98822828520451,-91.91025159385728,0.2639716580886645,422,932,423,1594,0.5846925972396487,0.3930343354527472,0.42240014223211103,0.7892183990689305,0.3174446372409285
-74.0659325840198,-91.54881645116245,0.2644809776704172,392,942,395,1594,0.5909661229611042,0.3705768815873789,0.43110569780047653,0.820604416239185,0.3401792162711936
-97.07798905226468,-91.6211663792065,0.26941516275054306,307,1028,307,1594,0.644918444165621,0.3903359501490254,0.43509285919687357,0.8046623260973629,0.32831608695998316
-80.37609187266767,-91.67981863712825,0.27111692731646847,369,962,376,1594,0.6035131744040151,0.36768212330226885,0.3966935688684482,0.8240616223368652,0.35765105128979785
-98.56342136687404,-91.73634078439297,0.26912324183253594,297,1024,306,1594,0.6424090338770388,0.39281936964164177,0.4680587441346014,0.860828597827343,0.3697608443208623
-62.905044215561276,-91.29187487740431,0.27687727839649584,426,915,429,1594,0.5740276035131744,0.3572258648024378,0.4202882347955086,0.8343209252055107,0.35177125060279907
-78.25264163427903,-91.19121473417708,0.27794203068955364,357,963,365,1594,0.6041405269761606,0.39134629839902974,0.4408587788611745,0.8429998477429244,0.37154128723791346
-79.58174661656382,-90.99319170206658,0.2819033297448977,351,967,370,1594,0.6066499372647428,0.3800047272551472,0.45221459095909833,0.8037165972329126,0.3437663927362775
-107.32364327185029,-90.95863605570035,0.28310806275434436,305,1005,311,1594,0.6304893350062736,0.4637237274468403,0.43810161581975576,0.8152072048022285,0.3135490961617088
-118.92222253770619,-91.36952539980146,0.28556172846280875,265,1069,275,1594,0.6706398996235885,0.45936131189602664,0.440975441865695,0.8242926957692128,0.3563906223319989
-85.87549780564848,-91.30910964286197,0.2882682790352798,371,957,371,1594,0.6003764115432874,0.4141954705836771,0.453940012705116,0.8343584838953415,0.3574514390782919
-72.8380108034468,-91.0063762050771,0.2868726602675798,417,914,418,1594,0.5734002509410289,0.3998127928399928,0.4298897585412459,0.817068417292606,0.3396420132033785
-99.1254288565581,-91.0996620142294,0.2854401496764398,314,1026,335,1594,0.64366373902133,0.393670357808359,0.4314226270748784,0.8531502784047562,0.36216454974856804
-83.49865196879463,-91.02245894084807,0.2756404084530992,356,968,372,1594,0.6072772898368883,0.396581548747189,0.41233019557404077,0.8338169297156424,0.3465475420194098
-89.59683934344737,-90.90371383115844,0.2796060071287301,298,1026,344,1594,0.64366373902133,0.39783368014787973,0.4292458500571069,0.7872145174424199,0.32150752068531063
-81.27088821141682,-90.7310123397961,0.2782248772878793,379,960,384,1594,0.6022584692597239,0.37945590108827326,0.41471510111151005,0.8134329841589564,0.3046959222971854
-83.3627919624414,-90.67412132712566,0.2765582770018939,349,979,369,1594,0.6141781681304893,0.39498331240910567,0.42507176387443185,0.8357287901836761,0.3597141602778163
-91.65089991754216,-90.68211902413185,0.2746043623006192,340,983,342,1594,0.6166875784190715,0.4252393188402648,0.41640305962779606,0.7924600797358032,0.3375373001946174
-106.57106066160426,-90.7427962588808,0.26428359054566025,289,1011,290,1594,0.6342534504391468,0.4390797843258531,0.4700611427632785,0.8123075326907836,0.383389806441633
-99.46163091971486,-90.86706518110297,0.2678610109474013,324,996,326,1594,0.6248431618569636,0.4420480860045667,0.40984203457940044,0.835448035500191,0.35607495425031144
-102.68850985863743,-90.90770045394031,0.26613102343757805,309,1009,316,1594,0.6329987452948557,0.43645152684769356,0.4287645069473734,0.8230259228023022,0.3443352697019667
-68.76393783539649,-90.74994984981737,0.2660958715983218,413,916,417,1594,0.5746549560853199,0.40325908851381825,0.4298251250607421,0.7734750967945516,0.31667575524279973
-82.8017786045236,-90.74999315563679,0.26659244651505853,311,1007,342,1594,0.6317440401505646,0.357846028522982,0.42796282275449504,0.79002429711275,0.3460748990285517
-91.9968602833129,-90.76686278377765,0.26455766574749423,322,995,326,1594,0.624215809284818,0.3725347248815198,0.4329270265192987,0.8253882303429653,0.3702074392649599
-69.2605902437493,-90.43980761498389,0.26426672534799545,382,948,384,1594,0.5947302383939774,0.354304024937152,0.4193445868072092,0.7918438309130287,0.31133016289948034
-118.84344747574409,-90.79275844768516,0.265755263775789,248,1059,254,1594,0.664366373902133,0.4268709958932028,0.42434834201425103,0.8314595576884237,0.3671351326470512
-75.51325125292284,-90.69207562871931,0.2732303204694475,382,940,392,1594,0.589711417816813,0.3714616094149074,0.42652838536114995,0.855900414181755,0.3623095158763931
-85.89609822827694,-90.7593166628136,0.2652877152494183,354,976,354,1594,0.6122961104140527,0.39329514852658964,0.4367184564465848,0.8215155464184174,0.3632863605482284
-91.66363132437394,-90.90893106497117,0.25467368227297427,335,980,338,1594,0.6148055207026348,0.4168109802288895,0.4637144794251705,0.8194680595924766,0.357439813656133
-86.5562821023455,-90.75964049295594,0.25467383280905237,366,978,368,1594,0.6135508155583438,0.44095353379112856,0.42224221876266715,0.8103510788709013,0.36313630511056805
-91.93185811681006,-90.52559317595329,0.2503692830025071,317,1013,331,1594,0.6355081555834379,0.42036545536423686,0.4325556652530688,0.820546698199402,0.34104411674286644
-92.52871351730508,-90.6407473297079,0.24712476797797595,350,966,372,1594,0.6060225846925973,0.4548995500636544,0.4367019815394593,0.8421459854741205,0.3632198955994803
-103.73590205850756,-90.88575958436942,0.24824036910970806,295,1020,295,1594,0.6398996235884568,0.4283456274342693,0.4121126977733448,0.8037658892954487,0.33984272639116503
-84.11050308845945,-90.80509831642999,0.24566960578807695,363,975,383,1594,0.6116687578419071,0.39806895374205997,0.44928238776355417,0.8189167321638667,0.3324171433850236
-83.39846405546622,-90.81069770515671,0.24689665672915354,361,964,361,1594,0.6047678795483061,0.39975626724945196,0.42668528255867894,0.805227796985834,0.3414275029517667
-76.1860503244444,-90.77721935504816,0.24964313680701167,377,950,396,1594,0.5959849435382685,0.38509634633650974,0.4611925972234499,0.8339507628753515,0.3531147567854344
-90.2716924686892,-90.84479297145428,0.249048404259074,319,995,329,1594,0.624215809284818,0.3846678324013072,0.437034922009799,0.7616285022717063,0.2912685169398416
-98.09408184008413,-90.64712737121859,0.24701592234728553,297,1028,297,1594,0.644918444165621,0.4056605971291602,0.49853399322423964,0.8140258311278776,0.3120775286306692
-106.68872832927522,-90.84051069793978,0.24475470395448698,272,1073,272,1594,0.6731493099121706,0.4136189553522253,0.4273906326534089,0.8169170472350658,0.382665807958559
-105.79730808464164,-90.95333140130822,0.24499530725549687,268,1050,268,1594,0.6587202007528231,0.41329055959667516,0.4233424956974195,0.7829733137746595,0.3267617330114164
-93.15212267102174,-91.09080859966045,0.2440104268677138,320,1004,344,1594,0.6298619824341279,0.39039824097789644,0.4129657181839568,0.8099509798766351,0.3562568493713207
-115.93611327157785,-91.46419002524995,0.24935185031321536,250,1049,255,1594,0.6580928481806776,0.44277664644959797,0.4110781465405753,0.7783153635731139,0.31690738464406676
-68.34079497451334,-91.34069774416606,0.2547458975486862,442,920,453,1594,0.5771643663739021,0.3811902131966298,0.4384817685335614,0.8319308718322374,0.3591649286170933
-108.51454215351843,-91.49056573558231,0.25913615111528626,266,1049,267,1594,0.6580928481806776,0.4036530076696722,0.4400703173618725,0.7888736585221653,0.3458128556212028
-101.74338123322586,-91.7444916515253,0.25679873137721815,272,1050,279,1594,0.6587202007528231,0.4085601761498423,0.426514526209687,0.8037209275149789,0.2957194677987548
-105.75846966279616,-91.98226046414742,0.2628458916937152,263,1054,288,1594,0.6612296110414053,0.409047401830254,0.41027253837262667,0.8117147140929944,0.34224829193808076
-74.31735466818404,-91.69749730945782,0.24633160160165762,366,967,371,1594,0.6066499372647428,0.3746574557465611,0.4360291642857851,0.8333249316296657,0.34110652650056067
-88.99150482977268,-91.85445132595162,0.24694835945533067,359,974,369,1594,0.6110414052697616,0.40094250948761784,0.4291396569353061,0.8796454156729802,0.42108534558730215
-108.8901612048311,-91.65976150070597,0.24568322936419829,259,1060,263,1594,0.6649937264742786,0.4171311249592094,0.41646735624823444,0.802866482204206,0.3379589277144034
-90.17987822499883,-91.73951457038906,0.24788556182248095,356,964,360,1594,0.6047678795483061,0.4331460893271975,0.423678001736687,0.8210588779037354,0.31984102738426573
-99.31351861566418,-91.96137488323726,0.255764567508212,304,1034,314,1594,0.6486825595984943,0.40349470388639896,0.41132793452450717,0.8472160372432093,0.3519500780017934
-79.7572545975049,-91.65529290053965,0.2604275383755656,376,974,382,1594,0.6110414052697616,0.4018183305006243,0.47361894807782884,0.809534804689754,0.3349141364539513
-121.70778189755153,-91.97055004846553,0.26058888727494967,227,1064,244,1594,0.6675031367628608,0.4557368085739029,0.4214206886409485,0.7264086398240498,0.3111604600578223
-106.01470780231578,-92.11396003271695,0.26722251556817583,261,1057,272,1594,0.6631116687578419,0.4020286777448748,0.433034117770707,0.8016912575898598,0.29513530257579657
-82.5426080739875,-91.91059416679866,0.2689127920864827,328,998,328,1594,0.6260978670012547,0.3716938857784414,0.4170191784642479,0.7960496921667743,0.35483149000844527
-75.46097264634471,-91.6833831330334,0.2688585132700851,372,957,373,1594,0.6003764115432874,0.3696149121890625,0.45432495404937384,0.8085083050622117,0.3556225478292268
-92.03836774580355,-91.49415209886925,0.2548712908847174,306,1032,312,1594,0.6474278544542033,0.38323757341409836,0.42663716761273335,0.7846185513861731,0.3510861973766397
-97.94824306530252,-91.60369530666014,0.2641097440254821,281,1051,292,1594,0.6593475533249686,0.3821202975597173,0.43693746992431504,0.8312673515796144,0.3690327652848534
-130.16969736028278,-91.8856514144714,0.260748953683624,179,1125,179,1594,0.705771643663739,0.44668406848441444,0.4582044393872253,0.7987252437001273,0.3426274664394723
-93.48270932191738,-91.98857057376323,0.26015812869000793,325,1006,326,1594,0.6311166875784191,0.4146197953184017,0.4123391267469924,0.8051835309204786,0.369137498283854
-102.3071615049379,-92.01951547669101,0.26086134903443164,290,1023,326,1594,0.6417816813048933,0.40674015326147145,0.4045768647722383,0.8259363488096423,0.3491208517773251
-84.54471079032653,-92.01621764906469,0.2656327448540017,365,954,376,1594,0.5984943538268507,0.37482378013168316,0.4043918028775688,0.820267538363663,0.31962172827625046
-122.61813929491257,-92.44976549164232,0.2682421870907594,245,1070,245,1594,0.671267252195734,0.4891581302484596,0.48825738996846346,0.8263137719370867,0.35996278009270766
-93.47019897450079,-92.40784610317952,0.2667922740067629,272,1043,280,1594,0.6543287327478042,0.36547165143438404,0.43168573431989843,0.7810549398784431,0.3482727453281279
-85.43611048791826,-92.08009594962245,0.27164828279873476,320,1011,322,1594,0.6342534504391468,0.35909101291826007,0.46122382517726324,0.8257637645900218,0.3445389798446957
-66.97493963032339,-91.93751763993174,0.27476536824792924,374,955,377,1594,0.5991217063989962,0.33894442626442034,0.4141164913441264,0.8371507303878801,0.34938312775923763
-99.85025484779013,-92.09315309916052,0.2737654440948397,288,1023,298,1594,0.6417816813048933,0.39891898113743574,0.4553884395961387,0.8036221541226378,0.3096849014615804
-92.22253658603512,-92.25322268008846,0.2707663913101457,325,993,334,1594,0.622961104140527,0.3742133637168019,0.4334510338627497,0.8379535302865437,0.36449652048081993
-86.76589090516039,-92.24050478701089,0.270718593102066,286,1038,291,1594,0.6511919698870765,0.35769077456842857,0.440070025604434,0.7787542438028494,0.3343592939960106
-111.01330361036743,-92.49720360163212,0.2723274560688067,267,1047,271,1594,0.6568381430363864,0.41444317446110207,0.4346225191736821,0.8444816528773084,0.3521851160658787
-84.0092526463668,-92.57474945880438,0.2733284759426443,363,968,366,1594,0.6072772898368883,0.4012924800167691,0.42838874830631096,0.7659294737458134,0.300342462741199
-89.43326194273679,-92.47176811949988,0.2739603336690063,374,958,374,1594,0.6010037641154329,0.43652934080992806,0.4418147491107906,0.8218544951135419,0.3435850387785842
-84.33291776844314,-92.24029455313524,0.2719311980156086,357,983,359,1594,0.6166875784190715,0.41331756104227657,0.3947313448110447,0.8381249474770229,0.36200547733878796
-83.06338289726642,-91.90127675481284,0.27392231471346645,312,994,313,1594,0.6235884567126725,0.37001941015769735,0.4504615253950261,0.8165526726580147,0.32345099026776564
-99.01396013830754,-92.14111398486244,0.26861883490296373,274,1045,283,1594,0.6555834378920954,0.369284726082967,0.41995709190754255,0.8175056236875434,0.35281353621079076
-88.65729821162192,-92.03243429373403,0.2731280097329197,319,999,340,1594,0.6267252195734002,0.39103430507167797,0.4327537449471506,0.7939874362358933,0.33178261080806637
-78.06623303867651,-91.80694733767527,0.27310547916069355,334,986,334,1594,0.6185696361355082,0.3458000342609911,0.4200237031246341,0.8000040230622674,0.33494997044498537
-100.4492324712093,-91.83152776594541,0.27098125227268977,272,1038,276,1594,0.6511919698870765,0.3686717874626183,0.41198856916459975,0.7840899063730173,0.3322111265841678
-98.76896666623502,-92.02746942826673,0.27470550694476564,284,1053,290,1594,0.6606022584692597,0.38134619365408956,0.42628520573654016,0.8131621963956819,0.35617055345525694
-91.48416657730486,-91.94024649849925,0.27470550694476564,345,980,347,1594,0.6148055207026348,0.39122398623552035,0.4205070304204386,0.7611804408415814,0.34273107611068265
-69.83150343948364,-91.63190540262187,0.2759315536681799,412,930,412,1594,0.5834378920953576,0.40161481923114106,0.4044261996550215,0.8081399936950218,0.36632264236566603
-110.56493429395776,-92.06384766007324,0.2760701342725488,274,1038,283,1594,0.6511919698870765,0.431206047192583,0.4464991835574669,0.7858171763099122,0.29675866550748814
-65.38945087882026,-91.55742053324097,0.2786536929061003,434,913,440,1594,0.5727728983688833,0.4112436535564542,0.40208410524195753,0.7976487901916084,0.3400606040116714
-84.70531758936849,-91.59002473030866,0.2745267708897593,385,946,385,1594,0.5934755332496863,0.36046000952216745,0.41989110445459316,0.8330354939355022,0.3402306605107924
-104.00245298922279,-91.81097692819944,0.2805691204776216,284,1040,285,1594,0.6524466750313677,0.4171432956826079,0.42232066460189627,0.8009819011206509,0.3294052076432797
-97.23483204254335,-91.7737563818584,0.28113233268350524,272,1037,272,1594,0.650564617314931,0.39194680155029177,0.4238878028972729,0.7936467348406436,0.35049822960369337
-93.7951841918285,-91.85306251351976,0.28284929207326237,344,1005,344,1594,0.6304893350062736,0.37150314292173475,0.42882720444263733,0.8691165036642721,0.3689546541972838
-89.61732180390383,-91.82963165116935,0.2835025391432883,353,990,355,1594,0.6210790464240903,0.42340241074195145,0.4272902418060703,0.8000077360573092,0.3416874052558502
-67.64916148300614,-91.47319759336183,0.28238696280622977,434,918,434,1594,0.5759096612296111,0.384223682539703,0.4604292973266133,0.8169874127449642,0.3474594721172962
-101.3714796774329,-91.68879293918928,0.28082466560219865,302,1013,302,1594,0.6355081555834379,0.40798120660004616,0.446804038276612,0.8291036502607498,0.34398600703248655
-90.30245883790347,-91.6981686267244,0.2808220723436669,310,1024,313,1594,0.6424090338770388,0.4005203388208448,0.43174542564348567,0.791893729163383,0.3296128497720874
-103.02933967571042,-91.78252878809793,0.2861465320990951,310,1012,311,1594,0.6348808030112923,0.40594041566451994,0.43682841740534634,0.8333244229682863,0.3811727547666426
-56.82988917274093,-91.27119066158015,0.2867556577436051,424,911,429,1594,0.5715181932245922,0.3355996570606735,0.4224752029472485,0.8418934423969877,0.37115355781848225
-77.42587531219493,-91.2898770876323,0.2963985620553335,363,983,364,1594,0.6166875784190715,0.370978265908357,0.4387210024311067,0.769407292736134,0.30969696636779664
-110.8269939598097,-91.43157976159671,0.2937243582470579,257,1053,263,1594,0.6606022584692597,0.4325299995433707,0.4137905278245722,0.8108529703898237,0.330713499795641
-81.72917542096882,-91.2802446915112,0.299780696251757,378,977,386,1594,0.6129234629861983,0.38466302589828305,0.4359487746407258,0.8430828728904957,0.3694010699207531
-120.69114127257163,-91.62582859056118,0.3000339869414676,240,1073,249,1594,0.6731493099121706,0.4417634456234165,0.460319786867168,0.812784738224587,0.3340378957173785
-76.09831863258542,-91.50120834169171,0.29392779254832174,391,933,406,1594,0.5853199498117942,0.42313043178257176,0.41603815686175083,0.7829020532433646,0.31363148165263416
-96.24540634870256,-91.5085875714302,0.293528114500556,356,996,390,1594,0.6248431618569636,0.42984559317237264,0.44318908277661023,0.8358845445774846,0.3740728515379256
-82.02762763835571,-91.22146318653236,0.2927974179014565,366,965,373,1594,0.6053952321204517,0.40236722069634506,0.3920449940287387,0.8061939362145116,0.3523845809254479
-112.62382268470027,-91.65781913052734,0.2924829209237484,256,1050,265,1594,0.6587202007528231,0.4209926382882203,0.41343173155907226,0.8575175159447868,0.37983186590631013
-98.84116019546516,-91.90557140664181,0.29377157255228026,276,1034,276,1594,0.6486825595984943,0.40291032729966864,0.4167741476449325,0.8131884526376487,0.3220819299766628
-100.40088022740382,-91.9388003183932,0.2880226771495248,276,1043,281,1594,0.6543287327478042,0.391892758100429,0.40898141892634016,0.816504105363655,0.33545823404476405
-111.27511208035527,-92.24779052047006,0.2917893549820439,220,1085,238,1594,0.6806775407779172,0.4237911755426245,0.4232887880101108,0.7760514995880572,0.2904374141059289
-84.93536120408781,-92.11150991884222,0.29287403911366383,336,990,353,1594,0.6210790464240903,0.3809172467485632,0.4469618376624018,0.8298214190941757,0.35221011590743423
-90.83106905816004,-92.39077016726822,0.28684329569125583,344,1007,345,1594,0.6317440401505646,0.4055108397752705,0.4230785931023608,0.8136675091752685,0.3235417425361332
-102.87820996489528,-92.63702585057437,0.286840889549419,336,1012,337,1594,0.6348808030112923,0.4150036939602538,0.43044587901035813,0.8300710409451262,0.3343920467185446
-82.67282055999061,-92.66793659000865,0.2807040776481746,389,958,398,1594,0.6010037641154329,0.4163048103394139,0.43243481224524727,0.8431569478846269,0.3597897057999953
-82.7620830546054,-92.42232098783619,0.28535627778753464,370,956,378,1594,0.5997490589711418,0.39409709898129175,0.4459944827754383,0.8150921492246288,0.3241313812240934
-96.82169549054144,-92.20131571736454,0.28366934829832574,330,1013,331,1594,0.6355081555834379,0.41951315156611085,0.4468671869088864,0.8230882456256787,0.3628454608282495
-71.37845453728404,-92.05634528468089,0.2865924542305688,457,883,462,1594,0.553952321204517,0.4185014202376368,0.41304692578912866,0.8362963915511563,0.3525927658050456
-113.9070856884225,-92.46703603353066,0.28545447104280325,266,1062,273,1594,0.6662484316185696,0.4238347371594118,0.4260223066920206,0.799208748835918,0.3029187237217479
-93.78242038155304,-92.41360594878059,0.2841084606139048,311,1042,323,1594,0.6537013801756587,0.40105952740889317,0.4463259518788178,0.840632633350378,0.33727038856874364
-84.05441263492263,-92.41916355544187,0.2889627972170173,371,949,386,1594,0.595357590966123,0.4069200001645922,0.4470961204483298,0.8475314522091274,0.36370561924147665
-57.330661712123934,-92.09650177912864,0.28823185205106294,451,893,459,1594,0.5602258469259724,0.3539342363298695,0.4321363429603373,0.8507048893040963,0.34985975889649445
-72.1732842996781,-92.00552574001125,0.29154739908579386,366,972,366,1594,0.6097867001254705,0.3742587084372949,0.44843935178126193,0.7827529540287244,0.3192548400298557
-115.5224488581342,-92.32712230896817,0.2986503578372107,253,1068,261,1594,0.6700125470514429,0.4071884480559558,0.44246535425696865,0.7991585739677531,0.3188858396075964
-101.43431019320936,-92.42495641172485,0.29880215762174167,289,1031,289,1594,0.6468005018820577,0.4170840517240866,0.459154874847423,0.7961381425120989,0.336136269691194
-88.28582097932471,-92.24210401490207,0.298251705407689,365,987,365,1594,0.6191969887076537,0.41080176472976776,0.42183711556230075,0.795075757585651,0.32511884418975723
-98.76466175473428,-92.23513432325224,0.29308726709504773,320,1011,320,1594,0.6342534504391468,0.3988516813381095,0.4489274201098432,0.8487750396396212,0.3422928660507791
-75.43844295013012,-91.96263365416718,0.29432246261331857,359,978,367,1594,0.6135508155583438,0.3899620938301799,0.43902050744435983,0.8053391332782533,0.3465233226318317
-115.10768284471995,-92.42607110426039,0.2959918849862378,234,1078,256,1594,0.6762860727728983,0.40577225936402245,0.43246998814048654,0.8391215146885359,0.3526456531871423
-110.66993090884553,-92.70475262730362,0.2923016064325987,256,1049,298,1594,0.6580928481806776,0.4342609726371638,0.3906899155117537,0.826337058401257,0.3594275395778762
-98.32678909511961,-92.7680519154217,0.2913041704754054,314,995,345,1594,0.624215809284818,0.4346035412459771,0.4436763616677694,0.8400627904066453,0.3553378030856414
-105.77840796400454,-93.13323009262423,0.29269827259347647,281,1039,298,1594,0.651819322459222,0.4217790813216886,0.38827293871789653,0.8210259938455825,0.329751780251901
-72.50650452645974,-92.66986066313139,0.2914721878103904,408,948,408,1594,0.5947302383939774,0.3677686636807456,0.442805332857309,0.8180865604908618,0.3578457483605523
-69.56868943682073,-92.61041504497038,0.280948915326274,384,940,409,1594,0.589711417816813,0.3687494279401007,0.4280846818652654,0.8437396478104784,0.37392018282981054
-96.53270632495952,-92.71678112593719,0.2834540172535838,328,1014,331,1594,0.6361355081555834,0.43767788306002625,0.40485773520381624,0.8190189979096851,0.3733197963395847
-77.85449428998216,-92.5786897555933,0.2830966430562303,372,968,385,1594,0.6072772898368883,0.3668519384166046,0.4678495664794848,0.8616514891272884,0.361135480146289
-71.92228952831158,-92.43234982985294,0.29273366495568515,365,988,371,1594,0.6198243412797992,0.34408951641868435,0.468163661114514,0.8003798004743176,0.33858484937098476
-100.64716983465043,-92.51950294703134,0.29500507592991543,267,1058,284,1594,0.6637390213299874,0.38799448792873564,0.45633098713504944,0.8255248869530762,0.3242918748971335
-115.89216735732775,-92.75313748543157,0.29541556884617526,219,1079,236,1594,0.676913425345044,0.4119154814285153,0.4188898914610303,0.781509575180134,0.3456591544161556
-92.04488514580689,-92.63622731630457,0.2922869952373513,302,1034,302,1594,0.6486825595984943,0.3751155732671255,0.40674757662983796,0.7978377048005233,0.3445837765399535
-106.67452317198784,-92.86186751713986,0.29232756802510124,233,1105,235,1594,0.6932245922208281,0.3835913104545124,0.4374949963709576,0.7919537161094579,0.36386830414233107
-94.96825511416733,-92.97756542772686,0.29197848804098914,281,1034,281,1594,0.6486825595984943,0.36802183511471465,0.4656993937303755,0.7537141887572317,0.2747524145601352
-78.96902760686932,-93.0053952005511,0.2971949942828611,328,993,331,1594,0.622961104140527,0.34963062441618115,0.45074698843623473,0.7970575984677033,0.3156543347483017
-109.70499584297721,-93.19972823429399,0.29743814492897974,277,1053,277,1594,0.6606022584692597,0.38213934823105744,0.4091316864324029,0.8231910319832534,0.3492085857819188
-83.01766672095529,-93.0489640831027,0.2979930573556178,340,984,340,1594,0.617314930991217,0.3582865414757586,0.41291483116697125,0.8484263505359237,0.35669258439010093
-91.92213981020244,-92.90129819791198,0.30101159838742797,310,1017,311,1594,0.6380175658720201,0.3837253744302755,0.4595593845801978,0.8016373021383587,0.3271473743522844
-103.14360139715673,-92.87476113103713,0.3035428131567207,290,1030,300,1594,0.6461731493099122,0.4011998030370027,0.431823173020928,0.8082564325236387,0.335530182890481
-88.46115436870622,-92.82785144801397,0.30822651290414277,287,1042,302,1594,0.6537013801756587,0.36796027787018976,0.4329358906174408,0.8287538165180273,0.37444017864671525
-97.15327633197629,-92.64002307861794,0.3041618566935107,301,1039,306,1594,0.651819322459222,0.40774180571213575,0.43270673631017365,0.7997771354771775,0.3348568863754722
-75.67139199754398,-92.71332904884827,0.30535565323439506,368,959,380,1594,0.6016311166875784,0.3749424116853805,0.40933953558665054,0.7815299797959692,0.2921713895388013
-110.24917439033275,-92.7306753712164,0.305014240104738,256,1047,264,1594,0.6568381430363864,0.42886751154144326,0.43553738260864194,0.7878021706783604,0.3411724891347776
-74.09618925813716,-92.4542034514655,0.31231600209713706,382,944,391,1594,0.5922208281053952,0.3681741355946919,0.4370809758855272,0.8582468604084101,0.35352395956678473
-116.82826009762354,-92.5649013558138,0.30602283395174285,239,1080,252,1594,0.6775407779171895,0.42273326397695504,0.4510674693089352,0.8094638255774346,0.37352181393011097
-90.12870920335278,-92.72301490116548,0.30370553004891115,346,982,346,1594,0.616060225846926,0.3854219292938284,0.396605414207674,0.8051645522944347,0.3516650278892315
-111.5461797518196,-92.94856165038594,0.3011903390829031,283,1021,283,1594,0.6405269761606023,0.43135264072897284,0.476376894654648,0.8201651760103525,0.3423685601105116
-83.69628897842128,-92.69662292812187,0.2994563567327424,368,990,389,1594,0.6210790464240903,0.406509034174128,0.45679610043633395,0.8190411921014767,0.3491709396716037
-112.41088776233782,-92.91893302349524,0.2988748861803434,250,1061,252,1594,0.6656210790464241,0.4410896258629416,0.3919742824951843,0.7570505791260302,0.34505823291040033
-86.47724066555601,-92.79057024399418,0.29099588049461234,364,977,365,1594,0.6129234629861983,0.39999747971863925,0.47093858953694795,0.8144329790160506,0.3561864533544975
-97.26319409759522,-92.96562963899507,0.28353576287519405,322,1018,323,1594,0.6386449184441656,0.39128246371934094,0.4997150265146689,0.7770853895563734,0.3023648183844547
-98.89282732867524,-92.73748009330632,0.2832785404789768,314,1002,314,1594,0.6286072772898369,0.3760730900263713,0.42270438513641867,0.8504608184677775,0.361230976071919
-70.5197868204854,-92.382530883488,0.2752446543206467,446,880,447,1594,0.5520702634880803,0.36498205573531645,0.4400672828821773,0.8125762484364969,0.3306214653775671
-110.58648972636463,-92.66296970001179,0.27823832447046437,225,1085,241,1594,0.6806775407779172,0.3819072416716795,0.441587199453755,0.7695634650491261,0.30200124984292664
-92.40446250290996,-92.83240459857743,0.28886082674464275,288,1021,299,1594,0.6405269761606023,0.37933800924385463,0.39134962237831,0.7682649052513086,0.3182671587212963
-89.58705977848312,-92.80789151890421,0.2903766015521707,347,983,363,1594,0.6166875784190715,0.38922607389498043,0.3976449402281514,0.8261329698236739,0.3476563443497493
-94.43452967141168,-92.77275438496532,0.2813468296026696,284,1034,285,1594,0.6486825595984943,0.3552568346813646,0.43090970411788576,0.8547202728096464,0.3624294682147958
-87.84660485816933,-92.34952345994415,0.28068473220534,367,970,372,1594,0.6085319949811794,0.3777905108114289,0.428129163521345,0.7965198357926022,0.32370643941690347
-95.34714006217727,-92.36816776734676,0.2803031349875975,338,998,342,1594,0.6260978670012547,0.3846082474834354,0.45393234437015284,0.8144566184483947,0.3214391852426509
-92.53101009411485,-92.27040625323852,0.2817711419544087,305,1005,320,1594,0.6304893350062736,0.41239291581252235,0.416425563520378,0.8056781126441077,0.34675940873375755
-85.75362235792323,-92.2824953689145,0.2780990326450496,358,978,367,1594,0.6135508155583438,0.3763150730165885,0.4480176716916482,0.8105558224420771,0.33522733635056373
-109.6359947469315,-92.1526739234347,0.27509504051776806,262,1045,267,1594,0.6555834378920954,0.40295098304165866,0.4580564297120425,0.837037865736501,0.356801567751059
-74.52837764781965,-91.9632557101679,0.2766480750654028,361,972,374,1594,0.6097867001254705,0.3545969461224277,0.4246074586883428,0.8411181012324939,0.3579337047827382
-97.35173757688871,-92.08241198105758,0.26982602477002504,307,1012,308,1594,0.6348808030112923,0.40574137768164725,0.4383250362950781,0.8446811329118755,0.3697903065962225
-88.83515333490695,-92.30101411810342,0.26733364783546937,313,1019,331,1594,0.6392722710163111,0.37512592382827986,0.4403828254203929,0.854384358288706,0.3593695519277556
-81.85516470156999,-92.12106321664122,0.26942855405418875,374,957,387,1594,0.6003764115432874,0.3830336743966241,0.4428710730357065,0.8348934967499094,0.360227424117768
-96.14746261036227,-92.1603124768845,0.2679815628787756,285,1048,285,1594,0.657465495608532,0.3671178296257259,0.448389565520363,0.8028241764100007,0.32277119118039194
-87.74593485028662,-92.17011291633578,0.2716269106048568,328,1008,329,1594,0.6323713927227101,0.37072493992724526,0.4377323017356575,0.8137313610688657,0.34281543784563223
-101.3569610766752,-92.07354949099887,0.2688133561714717,313,1006,314,1594,0.6311166875784191,0.4353906832372794,0.4532009404127447,0.8644675027843769,0.36642843340543707
-59.80341526598776,-91.83149111719506,0.26965806192762737,438,898,464,1594,0.5633626097867002,0.3575397856810754,0.41046350263210624,0.8612961714353671,0.379021760577705
-99.27950310253348,-91.92995352879305,0.2680262042012654,338,988,338,1594,0.6198243412797992,0.40809915148152853,0.4521555100307843,0.8598087658175045,0.34061659409444883
-89.47593319089903,-91.9813836830176,0.2690985057541066,308,987,308,1594,0.6191969887076537,0.3776044499481663,0.475099328375869,0.7941568314458061,0.32931269104372907
-100.2513021899657,-92.15326287594456,0.26818333285875084,288,1038,288,1594,0.6511919698870765,0.38227614222295314,0.44094850493704124,0.820709922163522,0.36634809768496013
-73.49135464466657,-91.89803682100815,0.26854314334517093,346,966,349,1594,0.6060225846925973,0.35661888849133877,0.4727634311470867,0.7867941555352309,0.3437077214279636
-95.91813256361752,-91.97064516452811,0.264033968515215,280,1065,293,1594,0.6681304893350063,0.37410712588460204,0.4498472793797352,0.8331898056945358,0.35957587620387965
-87.00804615990182,-92.06006329574036,0.26106620512515777,362,961,362,1594,0.6028858218318696,0.38648533085847425,0.44740579189032353,0.7849081247623481,0.31732957894264624
-77.23627566303358,-91.82793372765862,0.27488925701594935,365,971,370,1594,0.609159347553325,0.3675850316856973,0.4247769739207926,0.7775649429082475,0.3131999271873659
-101.62150989496352,-91.85645915994591,0.27217072508636725,299,1028,312,1594,0.644918444165621,0.4284818295007101,0.43437072002863686,0.8265988969321287,0.3447949334170983
-117.98625514588461,-92.1214800456317,0.27237516289685115,229,1089,253,1594,0.6831869510664994,0.43369602843782135,0.44707777443376867,0.7955842663331678,0.29665072871567655
-107.69594609789708,-92.50012447221584,0.2684285100187597,278,1044,291,1594,0.6549560853199499,0.4438236090183144,0.4030999618970715,0.7946799458186666,0.3296647989152411
-90.67862622735194,-92.30126139154977,0.2749470786919238,322,994,357,1594,0.6235884567126725,0.4043372259218736,0.48481737220894033,0.8300987571451384,0.353163614291658
-70.73975650373923,-92.35476444779897,0.2742874056995075,394,941,407,1594,0.5903387703889585,0.37019931008421564,0.42750369084856427,0.7870413375426797,0.32022985827695793
-79.66714405077448,-92.30438271241303,0.2762603066781474,371,965,372,1594,0.6053952321204517,0.3649822925115234,0.4170453264562428,0.8546291375402495,0.37015568384795694
-106.59033194328585,-92.33026150195366,0.2711961627140796,287,1030,306,1594,0.6461731493099122,0.39827103589213114,0.4395173536627291,0.7833173324672938,0.31095823410193774
-82.46398885743875,-92.1825530701026,0.2667178573039181,354,986,354,1594,0.6185696361355082,0.3925901419803531,0.43284593806849525,0.8316387959501519,0.3413933647302187
-81.78685322819938,-92.0624697604663,0.2649580198163885,339,984,373,1594,0.617314930991217,0.372147374848545,0.4110935252887356,0.8316015257338728,0.34280958442660137
-97.29479987295123,-92.13924454115677,0.26174107560549303,295,1032,295,1594,0.6474278544542033,0.40220810701346704,0.421914787042938,0.7774039471787979,0.3194646892381113
-89.38196544098284,-92.35657258073655,0.2720402011477015,337,1000,338,1594,0.6273525721455459,0.3862206549697467,0.3934856639016631,0.8033930538996527,0.3494581903571705
-85.4714062443412,-92.19757184640565,0.27199877926214855,363,978,363,1594,0.6135508155583438,0.3885307840921855,0.40424115278767925,0.8185443837843571,0.35249299169027504
-111.21257861438879,-92.40667304417049,0.2712057741846713,232,1077,235,1594,0.6756587202007528,0.3925640359999565,0.4350814574653604,0.817348313867636,0.35221185544849104
-89.42299322034798,-92.27060957961689,0.26758272439762604,302,1019,314,1594,0.6392722710163111,0.3755521613157516,0.41703777151692834,0.8461375860636022,0.38248998920627275
-76.632194637532,-92.46863263426478,0.2634723178629738,333,987,333,1594,0.6191969887076537,0.36934986117814683,0.45495895782401297,0.7821378134075021,0.33170884366370557
-83.44114321202142,-92.52878531326303,0.2549444093946398,344,998,353,1594,0.6260978670012547,0.370270879696746,0.4507425455864208,0.8219204815122554,0.34549137154328735
-94.66592307564315,-92.36717460442138,0.25779490117986703,343,970,344,1594,0.6085319949811794,0.3963742950843568,0.4419235995443539,0.8174366047794508,0.3381520981369328
-84.56574675624468,-92.39554031777413,0.2523804583782298,325,992,347,1594,0.6223337515683814,0.34320524244988365,0.41643388219221134,0.8271942834479997,0.34912714546323154
-98.39052988247406,-92.17253420387314,0.2520482757242205,297,1037,313,1594,0.650564617314931,0.3911381249577041,0.45375944718128824,0.8406614866069065,0.3686155071542937
-69.84489320284644,-92.10999994957578,0.2548203912412731,389,953,389,1594,0.5978670012547052,0.35367958036374836,0.44263882364516094,0.8376597291234246,0.35758735306895784
-105.05564813066334,-92.19810236739536,0.25589183662317533,274,1047,281,1594,0.6568381430363864,0.40698309755310147,0.4246636884649335,0.7882318540355147,0.353066470241499
-73.04144925879665,-92.10824058359978,0.2560358900256464,326,982,367,1594,0.616060225846926,0.3534185859318095,0.4246781410345387,0.8295864521102286,0.3370112927055338
-117.42936342375576,-92.15629599099034,0.25451274734275203,211,1082,224,1594,0.6787954830614805,0.4302538964522102,0.4334795753758388,0.767634678347435,0.2880726343900804
-83.99934029248517,-92.00787779196054,0.2520402893488761,329,999,340,1594,0.6267252195734002,0.3725392464781812,0.40915390752559067,0.7943280304376568,0.32485769978087237
-92.64032339737378,-91.93027222366025,0.25554268234686484,324,983,328,1594,0.6166875784190715,0.3971397363006923,0.4460218038894246,0.7951150070117547,0.32098456102019934
-82.93340310579012,-91.6468551339146,0.2563160177945829,388,952,389,1594,0.5972396486825596,0.40167540148462294,0.444560928008872,0.8258261904831055,0.3601420667955382
-105.47513984081085,-91.85225292028183,0.25613234044260863,293,1019,303,1594,0.6392722710163111,0.4300262949765275,0.4333171268954323,0.8654084898538283,0.40521616080752976
-127.66613911538649,-92.22060362085409,0.25770693465341354,193,1132,194,1594,0.7101631116687579,0.4503135015305196,0.4158548420750912,0.7917999330454136,0.3370972112475889
-83.6474907849455,-92.02829642905459,0.25646234128795287,330,1001,338,1594,0.6279799247176914,0.3842835431812386,0.4123635691976542,0.783110285972526,0.3102435146605771
-94.44911623510549,-92.14605938580577,0.25827258575705186,294,1049,329,1594,0.6580928481806776,0.42528672508696425,0.42745051730778894,0.823604712724338,0.3811615663255575
-81.81315749882526,-92.13657013024796,0.25205978198900536,382,969,392,1594,0.6079046424090339,0.39020572209479404,0.4252609418242452,0.8412129507857258,0.37246435676652595
-94.76635620197808,-92.11601673736232,0.2588635267698372,349,984,363,1594,0.617314930991217,0.425820911354152,0.47617877703718337,0.828192902084836,0.35954607517375925
-108.94566381084147,-92.4916888300979,0.25266810599626827,292,1048,299,1594,0.657465495608532,0.4428257405586396,0.42217712018793796,0.818506978575293,0.35317879799705976
-81.46290184644718,-92.16724699167816,0.25243056044642737,370,981,375,1594,0.6154328732747805,0.39741993286406374,0.4295199780674422,0.8213796720733326,0.34936210040967614
-108.81556302430789,-92.3175784181057,0.2551068483711986,283,1036,288,1594,0.6499372647427855,0.4259039811672801,0.4314977595297813,0.8305804031105987,0.3503170629190878
-93.4607092135377,-92.41164138389182,0.2552465608101647,295,1030,314,1594,0.6461731493099122,0.40181535506234817,0.48769638558076167,0.8574002481099421,0.3818753573070982
-95.7495671984784,-92.79583043875536,0.2500363135319238,304,1022,313,1594,0.6411543287327478,0.383135492545093,0.4427452957014499,0.8135151022094017,0.3505007142647453
-88.17909929202953,-92.95588858867886,0.2460888366139364,319,1009,335,1594,0.6329987452948557,0.41237715801689423,0.4370020596282986,0.83110000033097,0.35539873416031853
-82.11679710900268,-92.62183207118754,0.23996025538873372,364,982,364,1594,0.616060225846926,0.3912550881950056,0.4224493527157282,0.8101221955238924,0.355292681912524
-87.32560118526901,-92.48074498110815,0.24000253880133482,356,970,366,1594,0.6085319949811794,0.4048051406140733,0.44797491484932894,0.8306783152350952,0.32725832866276167
-108.56486594059,-92.68353543072082,0.2401126328350589,276,1060,287,1594,0.6649937264742786,0.41738404712054095,0.4333820962640529,0.8427707569008779,0.3741644450154328
-97.83640840496277,-92.6742528972231,0.24710565166446855,304,1025,317,1594,0.6430363864491845,0.3994710742570464,0.41340915150292945,0.833495242868881,0.37650263249228216
-95.41697346100554,-92.87403820233185,0.2468379060496859,322,1038,329,1594,0.6511919698870765,0.38889564586284564,0.45760914220780613,0.8537419621520648,0.37325348811527054
-75.04480058449751,-92.47340937972963,0.24744005873904495,332,990,338,1594,0.6210790464240903,0.352441236894339,0.43365776603546385,0.7999273699034449,0.34728291155885993
-109.16043919977538,-92.45831446263894,0.24801012244079604,257,1074,266,1594,0.6737766624843162,0.4018202180279111,0.41576017968068824,0.8397593908339467,0.3250325975489487
-90.56819537478052,-92.38072852543556,0.254888313937484,312,1004,312,1594,0.6298619824341279,0.3636594764134791,0.4326179109979884,0.7988487134395932,0.324269446289183
-120.92082519057168,-92.5321526977012,0.2528601738166364,201,1097,221,1594,0.6882057716436637,0.40356628592489013,0.3946810982193087,0.7708635447769687,0.3144507184562077
-103.32638702166886,-92.84035152265331,0.2515977203209404,245,1063,253,1594,0.6668757841907151,0.39577853971758686,0.45040700887210994,0.7711124585313308,0.3263708439325846
-102.96956741576278,-93.17436030244271,0.2513336049338798,265,1067,265,1594,0.6693851944792973,0.428127817434202,0.39333666160308944,0.7982441613495284,0.36127577237903674
-106.5474732442642,-93.27450797163576,0.24988741840001272,247,1080,256,1594,0.6775407779171895,0.38614558825000245,0.45265854958198287,0.7938517604869817,0.34045516473262355
-72.27893851608398,-93.21875241389677,0.2501513221201718,373,946,375,1594,0.5934755332496863,0.35460753213844715,0.4059596353398255,0.8398869334434628,0.33755627501041496
-76.02024803836319,-93.25973199899728,0.24111764043364578,360,944,387,1594,0.5922208281053952,0.35523553304360694,0.4267033169626183,0.8130557409135934,0.34927257638582176
-73.36785830322533,-92.98693888368304,0.2422064658331452,345,996,358,1594,0.6248431618569636,0.33790158911522744,0.44761011255878447,0.817544107893998,0.3423647058011766
-72.32605150128714,-92.55127772512263,0.24418767858359391,373,945,398,1594,0.5928481806775407,0.3610044692880235,0.43654647529703444,0.7628760859083553,0.33652131925678963
-106.09012655563336,-92.69173013922092,0.24426186115625867,253,1049,278,1594,0.6580928481806776,0.3868372004547698,0.4061202243295548,0.7555234120583335,0.31389315738321694
-75.8886326375716,-92.38387123387675,0.24422173388332927,389,958,400,1594,0.6010037641154329,0.3726000492173502,0.47586491342534315,0.8503492753949521,0.36627952065300245
-84.37318904628553,-92.27792057319795,0.24348149707493696,332,994,345,1594,0.6235884567126725,0.3695004454602425,0.46057904959293416,0.8286472373789492,0.3583808817890811
-108.05037867710672,-92.5687340839003,0.23565394206851928,256,1054,264,1594,0.6612296110414053,0.4101540297095106,0.46290577316070813,0.818366840944984,0.36208313598809716
-88.88348556054349,-92.36051898107597,0.2363727296100012,349,981,350,1594,0.6154328732747805,0.3941484381848438,0.4154912125922286,0.8166779109616275,0.329617671782092
-100.40472991471957,-92.53438961301359,0.23702979110121208,279,1032,282,1594,0.6474278544542033,0.388205453157944,0.4209337446202505,0.7972837195208611,0.3495988201222547
-103.87750154821754,-92.65394323039372,0.23403667420238267,272,1045,272,1594,0.6555834378920954,0.38758931838324234,0.4298963596573374,0.7927523637023512,0.3103900734774353
-79.77349936436599,-92.42024221006582,0.2300363801855167,346,974,367,1594,0.6110414052697616,0.35383626503894156,0.4336815416687326,0.8328981601350007,0.3608248514851626
-110.9115839451176,-92.64474650582996,0.23185946867659354,245,1077,251,1594,0.6756587202007528,0.3915217642685446,0.42594756713316767,0.8382485648386043,0.37245384973295015
-95.52192331455946,-92.62843297565578,0.23619718699928138,334,1008,352,1594,0.6323713927227101,0.403627382650573,0.44772456292723706,0.818354676295864,0.3517186209054136
-75.94717883979693,-92.63119084407832,0.22970694129516062,387,949,393,1594,0.595357590966123,0.37805360588734976,0.42441387318558216,0.827599921857987,0.3592379439461358
-93.70139709424262,-92.46571307111742,0.22475972394660693,325,1004,326,1594,0.6298619824341279,0.3805690884092619,0.43246510817095235,0.821132236661672,0.35860581002528225
-75.55107195058706,-92.48026189804193,0.21853744767952363,366,955,367,1594,0.5991217063989962,0.37905240439430854,0.4338063120209768,0.8023329727712684,0.35083781415134646
-82.66391427277651,-92.13861843979345,0.22457711312017217,337,1013,338,1594,0.6355081555834379,0.37054495520609715,0.4295162753603765,0.7963465428907087,0.3450092253380322
-91.51988506369035,-92.15253019839683,0.22625567485775505,332,993,343,1594,0.622961104140527,0.4046190303256185,0.44219988939611193,0.8238856026671652,0.37113432979275857
-92.488292228957,-91.96195132316818,0.22725435521091975,292,1025,292,1594,0.6430363864491845,0.3695098886417384,0.4010441496548723,0.7553718106325696,0.3354797292371129
-87.70277484115262,-92.00201618179551,0.23028775810177884,302,1015,308,1594,0.636762860727729,0.3886458929338926,0.41844207225811003,0.7564410385040252,0.30104134413335415
-88.54947616099102,-91.76340206578205,0.2317685517303806,327,991,346,1594,0.6217063989962359,0.39051368130636693,0.43598357013215805,0.8082590882819569,0.328963030267297
-89.13831622872408,-91.79001282141375,0.2329050737522243,295,1024,297,1594,0.6424090338770388,0.3845858296795862,0.43462952673356425,0.7800826268917429,0.3243647107923894
-88.87925094713232,-91.70617338990911,0.23341829883346474,317,1008,320,1594,0.6323713927227101,0.37406473557124176,0.42672478537069847,0.8220963139982839,0.3674659047981277
-81.86084051662283,-91.53585352178861,0.2380618960806626,347,1007,348,1594,0.6317440401505646,0.39047835360098604,0.46315592415090573,0.8006355583760549,0.35388324646198077
-89.26104202944258,-91.72326607387815,0.23686223402498816,344,1000,347,1594,0.6273525721455459,0.4338862074950663,0.47154480644728436,0.8523056177358841,0.3900315680570896
-97.36867925205799,-91.5910879691351,0.23283273941918967,277,1044,298,1594,0.6549560853199499,0.4059130154615925,0.44598600996072163,0.7897070454289099,0.34142360595965293
-105.07586778038628,-91.71780202190985,0.22666624855126952,241,1060,247,1594,0.6649937264742786,0.40365909339571904,0.41052761272128724,0.8347774681694228,0.3859474270323273
-80.98442246223071,-91.63177564874734,0.2269148008145377,346,996,356,1594,0.6248431618569636,0.39016721523009285,0.3944792994508087,0.7725622226731936,0.3213522297148129
-95.69797081550466,-91.64441006018824,0.22585872733802856,337,1013,340,1594,0.6355081555834379,0.4039159980713234,0.4345581766873315,0.819216021762822,0.37822934208698544
-102.51869621532117,-91.79113097375978,0.23014176377109055,295,1034,319,1594,0.6486825595984943,0.40720079686884353,0.4297631410881255,0.8423505598605037,0.3405249918991038
-97.65833259216245,-91.81424289905962,0.23159790729932545,324,993,330,1594,0.622961104140527,0.406073254818784,0.4053449388724787,0.8631694641401051,0.37706204792386044
-94.74346301045729,-91.83636742822306,0.2298882208526617,328,989,349,1594,0.6204516938519448,0.40056174235346603,0.3964853702621306,0.7808576526632666,0.32519538905313844
-102.59760600730678,-92.00480726471689,0.22876115762454077,266,1058,275,1594,0.6637390213299874,0.38497445744299297,0.412420678070306,0.7658633599399057,0.3184473504108675
-100.75113063419012,-91.91595862358945,0.22971261780222552,305,1040,305,1594,0.6524466750313677,0.4015691778675319,0.38601552364704306,0.8134744252765711,0.3247204162094352
-82.91626145765684,-91.99983746168782,0.22685507451585163,364,968,369,1594,0.6072772898368883,0.38681291697847875,0.44937352928852775,0.8202881503656418,0.3507652222368982
-107.60418647984793,-92.10236195071741,0.23100900415093967,316,1002,316,1594,0.6286072772898369,0.4134393091174323,0.41079019080300594,0.8077206607180095,0.3336533605902675
-67.9271635441268,-91.89328205280962,0.23061782432443764,398,951,412,1594,0.596612296110414,0.3833792817772197,0.4483420755224119,0.8495100017475037,0.33455335846348583
-69.39223953919655,-91.7686528011859,0.22899544740116762,424,914,424,1594,0.5734002509410289,0.36207342342170307,0.4434162846089767,0.8262297565575757,0.3371151929588787
-82.68045441978029,-91.63398271928008,0.22944275656736063,347,980,370,1594,0.6148055207026348,0.3971883408083789,0.42079092637965737,0.833094394421813,0.3748272223294489
-86.25421566032092,-91.61906552738043,0.2272323215362648,310,1012,336,1594,0.6348808030112923,0.37134631252881534,0.4191265548976937,0.8476711283421879,0.35341021388238064
-95.26735126152741,-91.55816942922894,0.22802049855494286,304,1030,304,1594,0.6461731493099122,0.3796290685248921,0.4211694913672804,0.8021914695476128,0.3463363328137432
-97.78953781070211,-91.9380306546761,0.2286525645023006,284,1037,284,1594,0.650564617314931,0.3889937777145122,0.4330218873147031,0.780100169876512,0.322765593342707
-76.8263009053873,-91.71349863270463,0.22939542082601963,371,967,379,1594,0.6066499372647428,0.36497724790490504,0.43842979747102445,0.8120338610560219,0.3442047121545365
-90.60072562544497,-91.7247465570501,0.22908400088418585,311,1016,312,1594,0.6373902132998746,0.38450447770482155,0.4139158244056598,0.8064896992323304,0.33434502522587806
-97.31712657828373,-91.69540480093329,0.22751821369126674,301,1031,305,1594,0.6468005018820577,0.41186143371287304,0.4356236527520015,0.8161007157084377,0.3565490766552194
-109.30702096878908,-92.05356146417449,0.23245889285921667,256,1058,257,1594,0.6637390213299874,0.42269538852989613,0.3515307520010905,0.7614483035960244,0.30112404536097326
-103.9956650199853,-92.13433678873817,0.23366872701692798,315,1011,324,1594,0.6342534504391468,0.4130282425132618,0.44693737560446356,0.8367251674200804,0.3625277679476787
-101.34153558427207,-92.27767168298186,0.23787201113811998,253,1063,295,1594,0.6668757841907151,0.39920384578376084,0.3801434884013197,0.7883017826644356,0.33588986656600184
-87.29094653858571,-92.37821839173739,0.22234102303089376,374,940,374,1594,0.589711417816813,0.388326935939331,0.46742369594033956,0.8613593031630764,0.37665467634887556
-98.66670470553512,-92.34867033984308,0.22333418057006196,319,1006,324,1594,0.6311166875784191,0.4250970304203015,0.3919235080980836,0.8400173944564933,0.3737382178941321
-114.22666207858876,-92.31107440917015,0.2242960987882675,264,1049,264,1594,0.6580928481806776,0.4517172157038073,0.46801070952893675,0.8473171007262854,0.3558508325344808
-83.46711283188142,-92.06878607650997,0.2360380657863786,378,976,380,1594,0.6122961104140527,0.40103532357410876,0.4120284531536425,0.851341669462388,0.3579496346956837
-96.4872346754702,-92.12687216099118,0.23133456063131777,323,1002,323,1594,0.6286072772898369,0.4134042445489696,0.4186318142595297,0.8587758286153276,0.3314507700095771
-64.80464934647783,-92.06752108941853,0.23107815335115475,429,909,430,1594,0.5702634880803011,0.35955445046666035,0.4113343304424571,0.8321718776767724,0.3723487017991504
-98.91225859182403,-92.25997223482908,0.22991942776661156,279,1042,281,1594,0.6537013801756587,0.378286430501597,0.44582649207109326,0.7943337185374797,0.3565080866395429
-86.36329399102371,-92.05770185530645,0.231004233612067,363,975,380,1594,0.6116687578419071,0.38115445195085745,0.4486527561677283,0.7884874586301992,0.3335091083261988
-112.85663224117519,-92.36162828914381,0.23322237523641623,243,1061,260,1594,0.6656210790464241,0.4252023553687568,0.45839124916941926,0.7385015729133286,0.28335947525129146
-78.25197304315645,-92.32627948729338,0.23386681040860716,369,974,372,1594,0.6110414052697616,0.3866436969828996,0.4112055937718959,0.8282530383818136,0.34014323698170795
-96.94492381005641,-92.32278072666442,0.23619539002429218,298,1032,299,1594,0.6474278544542033,0.3971820364519205,0.4189994781192302,0.7800393263568137,0.36219352044787767
-79.75653714664129,-92.226526443721,0.22791441024132147,335,1006,335,1594,0.6311166875784191,0.36518848290025735,0.45154334034621013,0.8304098646498645,0.34874307366824864
-125.83026484856336,-92.63011502976323,0.23646503877519165,185,1100,185,1594,0.6900878293601004,0.4214895613844946,0.4311378078088972,0.6917783375871165,0.2644083670252264
-106.83854333291042,-92.58637467694847,0.24189760000524063,262,1057,263,1594,0.6631116687578419,0.4128267085580121,0.4969157889640151,0.7779559868281413,0.31563477309958765
-89.98810184658915,-92.59202576321087,0.2384433304155629,297,1020,304,1594,0.6398996235884568,0.3829162751013906,0.42660669811359603,0.8130069523412538,0.37166478098729594
-85.92366535688225,-92.68494047040438,0.24034466948671937,343,993,370,1594,0.622961104140527,0.4008643712691797,0.4094937027954622,0.84580147714748,0.3592845641192738
-87.01216971189601,-92.72065073540313,0.23999645351811502,336,1007,337,1594,0.6317440401505646,0.3756011773756967,0.4490642290917593,0.8292048607506775,0.3403614755654616
-91.51130634431732,-92.68910456808985,0.23973146473768747,300,1013,328,1594,0.6355081555834379,0.4038398864287107,0.42643643978336826,0.816010652126445,0.34042114920992933
-88.97063353150283,-92.73315343584241,0.23918897742812598,308,1009,315,1594,0.6329987452948557,0.39531893337675394,0.42921506077167965,0.7796292315231823,0.3371411191033683
-90.06298530173358,-92.64987799003502,0.24038907117127134,309,1027,309,1594,0.6442910915934755,0.3763786718949201,0.39192007020628894,0.7568779173501323,0.31623505387305273
-84.80621798861087,-92.79949123789267,0.23747192939676154,351,982,352,1594,0.616060225846926,0.3811168760179326,0.44574098216370966,0.8086293082799637,0.33294508742507795
-97.18980025389222,-92.72083275912495,0.23498677363560433,318,1001,319,1594,0.6279799247176914,0.3995132323477195,0.4489660889211754,0.7937106737990991,0.30764455083079684
-90.94779128103886,-92.89989617934738,0.233781307802761,296,1023,301,1594,0.6417816813048933,0.3807115330355737,0.4550082756466959,0.7627610586403066,0.3125662167977361
-88.68647807271626,-92.61246732583697,0.23814258785220702,310,1010,328,1594,0.6336260978670013,0.39528768599079395,0.4206106606346125,0.8018327018761546,0.32004942465779745
-91.22859147522794,-92.6847598376644,0.2484817801525083,324,992,326,1594,0.6223337515683814,0.38954314877957974,0.4515702766721119,0.8005120068217801,0.3352572589733943
-76.32558056945169,-92.52161240938516,0.24567719545304847,316,1004,334,1594,0.6298619824341279,0.34691417608405484,0.44662822852446155,0.8360394802238347,0.38047756800417776
-67.70904069903419,-92.36936878531763,0.2402115408540293,391,949,393,1594,0.595357590966123,0.332136647876209,0.42270774128201316,0.8454885095632396,0.37447903247312975
-69.36794318597512,-92.00829681876927,0.2397001806659686,366,970,371,1594,0.6085319949811794,0.370603009001939,0.4285074585688784,0.8061257351340512,0.33677669671518007
-88.13414264502141,-91.61297685406562,0.23613845010285808,336,1010,353,1594,0.6336260978670013,0.38789176437629713,0.418010625051646,0.8350719389400092,0.3446758582414146
-95.56377714722,-91.73213971768836,0.23634739244868266,349,989,354,1594,0.6204516938519448,0.39233483787511264,0.41416693974274355,0.7856046801865353,0.31111091349893477
-92.38381688973081,-91.71148672423462,0.23525783384479232,307,1023,307,1594,0.6417816813048933,0.41517503968244585,0.43325389579155993,0.8112312398534276,0.34661562689446274
-77.6862367189798,-91.67021751643617,0.235234582709342,367,957,367,1594,0.6003764115432874,0.38445692533260495,0.43516681959921544,0.8112173532315298,0.336358542211124
-87.8649153488684,-91.60120310790508,0.2307016586728567,310,1020,314,1594,0.6398996235884568,0.3664734565562964,0.4282875890541948,0.7922750168189743,0.3727275453789862
-102.47097269954948,-91.53645619679217,0.23168941433566018,265,1050,281,1594,0.6587202007528231,0.3967415388705948,0.47276314303618766,0.7880318073311237,0.3254134056709018
-86.07505284564704,-91.58257770678416,0.23084311060008164,309,1004,310,1594,0.6298619824341279,0.3516616329167353,0.4547120993468205,0.8074334776604885,0.3370238096151954
-86.7944085129205,-91.36236616167027,0.2271668226753104,348,972,360,1594,0.6097867001254705,0.3869522462639317,0.44178236390219533,0.8099977028595642,0.335317050887042
-71.65857703567983,-91.14434483989169,0.22147366527404774,362,980,365,1594,0.6148055207026348,0.37349955859343364,0.4274864225734702,0.8029205764435019,0.3532992230911113
-109.08274737397899,-91.2776766416467,0.22323612079209007,292,1026,306,1594,0.64366373902133,0.4076505778996032,0.41071726817692616,0.8760698835733889,0.3734277560417311
-114.21200480832898,-91.53800569680969,0.2212661204486842,211,1087,231,1594,0.6819322459222082,0.42375571368124115,0.4285783094644972,0.7992999335073908,0.3374095560652713
-104.12773413110574,-91.75811506703072,0.22092492376877698,267,1043,267,1594,0.6543287327478042,0.4104310468290173,0.4575281041186584,0.7814453209444949,0.30560293464641736
-104.84823810713283,-91.93334143624935,0.21949339456914108,293,1011,293,1594,0.6342534504391468,0.40228018271956545,0.4426493183045812,0.8102722976365471,0.331715261626948
-100.81533633243703,-91.85584614016783,0.2180307587487665,276,1057,276,1594,0.6631116687578419,0.39788137460747425,0.43215465605667963,0.804662143815573,0.3497837453084773
-84.8180029083964,-91.72566208520216,0.2130997548663312,329,979,338,1594,0.6141781681304893,0.388540375631986,0.43778011211023865,0.821290739413357,0.3583046800025088
-82.2181448749449,-91.59367379934156,0.21214250578998495,331,982,341,1594,0.616060225846926,0.37136380779156347,0.40715407728284037,0.8414565395471663,0.36965205726899253
-88.58518128107114,-91.72907760630727,0.21407749498746045,324,1004,324,1594,0.6298619824341279,0.369350766993914,0.4015913873189388,0.8210756293597926,0.3744607556276978
-71.9140090279223,-91.35661330458875,0.21356187885041636,353,989,371,1594,0.6204516938519448,0.37340534137174825,0.4238292406783377,0.8029175438350877,0.34240987404915657
-99.28634698736337,-91.44379482071457,0.20668368735372838,271,1041,272,1594,0.6530740276035132,0.3968707135874617,0.4320761685228782,0.7877204402960235,0.31233355018328524
-90.36000645105007,-91.13818663331936,0.21011146381900583,306,994,306,1594,0.6235884567126725,0.36551492587762446,0.43705640769900356,0.8146913148423002,0.365806966440141
-85.58848174916352,-90.96080758059433,0.21106704588853997,311,996,323,1594,0.6248431618569636,0.3388932497619794,0.41784301079330055,0.8014439475926313,0.33466689863542387
-120.78376923268837,-91.13894959876359,0.21590408297988134,228,1068,230,1594,0.6700125470514429,0.41110187171092066,0.42812286579077047,0.8154514272968547,0.3263003246715107
-85.61885448217443,-90.9296634111427,0.21988111059110887,327,997,327,1594,0.6254705144291092,0.4003351627059553,0.4271552935878571,0.7861848136967107,0.3247129406689198
-98.23495809434867,-91.18922360692535,0.22148128065581585,289,1040,315,1594,0.6524466750313677,0.39546787140961537,0.4602999701114286,0.7895823615981472,0.3380277311956877
-85.53018334452415,-91.28432295998697,0.22486842830646236,316,984,316,1594,0.617314930991217,0.38270500507317073,0.41604435746681995,0.7825256206084011,0.3169327679415994
-90.96088977292219,-91.46025327468391,0.22128958007156121,325,999,340,1594,0.6267252195734002,0.40271985968250273,0.4399568328172946,0.8026193726535377,0.335417545646722
