-66.79345699538952,-66.79345699538952,1.9863431713166309,417,252,488,912,0.27631578947368424,0.6677752118502869,0.41899398106502594,0.935477848957816,0.6598167197960598
-93.7870110048147,-80.29023400010212,2.367441667084057,414,251,481,912,0.27521929824561403,0.7311862951217699,0.46480114457132315,0.9305149400090534,0.6687974405163719
-72.64933584970125,-77.74326794996848,1.7185138617132962,476,243,507,912,0.26644736842105265,0.685662493401172,0.4621927438547233,0.9193058174750871,0.6726947947646394
-52.62856504617873,-71.46459222402105,1.484151627891966,489,233,533,912,0.25548245614035087,0.6240490397156094,0.4589220414518505,0.9435072380616956,0.6557641125344947
-72.79606109494584,-71.730885998206,1.2749338392211962,357,265,477,912,0.2905701754385965,0.6366539699793424,0.42530036270278754,0.9357016275953954,0.6294590389296196
-106.49579017835039,-77.52503669489674,1.1253496334808462,332,292,454,912,0.3201754385964912,0.6427623268890702,0.43954407153246083,0.9412296929247072,0.6464513241978783
-76.9260160819173,-77.43946232161396,1.2045912219438637,433,261,502,912,0.28618421052631576,0.6677729652489989,0.44995330455806454,0.94766142771931,0.6779309577532507
-113.00847896073154,-81.88558940150367,1.0837587711968042,366,305,465,912,0.3344298245614035,0.7195534136030963,0.41321172502111536,0.9277123998434894,0.6656404661450539
-129.33073882725594,-87.15727267103169,1.4028196421582662,272,323,422,912,0.3541666666666667,0.719113946178576,0.4237504816427646,0.9181080728915786,0.6185218117165625
-113.03970760625785,-89.7455161645543,1.389129562773197,393,294,453,912,0.3223684210526316,0.7032060685006982,0.45130914473439643,0.9422853368142198,0.6389384833934186
-125.88668885112936,-93.03107731787931,1.4730660693686701,374,310,442,912,0.3399122807017544,0.7204649695738753,0.43010430714578707,0.9508532879666465,0.6835107145162005
-125.61012875392225,-95.74599827088291,1.463840377477065,355,300,432,912,0.32894736842105265,0.7134711618492877,0.44536683456439763,0.9383716867882853,0.657449772920584
-111.37680575620892,-96.94836807744645,1.4927312757394662,392,275,506,912,0.30153508771929827,0.6988697469298953,0.4473775298003073,0.938070112771328,0.6589743649177464
-130.55833760527477,-99.34908018657704,1.487469130291495,326,335,383,912,0.3673245614035088,0.7093272829520487,0.4337690756153487,0.9186934668374335,0.6516280434553976
-103.9245832230469,-99.6541137223417,1.5876442624907072,359,286,454,912,0.31359649122807015,0.692455673754283,0.445944991922545,0.9250803910226177,0.6664346259189596
-92.99191795490228,-99.23772648687672,1.6041120831113673,413,253,508,912,0.2774122807017544,0.7076631273291206,0.42913856825525426,0.9576475935051653,0.640837500776291
-80.49805081089175,-98.13539262358348,1.5875875158247004,428,241,506,912,0.2642543859649123,0.6899414528873385,0.45040327374009054,0.9406680139918836,0.6367158628190203
-74.72020521748196,-96.83454887880006,1.5169428982206694,425,260,522,912,0.2850877192982456,0.6410356723944524,0.41074427499610777,0.9508781730028129,0.6707429070704752
-100.20349330059008,-97.0118617431048,1.4535412431358283,412,247,493,912,0.2708333333333333,0.6913680483276525,0.40550519909947036,0.9493987914551401,0.6565412913114034
-130.00794551799396,-98.66166593184926,1.3936534090786186,395,303,438,912,0.33223684210526316,0.7203856166233849,0.4481503069781783,0.9328440076491322,0.6530726735760378
-123.90296038435876,-99.8636323343497,1.3448755617305888,335,310,451,912,0.3399122807017544,0.6817504494493307,0.4224281540051154,0.9439123140445428,0.6807205471235305
-110.21407360896013,-100.33410693774108,1.4069976916900344,356,290,435,912,0.31798245614035087,0.6941734394436787,0.454930814912517,0.9220508407101194,0.6470145554404879
-79.23119314068077,-99.41658894656454,1.4111205325237528,411,257,471,912,0.2817982456140351,0.6739853560341353,0.44827424337493826,0.9440417576872022,0.6473117788305615
-74.8348623808023,-98.39235033965781,1.3753479793495005,428,242,519,912,0.26535087719298245,0.6768197551449792,0.42776616176959986,0.9623248515802317,0.6722784825721749
-62.64267239934489,-96.9623632220453,1.381484559566646,463,247,536,912,0.2708333333333333,0.699559792182293,0.44211414511076036,0.9316869499031744,0.6596111750170587
-94.87645543832687,-96.8821359995946,1.48712580838832,419,289,484,912,0.3168859649122807,0.6838144762557554,0.43985709788169347,0.9390170377045387,0.6456414242529626
-101.28012905053333,-97.04502463111085,1.4647201614406067,432,279,435,912,0.3059210526315789,0.6806094231565197,0.4711665439388536,0.9330356586304664,0.6496396798771338
-89.76514544781512,-96.78502894599315,1.4735168073208114,392,262,479,912,0.28728070175438597,0.6799402388374295,0.43599208253918853,0.9485153603032849,0.6351313581607957
-49.349938439590844,-95.1493361699103,1.4406893200624846,460,236,461,912,0.25877192982456143,0.6151007093806402,0.4245018177097939,0.9305246497019207,0.6633576869562122
-117.29230122212509,-95.88743500498413,1.4914294148730736,350,313,439,912,0.3432017543859649,0.6970854306234686,0.4226792254696852,0.9572317435968866,0.6719902598468384
-98.20669412000818,-95.9622498151462,1.467047928164874,429,280,478,912,0.30701754385964913,0.6672421759491988,0.4241421241118612,0.9427835512221084,0.6703116096534752
-130.09925957444142,-97.02903137012416,1.4711208424154678,382,316,400,912,0.34649122807017546,0.6827621191928678,0.4541372293742221,0.9266014049611137,0.6609469174591774
-130.29831483623218,-98.03719147515774,1.4568599919625,359,318,455,912,0.34868421052631576,0.6702117572089356,0.4643275343100763,0.9404745236279911,0.6890602258882187
-126.69021800586326,-98.87992754959025,1.54992300416976,341,322,456,912,0.3530701754385965,0.6742357175684556,0.4336692386680266,0.9379294512340133,0.6122198023512299
-132.8990212144501,-99.85190165430053,1.5293239894258706,314,334,428,912,0.36622807017543857,0.6923100853167174,0.4417148489427321,0.9508451263822301,0.665311504232202
-123.03008647208465,-100.49574012146121,1.4984037759955013,363,332,395,912,0.36403508771929827,0.6884640133839683,0.47392394754333766,0.9114884765711843,0.6217679895305475
-115.73829683093979,-100.90770111360928,1.4937607793305794,393,289,463,912,0.3168859649122807,0.6991167362743129,0.4386600706077598,0.9418309981898255,0.6586704193156662
-135.14365526574662,-101.80864727550762,1.4731250814621695,293,323,428,912,0.3541666666666667,0.6836636973429633,0.4550929449859738,0.9410236399273854,0.6808448039921441
-105.36271117580851,-101.89977711910508,1.4711363286390562,337,298,433,912,0.3267543859649123,0.6882038045847187,0.4482112105818325,0.9362240506931876,0.6635186162980266
-137.53590770028757,-102.79068038363464,1.443798704939588,320,348,357,912,0.3815789473684211,0.6687757528942453,0.43703644751133786,0.9269562981981183,0.6386597141825238
-126.06082393916844,-103.35824486059889,1.4207051397981811,334,304,452,912,0.3333333333333333,0.6846311541159816,0.46107414217612913,0.9448303746588139,0.6617881257443615
-115.27517723478356,-103.64198134569853,1.407608890126683,363,304,399,912,0.3333333333333333,0.655561301308209,0.4586781476192361,0.9356242046237347,0.6481512684267743
-82.92993134747455,-103.16030576434449,1.3847488244109918,390,252,497,912,0.27631578947368424,0.6801598949054776,0.4207580222918117,0.9140857095858603,0.6546883161466708
-120.05313237654849,-103.54423364189456,1.45910757533803,362,312,424,912,0.34210526315789475,0.7059654751452552,0.44677291770506156,0.9276572420814103,0.6500182743162564
-105.43483385947218,-103.58624698006295,1.435366043666387,390,278,484,912,0.3048245614035088,0.6860627376185774,0.46188991985844946,0.9398292828985594,0.6448253663083431
-95.67809738581893,-103.4143306845359,1.4720127207328324,380,289,451,912,0.3168859649122807,0.6599444269437469,0.45530176448721943,0.9348853552212493,0.6711485409969051
-123.21101226280346,-103.83553667556288,1.5480738345811738,318,333,428,912,0.3651315789473684,0.6769837415093617,0.4272254505574347,0.9379937898615275,0.6623589576516385
-118.68062368280405,-104.14480932154709,1.607039886349673,330,317,465,912,0.3475877192982456,0.663617085598277,0.46971425577710013,0.9399557981879326,0.6667997275210525
-78.47336343159957,-103.62090226256858,1.5821942615712343,447,253,466,912,0.2774122807017544,0.6855415848264025,0.4437508255799091,0.9340035069252696,0.6787022073537243
-124.46373158978929,-104.03775884911298,1.626185929571856,367,303,448,912,0.33223684210526316,0.7181199632037297,0.4520461594951745,0.9314024322316317,0.6613870074545852
-125.67967795769614,-104.46211020418323,1.6373579618050471,360,311,420,912,0.34100877192982454,0.7011158811584686,0.44797493206856137,0.9448055097885755,0.6446473758740384
-103.75975454494925,-104.44860336458258,1.622952151017799,354,302,447,912,0.33114035087719296,0.6919610256783035,0.4476908297099356,0.9437521775367962,0.6388295312717848
-84.04244050980422,-104.06358142392638,1.614145448932786,474,243,503,912,0.26644736842105265,0.7183707535415624,0.42750941622352207,0.9500507696816968,0.6823529283885233
-67.61572174233959,-103.38862105945255,1.6016015835574744,419,250,507,912,0.2741228070175439,0.6965113910193492,0.43851675356264475,0.9147744452887663,0.6483763613273527
-78.04972359982325,-102.92791383291384,1.6015618464410435,432,249,507,912,0.2730263157894737,0.661348625916445,0.4507203615440786,0.9293164412952581,0.6878835192267224
-118.4984694994239,-103.2059594698158,1.6270145885746448,390,297,424,912,0.3256578947368421,0.7350831380229953,0.43484605773080964,0.9338353711311616,0.6276501599366228
-117.55470243498596,-103.4576918025381,1.6172380323405244,321,300,421,912,0.32894736842105265,0.6505765992738933,0.4420859069813369,0.9427935863755633,0.656696259777374
-74.23116137697734,-102.95378610554566,1.5947966004423333,415,279,465,912,0.3059210526315789,0.7027095723076707,0.44372299942519716,0.9155780544674165,0.642677085407786
-95.43279125106726,-102.8263116164867,1.6100630684276673,407,295,463,912,0.32346491228070173,0.664347083656651,0.4312661789775537,0.928962281309524,0.6662399588362331
-58.789953558041816,-102.09237231551262,1.593420451522313,412,232,500,912,0.2543859649122807,0.6670555825825141,0.43262134992620727,0.9161587480378186,0.672622588349365
-146.93871890157345,-102.82755832512017,1.5855428243766898,304,334,379,912,0.36622807017543857,0.6886803899322453,0.4548206737406825,0.9032092873024126,0.6244431985632642
-82.37252768612036,-102.49763847610404,1.5660832821432666,454,270,497,912,0.29605263157894735,0.6681919321786238,0.44307300047115483,0.9459057978491506,0.6901636820457583
-95.9928475940595,-102.39438782718271,1.5869058850123756,438,274,484,912,0.30043859649122806,0.6865416598323528,0.4349063301208626,0.9386045930521242,0.6454967185743942
-68.12389828323275,-101.85891142805849,1.5698362806925257,462,256,523,912,0.2807017543859649,0.6525275953572156,0.43298645138770037,0.9222307831460984,0.673704198058438
-109.28539824664547,-101.97316507142138,1.5560819901270797,369,307,452,912,0.3366228070175439,0.6756884679858361,0.4206620615487342,0.9502915521924432,0.6493200922828758
-102.79206166925567,-101.98557259563098,1.5522221578239177,410,294,454,912,0.3223684210526316,0.6613055691977144,0.4036932297164078,0.9344359095944985,0.655112566544843
-87.63967720638779,-101.77145475400049,1.6012012684236252,395,277,461,912,0.30372807017543857,0.6904273025618518,0.43417180999086,0.9400263275649823,0.6461822604446008
-48.57996544439815,-100.98922697003574,1.5842960595499547,475,228,531,912,0.25,0.6598962056107267,0.43162707243324394,0.9199427568677185,0.6491795416206518
-128.69067470882183,-101.3906972271196,1.6027056729638673,352,323,411,912,0.3541666666666667,0.6529579408764791,0.44671828622320103,0.9240922839879984,0.6551271513643416
-103.44473933966486,-101.42004068587025,1.5951181776263912,408,293,456,912,0.32127192982456143,0.694954539282246,0.4467673014643896,0.9390977067184559,0.6900300262073481
-96.61902485906049,-101.35242074464757,1.5825321111142812,385,279,497,912,0.3059210526315789,0.671097210974354,0.4229788304133006,0.9235107074960002,0.6401249219745363
-57.34461607857146,-100.7412012353965,1.5693129151267264,451,258,509,912,0.28289473684210525,0.6628336155675352,0.43744091158453186,0.9325147360135411,0.6516634358334167
-81.50882449961823,-100.4777440198379,1.5615231363785331,400,239,479,912,0.26206140350877194,0.7213170825996413,0.43984044431758795,0.9419795104580366,0.6422535644940641
-73.42883760549581,-100.11221825748193,1.5634888351540321,397,252,516,912,0.27631578947368424,0.6889515280910368,0.4307609579673638,0.9231005768863696,0.6591068258567612
-88.93844587404304,-99.96323462570274,1.5761027699910495,407,274,467,912,0.30043859649122806,0.6752376028363705,0.4274588210369778,0.9288998583841775,0.6598834357527035
-86.62950565798505,-99.78779082349592,1.5715558326430814,376,270,441,912,0.29605263157894735,0.6818082097160889,0.44097811923986696,0.9395173234298211,0.6330582907840501
-82.29197373833793,-99.56057241979258,1.5591826990225166,340,318,397,912,0.34868421052631576,0.69567887911517,0.44709001589474007,0.9010951437763173,0.6143182770698522
-78.3120512054162,-99.28815548114673,1.5550795389841379,435,269,473,912,0.2949561403508772,0.6775989382981505,0.4530263393554175,0.9161465040284651,0.6349603587971598
-91.25397407584418,-99.18645698234543,1.5514522080647433,395,265,521,912,0.2905701754385965,0.6837106831247458,0.4442681244853794,0.9558166031652621,0.6629655339635113
-73.48935667393776,-98.86524322849034,1.5406848598489895,417,276,443,912,0.3026315789473684,0.6807522984696189,0.4417547625726751,0.8992621284466781,0.6556778712971693
-65.449690453646,-98.45270553991202,1.5240841401043828,449,245,548,912,0.26864035087719296,0.6476992823680635,0.4600578414692669,0.9406264075632134,0.6729538826479318
-111.87371216621023,-98.61637635242785,1.5308420821974964,356,292,443,912,0.3201754385964912,0.71220816886702,0.4319979626260906,0.9540538886168896,0.6671616338672494
-70.08072406581014,-98.27257331283006,1.5195822068142022,453,262,470,912,0.28728070175438597,0.6419445068150189,0.44423817875689675,0.9279162587633905,0.6581418958872244
-122.75606243779701,-98.56404342146061,1.537346000330376,385,308,438,912,0.33771929824561403,0.710450844255914,0.4263493189032514,0.9436149170447973,0.6553533897877372
-69.33052299325772,-98.22011965171704,1.5209817425943664,423,263,490,912,0.2883771929824561,0.6282630863670812,0.4309043006045693,0.9177317669697319,0.6200175210528175
-118.52073589248818,-98.45617332893532,1.5215299760215262,363,294,415,912,0.3223684210526316,0.7277790146196168,0.44382415835207706,0.922613357477223,0.633382570693528
-99.89457753661316,-98.47270671063278,1.5304243229125576,402,284,504,912,0.31140350877192985,0.6931345641580028,0.4377005350366066,0.9288053107511508,0.6712631053854188
-85.35139019073692,-98.32360084108846,1.5244231115453446,409,257,499,912,0.2817982456140351,0.6942052210510515,0.45284715746708937,0.9381481522879306,0.6449073678177676
-89.08749810528744,-98.21982440585475,1.50981633486489,426,249,504,912,0.2730263157894737,0.6689938652822507,0.44260719999860826,0.9413614477079651,0.6631678768062287
-96.40021550169396,-98.19960652914185,1.5073212309240147,423,259,496,912,0.28399122807017546,0.6591547300031784,0.4270631090973314,0.9309562112470778,0.6682728298389037
-105.89294956416572,-98.28414876029595,1.5104542907065381,373,312,416,912,0.34210526315789475,0.6404957394797389,0.4414780363953362,0.923580274814066,0.6357597218616339
-73.79410867471,-98.01795267240915,1.506887829432314,403,253,525,912,0.2774122807017544,0.6829957442847618,0.42112337298952307,0.9430493484485694,0.6641838523429134
-62.74663649895913,-97.63869120817851,1.492638053476134,452,237,512,912,0.2598684210526316,0.6489821323241807,0.4131932279173829,0.9404892651897137,0.6887554011619687
-66.94534803958653,-97.31216628085306,1.4792253560406745,439,270,450,912,0.29605263157894735,0.6578378041775889,0.4425680716153401,0.906397212299123,0.6702027495447501
-98.89712612143238,-97.32885006864863,1.4663198209444324,397,291,418,912,0.3190789473684211,0.6904360855537423,0.4581323441177265,0.9358975390847952,0.6566332780495543
-102.0385624097896,-97.37790957220221,1.452953771002398,395,287,475,912,0.31469298245614036,0.6621632187565596,0.41747920691462864,0.9417164337199987,0.6549057274232993
-63.61486875403334,-97.02983698644789,1.4417435914436079,425,260,490,912,0.2850877192982456,0.6224591334493943,0.44442140857999923,0.9461482845603276,0.6684855692996615
-81.72187721744193,-96.8736333153356,1.4343446745435688,423,255,501,912,0.27960526315789475,0.6727881573337715,0.4252047501881672,0.9447647657911976,0.6503495340532744
-104.23534491977128,-96.94799403861272,1.4289889341140265,421,279,464,912,0.3059210526315789,0.6848613500509658,0.4412861426890586,0.9465507368121903,0.6650373939903048
-99.69201504478245,-96.9754342486744,1.4197805430976018,405,276,464,912,0.3026315789473684,0.7257579893545332,0.4418722666579662,0.9142830921742635,0.6379596783725576
-118.3368079579134,-97.49086775829963,1.4079129836637276,366,313,430,912,0.3432017543859649,0.695165633491244,0.41787040369950645,0.9316556128997072,0.6654956055528036
-60.40872904745025,-97.157084938726,1.386388065498883,484,228,552,912,0.25,0.6547451982593745,0.42254756657801407,0.9528903214408696,0.6522994092704764
-116.41323189666225,-97.59472389919561,1.4366432551573465,368,314,440,912,0.3442982456140351,0.6961405544066511,0.4391994638986122,0.8948846114302259,0.662066660875215
-57.967494806963856,-97.64811319680348,1.432748212853386,440,253,514,912,0.2774122807017544,0.6322806575146671,0.44979387501790385,0.9246877977086226,0.6538775736500296
-83.91076310323017,-97.75926021688629,1.4365177096985298,420,253,480,912,0.2774122807017544,0.6849794263768966,0.4399497529847318,0.9448256727465939,0.6407375302899191
-77.92583875543691,-97.47356070265714,1.436278135778652,414,256,493,912,0.2807017543859649,0.6529477271144647,0.44303565097137193,0.918958741759533,0.6697922650581427
-70.55674649825256,-97.4098680068205,1.4234097166313415,420,249,505,912,0.2730263157894737,0.6625403216714295,0.4424022326536217,0.9138301695231076,0.6537435169404553
-84.12408411698806,-97.12102405838306,1.4602314956568072,432,257,511,912,0.2817982456140351,0.6841882583364284,0.42788613608783616,0.9508531027130688,0.6788535841090719
-78.1247390622122,-96.60896406073263,1.4583609829593778,457,251,500,912,0.27521929824561403,0.7045072165889217,0.45780009778861497,0.9454764595366228,0.65595334667718
-106.60283732203229,-96.54459535789037,1.446090031457887,345,296,400,912,0.32456140350877194,0.6551406754707828,0.4523766786396684,0.902722165443817,0.6652318895717896
-102.01573995210003,-96.30588586890008,1.438892921432172,380,278,454,912,0.3048245614035088,0.6806022578709793,0.4433105018323628,0.9263271162308652,0.634157271555453
-60.22146041067094,-95.65199918546757,1.4476872622944916,447,247,481,912,0.2708333333333333,0.6589338269760388,0.45533141787985437,0.9258897441053242,0.6592039450609912
-127.58402742070184,-95.81407140211249,1.455617574716665,337,302,462,912,0.33114035087719296,0.6574806676080102,0.430939485996655,0.8896689838779196,0.6533352858895579
-88.76485777745033,-95.39613660383425,1.4611358551479716,448,243,519,912,0.26644736842105265,0.7114020995856021,0.44089114960770687,0.9562867995284012,0.6714005489998386
-102.11096820087488,-95.37800045361254,1.4512267361605868,432,280,462,912,0.30701754385964913,0.6979168079801079,0.43825031131087866,0.9382078560717176,0.6591047039754855
-94.69708114392634,-95.3950520855028,1.433930754012877,340,304,475,912,0.3333333333333333,0.6107195866729032,0.4439657830270602,0.9418225489805528,0.64824361324414
-62.23165217790045,-95.21238809917287,1.424635770975223,422,255,511,912,0.27960526315789475,0.6303590953923248,0.44475162776000726,0.9328239651975991,0.6573896069030453
-62.22093201419899,-95.08739536714005,1.4226966462725432,502,216,548,912,0.23684210526315788,0.6723762404523369,0.44231866292782146,0.9365664450956368,0.6531051791040646
-83.846743662267,-94.92382787075681,1.43431749139545,420,263,463,912,0.2883771929824561,0.6331585419334717,0.42620798536685334,0.9345745428947244,0.6588896773704502
-70.63425798180354,-94.3300909953949,1.4326953016414707,450,243,498,912,0.26644736842105265,0.6555483861148148,0.41929987828212945,0.9438240968804962,0.6394651942465521
-137.11590764048796,-94.4622204679562,1.4851193181065685,341,331,422,912,0.36293859649122806,0.6787470017931474,0.4342835730081548,0.9340596996185734,0.6437498739867967
-86.8132901090083,-94.22821263295667,1.464284880564455,372,279,494,912,0.3059210526315789,0.6341390127194397,0.4645804522878836,0.9547775517239461,0.6733359672880379
-69.69349806384909,-94.13283568218836,1.4530998222122387,429,239,566,912,0.26206140350877194,0.6919706866710782,0.4434499240171382,0.9550814577771619,0.6760999493801125
-76.4084690210424,-94.14857174859075,1.4601213660083667,408,278,513,912,0.3048245614035088,0.6712266038780031,0.4458663250977097,0.9097967874599058,0.6397192070508683
-123.38122912453483,-94.75595731584266,1.4615655770089953,357,292,488,912,0.3201754385964912,0.6693963062243727,0.4231188411571229,0.9556140377226573,0.6619340623487574
-74.69193261218838,-94.55411208758127,1.423866905794551,440,249,516,912,0.2730263157894737,0.6916531665717116,0.4734873940701786,0.9357014359992052,0.6475511948719902
-134.87677460963704,-94.8900785431723,1.4782803682929115,328,328,437,912,0.35964912280701755,0.6692514410492345,0.42135869057640746,0.9361490130231589,0.6602126560242871
-99.91777973988232,-94.99160488609297,1.4700058335858237,416,275,480,912,0.30153508771929827,0.6830454549262923,0.421965506061987,0.9359393786618474,0.6638282794216787
-83.1829927065549,-95.32993542876264,1.4724657540781907,388,270,450,912,0.29605263157894735,0.6950561434571576,0.45489068261297483,0.8996980890761059,0.6270423316496601
-94.64170890832436,-95.10342950562463,1.4450412828000034,383,292,468,912,0.3201754385964912,0.6488739509262026,0.4380302347769942,0.939571549796371,0.6451454866949803
-113.08030113842965,-95.25216557580887,1.4519438593678569,368,283,451,912,0.31030701754385964,0.7118098744796804,0.4356438116206584,0.8943783266568968,0.6564675435002473
-85.18456872154509,-94.80301866727989,1.4379853119895747,393,282,442,912,0.3092105263157895,0.7020670200155927,0.42001570842189145,0.9163905104679605,0.6653395359001525
-69.96915860220312,-94.1997271049396,1.4309371573608058,416,248,472,912,0.2719298245614035,0.6897986053053841,0.4282655039585751,0.9295457782898793,0.6556865801893106
-83.69754684114652,-93.76980039329243,1.3920160620143114,425,266,457,912,0.2916666666666667,0.7237225377867273,0.4247385415557874,0.9430664587329946,0.6442260182526891
-76.39711989731936,-93.20478138012113,1.401463152412357,446,252,493,912,0.27631578947368424,0.6404397136849013,0.436270315515212,0.9449645256066912,0.6327498064180146
-98.72505774746342,-92.96173109287491,1.406445858737517,384,304,449,912,0.3333333333333333,0.6469727242315159,0.446046151157985,0.9398440230621178,0.6507183335137915
-72.63029164780114,-92.53065104104353,1.3950714717109478,414,246,503,912,0.26973684210526316,0.6280552463857384,0.4590523805794369,0.9423791192080574,0.6460103155098428
-86.45236106557758,-92.04373809904182,1.4043325526197163,427,279,522,912,0.3059210526315789,0.6469992329541332,0.4417671934660847,0.9324789038035334,0.6527448582797696
-78.57512654342511,-91.775862252718,1.3970629424917556,414,285,444,912,0.3125,0.6339733227838799,0.4317383952297138,0.8949878082630742,0.6439752825821166
-56.3720040343467,-90.96422321605858,1.398201333344215,451,265,469,912,0.2905701754385965,0.6636301365830627,0.44714392222973104,0.9366167715565092,0.6592848531135098
-90.81158886544497,-90.61173086532133,1.3955797811526136,373,298,441,912,0.3267543859649123,0.6697820122414577,0.4376445444638816,0.9373448227331309,0.6317608509407507
-101.33541460594114,-90.4723332390329,1.390699624567226,419,284,501,912,0.31140350877192985,0.6340382968630944,0.4293210842348911,0.9421596895805058,0.6510347994727183
-124.82337135458742,-90.89126763910404,1.4000467185507737,333,329,385,912,0.3607456140350877,0.7166701586372183,0.4219547414646512,0.9082098994744126,0.6599113602084595
-91.45382952005622,-90.60527461053911,1.3569031143282653,431,288,438,912,0.3157894736842105,0.6475511275104753,0.474130979131367,0.9278449286296336,0.6571863194282789
-66.04669333278987,-90.21139320527229,1.3541406496302943,417,258,477,912,0.28289473684210525,0.6488580362823704,0.4279532282954047,0.9253960630348675,0.65827512755054
-93.68301398224853,-90.1914423712366,1.3431749891125921,408,277,447,912,0.30372807017543857,0.6618360977040412,0.45336169362996864,0.9364059651858595,0.6395954312968525
-127.04382586068297,-90.22977050721539,1.2976931380431527,310,347,376,912,0.38048245614035087,0.64669527767822,0.46694710433365844,0.9015603782168222,0.6496122901427944
-66.62582527184203,-89.70922252310577,1.2665491444722277,431,249,508,912,0.2730263157894737,0.668176369799886,0.4380211033146885,0.9272446181321836,0.6634927363579196
-55.901785497168916,-89.48350674376147,1.2647029190147265,453,236,556,912,0.25877192982456143,0.6562021978556924,0.4407505659429835,0.949311272499778,0.664878874868877
-91.71707821339811,-89.15604020999756,1.228319059452838,414,272,484,912,0.2982456140350877,0.679323355098424,0.4256853683212151,0.9344884393708339,0.6664213017724313
-65.89699289166856,-88.55821335933726,1.2095447677270643,444,250,509,912,0.2741228070175439,0.6544125790569801,0.4550285190653702,0.926068841981817,0.667644857728237
-47.533282267246534,-87.99594863656024,1.2030020561505872,427,236,507,912,0.25877192982456143,0.6298986721099595,0.43790429600833897,0.9270421873041322,0.6564814554896278
-103.1752227364805,-88.18727645882701,1.1932002819211944,345,294,412,912,0.3223684210526316,0.7229383861519081,0.4522143272153571,0.9074584825754827,0.6601272741274093
-73.06519069344493,-88.24177114833809,1.1892486459418248,417,266,478,912,0.2916666666666667,0.6719153502554877,0.4321394720809527,0.9083476644484847,0.6456575724636268
-87.36738401602992,-88.33494775250014,1.1753620601023917,360,287,462,912,0.31469298245614036,0.617158605722848,0.4241711161776641,0.943127313417874,0.6458198032232129
-102.12944627916544,-88.17125752029757,1.1471366582435956,351,320,429,912,0.3508771929824561,0.6335305353417741,0.44496803633474175,0.9107402160594104,0.6499887749105842
-84.27718011574923,-87.83848229710519,1.1608735629632276,444,248,496,912,0.2719298245614035,0.6980576353820057,0.4319647441554275,0.9456467855495072,0.6620995778094847
-80.90571206471833,-87.90522780398258,1.170283143497102,420,282,458,912,0.3092105263157895,0.6829692122194256,0.43846082481746296,0.9326105003552884,0.5977106655604724
-74.37218678925073,-87.69462175936442,1.1528253402898379,424,246,508,912,0.26973684210526316,0.6878774699844692,0.4479963205236658,0.9359150555424613,0.6733457531676512
-42.40619530308044,-87.53078417681479,1.1498452480624664,445,239,512,912,0.26206140350877194,0.6627551423056077,0.43008413077684177,0.9359149660466684,0.6530620016778976
-64.65629135088957,-86.70795990130797,1.1423114334279885,451,241,504,912,0.2642543859649123,0.7039891869389246,0.44771950639918545,0.9222072041117291,0.677698259021874
-112.12344997797506,-87.00546912422651,1.14175401688687,368,316,463,912,0.34649122807017546,0.6488145502906917,0.44235846825447994,0.9299402347764119,0.6786309745982995
-41.18211127160879,-86.45736176100199,1.116178377890869,458,241,520,912,0.2642543859649123,0.6377268424219619,0.44064136309240803,0.912254213872485,0.6519607063258159
-90.2375365098512,-86.67849814326817,1.1169837208185631,437,278,496,912,0.3048245614035088,0.6944249460373084,0.4502857255679266,0.9283764443128574,0.6652876516045797
-98.34207879475493,-86.56906494874927,1.1116423333554766,424,272,467,912,0.2982456140350877,0.670059311444134,0.4505287248999031,0.9386344630113191,0.6800984654415015
-95.15330389572917,-86.49267737101401,1.1012407350388518,405,294,426,912,0.3223684210526316,0.6885072672292141,0.4311275580271911,0.9249083924472986,0.6509674334896107
-79.9358312283236,-86.41563891123339,1.0579770503308528,422,281,492,912,0.3081140350877193,0.6948484758543069,0.4305054738243355,0.9272865174695527,0.640447753139375
-96.92511621710652,-86.89909041896045,1.0556553873243952,387,291,486,912,0.3190789473684211,0.7111695724695714,0.4370235234496625,0.9302068504521026,0.63000849537188
-131.86298741006,-86.93081354597287,1.1091435051520735,323,336,440,912,0.3684210526315789,0.6936505728836551,0.44566085687071794,0.9420473837439456,0.6698635825863141
-118.58477916474084,-87.08221394422364,1.1060243365914917,386,319,417,912,0.34978070175438597,0.6833121529392816,0.4394361632624928,0.9487434865416581,0.6490157014133744
-92.06097638764284,-87.03663345950945,1.1116981264034416,416,281,479,912,0.3081140350877193,0.712438970702954,0.45573905557881794,0.9427337509910892,0.6566693209389861
-75.03656844835704,-87.21355298320731,1.1107290831017798,407,244,509,912,0.2675438596491228,0.6816257679882227,0.44312900943100797,0.9325730817933274,0.6494394487828794
-83.27512141460672,-87.2312159523572,1.1072124701147865,419,264,451,912,0.2894736842105263,0.6789498294689431,0.44199587025247394,0.9384095020852592,0.6418830957472245
-55.1661646469845,-87.04858922277208,1.093924453884743,425,242,488,912,0.26535087719298245,0.6922297716657189,0.4620002970799041,0.9005636890747514,0.6592195397099337
-95.70554434559864,-87.11626020748761,1.083507688294616,395,283,497,912,0.31030701754385964,0.7177964944843201,0.45139842492379795,0.9401232310224655,0.6706804620045236
-86.44513210198082,-87.11441647192758,1.0750988703328739,384,275,440,912,0.30153508771929827,0.657873138750554,0.4277991176264079,0.9176151246752574,0.6419004994225336
-125.79187720367644,-87.54941550658096,1.152841647736269,398,308,460,912,0.33771929824561403,0.6928959275470252,0.4476658718803457,0.9425787291967841,0.6751289394074015
-93.58582333747276,-87.70215322790153,1.14456016489101,403,263,485,912,0.2883771929824561,0.7214238361097548,0.44695454166729764,0.9233544943416829,0.6588937043056964
-90.49584301194272,-87.69457191726251,1.1381808832628248,395,297,478,912,0.3256578947368421,0.6938566730497768,0.4245437250446824,0.9362773733672181,0.64466639837098
-59.54202319755817,-87.5550985824987,1.1345961242265634,432,252,461,912,0.27631578947368424,0.6554581463840925,0.4294640496663734,0.9301886470479269,0.6373486021043511
-99.09328879392386,-87.8915345659015,1.1421946942104113,367,305,449,912,0.3344298245614035,0.6569289161507507,0.4639120141271486,0.919318854363672,0.6608508807854144
-46.1668406887619,-87.23446585112701,1.126604297718451,382,228,558,912,0.25,0.6321270706800449,0.455563789051593,0.9430688418136345,0.6350446578180978
-49.584937703614436,-87.02950798750506,1.1263854920990075,442,229,552,912,0.25109649122807015,0.6534946686121693,0.4319787986847049,0.9497953618067859,0.6405159828475001
-53.19069582207357,-86.33385432134781,1.1096413771585956,465,233,552,912,0.25548245614035087,0.6442067492055774,0.4225939406631597,0.9391520029347379,0.6518899299926525
-95.47301147685185,-86.59527920618376,1.123682541320371,400,286,461,912,0.31359649122807015,0.6656380228464159,0.4397250421604465,0.9175903294911367,0.6594575027208228
-57.308606936170385,-85.98315791662058,1.1104169777772404,468,255,490,912,0.27960526315789475,0.64390840908916,0.45719697784088176,0.9279951368928341,0.6491860998224164
-65.43902203120282,-85.6386023615665,1.0925883391411122,375,266,508,912,0.2916666666666667,0.6344760645055002,0.43397202520752043,0.9470077586112954,0.6340215336080562
-107.75190751727244,-85.86260753483185,1.1060477896848375,359,306,443,912,0.3355263157894737,0.6688073112277932,0.43414471821066886,0.9409377958892682,0.6833214003712271
-66.42291646625132,-85.63596171844148,1.1117413897684347,414,249,503,912,0.2730263157894737,0.7117331627618004,0.43075245841076193,0.9271183261452246,0.6401164727825575
-92.51079099756599,-85.59706747340022,1.1025022803653488,382,302,414,912,0.33114035087719296,0.6475518004271941,0.41153392269633887,0.9239962254568516,0.645475652080861
-110.21796299595475,-85.64031760771812,1.0911595827489506,338,296,433,912,0.32456140350877194,0.6828566580510336,0.40290854051952557,0.922417586911525,0.6557811896682821
-83.1816086563207,-85.73419260753423,1.082806991901606,438,291,445,912,0.3190789473684211,0.6865015848458326,0.45482242310259274,0.9256402415809095,0.6632215516179082
-42.39994328468672,-85.5307256753915,1.0851844117550438,495,212,554,912,0.2324561403508772,0.6580869627244166,0.44139468085187133,0.9477672397659673,0.6715937806947458
-92.19917551462844,-85.7832639501419,1.0914086197387407,361,280,482,912,0.30701754385964913,0.6841597490712881,0.44680780712222995,0.9539661166679573,0.6441780598851355
-66.8632556036947,-85.46292524496452,1.09053820688011,416,260,515,912,0.2850877192982456,0.6722622747371317,0.44067873151561837,0.9463763584394774,0.6902018143047438
-63.9227734786053,-85.08176735565269,1.0901838878402421,447,246,517,912,0.26973684210526316,0.673055449076252,0.4688261679697816,0.9190307590989958,0.6524185145449196
-80.03055498100775,-85.24592421792242,1.0976505244325077,384,281,488,912,0.3081140350877193,0.6859143090569537,0.4323248802858587,0.9353207653460713,0.6346255243471656
-128.906330248189,-85.71776874822989,1.1031226783255226,337,326,407,912,0.3574561403508772,0.681169368610872,0.4636608429165363,0.923908398690434,0.6413980081093008
-82.8694739808988,-85.50411003884113,1.0952831203476934,377,248,494,912,0.2719298245614035,0.7141845350641562,0.42083102977429016,0.9401292586474107,0.6631204082251384
-81.75637133903263,-85.32475360178363,1.1016334060903987,378,271,491,912,0.29714912280701755,0.659129837383398,0.4340298424155426,0.932224805029286,0.6393585108069112
-76.59492980773773,-84.90733482028189,1.0966978305892425,462,253,494,912,0.2774122807017544,0.6542803681652462,0.4484449620473206,0.9408529980544714,0.6628540868748948
-71.58179684288294,-85.01906549823622,1.094263248804044,426,265,499,912,0.2905701754385965,0.6852795892169858,0.44099289555451,0.9238910115574851,0.6473351060547122
-36.48252707743982,-84.21975845004401,1.0411046648232567,456,218,552,912,0.23903508771929824,0.65232063758174,0.43945524192522045,0.9344059587415939,0.6622856777578073
-82.46804715770813,-84.46476397355146,1.0449069921710663,394,262,487,912,0.28728070175438597,0.6264336936045422,0.4243168461285841,0.9608821257220247,0.6648647948879082
-60.86319786629634,-84.23428832118212,1.0558752412143482,413,235,506,912,0.2576754385964912,0.6785684014544107,0.4375896748163793,0.9097116543245044,0.6409307184855527
-93.12579782483157,-84.38628791187607,1.0691853167122642,389,295,414,912,0.32346491228070173,0.7037800245714373,0.44163779704663964,0.9107291085797505,0.647730948009322
-57.09213899095532,-84.25164183680309,1.070961527421147,441,244,519,912,0.2675438596491228,0.714819310411708,0.44085237806697164,0.9288504609968755,0.6411789573704326
-54.33032370984476,-83.95370423273165,1.0344516607974354,464,237,516,912,0.2598684210526316,0.6974403003488574,0.459591982739149,0.9379422936684109,0.6310656741409304
-102.79171628107689,-84.2003740049203,1.0169177705802772,370,295,465,912,0.32346491228070173,0.6758844517225081,0.44849056189124287,0.940803904436061,0.668776263680731
-74.90346195520206,-83.883380251252,1.0187516247513857,403,273,453,912,0.2993421052631579,0.6775764768331439,0.4491813471322694,0.9336534682330063,0.6429527806910117
-71.05348724988244,-83.57375772422982,1.0058407681041919,409,273,466,912,0.2993421052631579,0.6817420356953743,0.4416102879593553,0.9060517407928158,0.6330912958616776
-79.86605500532661,-83.77020367017639,0.9947864320898087,389,274,472,912,0.30043859649122806,0.6780449199205731,0.4059406694091047,0.9248240442176439,0.6495562346359176
-72.51610914737171,-83.21952448744307,0.9946465889931981,439,252,480,912,0.27631578947368424,0.6868261426421968,0.42795719237292423,0.9466894747704148,0.6561628539227967
-93.75831402814244,-83.26945904994999,0.9779514268559492,375,307,423,912,0.3366228070175439,0.6945407824292449,0.4606784834510344,0.9036340538310954,0.6174370627912338
-47.61499432741472,-82.72449931121538,0.9646515946571463,476,227,522,912,0.24890350877192982,0.6508951109236237,0.4330812605338589,0.9327379824192157,0.6429451988884297
-31.12223870566656,-82.0887508868328,0.9684057975606053,532,223,559,912,0.24451754385964913,0.6319041259688781,0.45810399326585777,0.9484644519204773,0.6761955401420304
-90.01868965167569,-82.36662126157054,0.9776430415980178,378,272,435,912,0.2982456140350877,0.6851237257480928,0.4438972214965839,0.9345998212575424,0.6327842026370961
-78.93045253017387,-82.53371646673031,0.9823743374225132,445,276,492,912,0.3026315789473684,0.6291487712936616,0.4485875225427794,0.9392473118500387,0.6247447819854671
-59.577136723946715,-82.2910203973471,0.9724966162055807,424,234,549,912,0.2565789473684211,0.6899115650526213,0.4350076505952964,0.9290088697080381,0.6475790104083998
-59.17661386096148,-82.17644395613868,0.9784957774624979,441,234,465,912,0.2565789473684211,0.6149283118306472,0.43594475077070904,0.936842236621608,0.6563560306642048
-63.1296744644665,-81.43658162437848,0.9239622362090213,409,265,441,912,0.2905701754385965,0.6548600876547979,0.4395157764831241,0.9102087657746359,0.5999571250571871
-96.60601583657693,-81.53450888165416,0.9244063405263767,405,279,456,912,0.3059210526315789,0.6694399753706278,0.44929529364874016,0.9337973191685266,0.6539582316088314
-90.73920932739499,-81.7449659942896,0.9527631484132685,427,259,492,912,0.28399122807017546,0.681437979374578,0.432162415555847,0.943301917492391,0.6701163789832605
-45.633226040672454,-81.43721356448592,0.9453998649566693,448,257,496,912,0.2817982456140351,0.6860463290818847,0.42894553047416695,0.9197803626013527,0.6439387345558716
-104.46319165210201,-81.24803318976159,0.9410008932172204,390,310,407,912,0.3399122807017544,0.7102374098997938,0.44022819107089556,0.9106305719842221,0.6147360344191801
-46.34587749940001,-80.96457263863368,0.9461355635886801,486,221,543,912,0.24232456140350878,0.6455799190424779,0.4204610340704523,0.9307233844555953,0.6479690138830345
-68.36024757178814,-80.2994073682552,0.8887407259468396,462,255,486,912,0.27960526315789475,0.6742429853487724,0.46016210824946346,0.9208114648818079,0.6420184798028513
-91.10461152237984,-80.21127568608019,0.883634374486045,366,291,409,912,0.3190789473684211,0.6474563665825825,0.4285943196345949,0.9274389758903245,0.6506605197563314
-56.18660471123741,-79.94131180612699,0.882929191066222,428,252,505,912,0.27631578947368424,0.6198551249557461,0.4212352633459523,0.9406081115209265,0.6489306844870618
-62.49492904167114,-79.61984400746047,0.8846555724554136,450,235,490,912,0.2576754385964912,0.6908309001674402,0.4195576316859651,0.9259522565272927,0.6668428956085596
-98.98284606505604,-79.47886945672673,0.8804545085002033,396,320,410,912,0.3508771929824561,0.7293223040654547,0.42635753959039047,0.8924129603476545,0.6333396072445084
-54.34073250268702,-79.17043109453816,0.8840166552377768,472,233,533,912,0.25548245614035087,0.6651424620112466,0.41760382695433795,0.9365458800810492,0.6637450828935955
-74.19835258091133,-79.21272303432524,0.8823099578715743,410,286,439,912,0.31359649122807015,0.6239715828296151,0.4511658814317451,0.9161132822123124,0.6510056816829152
-114.21921836601328,-79.51793974957391,0.8958409123771621,338,332,383,912,0.36403508771929827,0.7275719201211023,0.43652239266103615,0.9364598979838993,0.6294580572306284
-88.39881525595843,-79.63795670316031,0.8934767459355974,407,265,503,912,0.2905701754385965,0.7038927366627017,0.4621906763544461,0.9456119412508093,0.670736458781538
-71.82205831610466,-79.36892670884671,0.8868116532848537,389,286,464,912,0.31359649122807015,0.667403778487173,0.443284134080393,0.9152140275625857,0.6195057925726513
-70.27880665926654,-79.34541185896137,0.8885860373271002,434,264,490,912,0.2894736842105263,0.6809978952788022,0.4541825575747328,0.9144519413054256,0.6465598034158057
-123.11439512389966,-79.7120321995446,0.889859422357318,364,324,404,912,0.35526315789473684,0.716231667042742,0.4284568560628964,0.9169816336831095,0.6420603106753252
-56.92752005736849,-79.49555613468402,0.8886003491197981,463,224,529,912,0.24561403508771928,0.6703115245801258,0.41514164199564213,0.9270515568795474,0.6334694720505407
-94.58538556524877,-79.87768994999304,0.8868430862975913,386,253,498,912,0.2774122807017544,0.6839614835910174,0.45758839867685824,0.9113191349267683,0.637165840005273
-82.12308349077705,-79.79080489624636,0.8866967320124998,387,283,420,912,0.31030701754385964,0.6849138605663602,0.4330290815607729,0.9156423966988546,0.6337489334806075
-72.97445487833727,-79.50719529897032,0.8876674921325417,445,259,486,912,0.28399122807017546,0.6889448676032337,0.4544052902031191,0.9267405445733021,0.636231362149101
-79.30983939622396,-79.05205997938668,0.875444686512402,410,263,495,912,0.2883771929824561,0.6543517671552251,0.45772685133707824,0.9321526106527317,0.627580585559246
-56.34720145703677,-78.7009936987565,0.8740879121877668,451,250,513,912,0.2741228070175439,0.6708311532605737,0.4530426358488397,0.944077994614852,0.6658420660737062
-109.07352841232421,-79.13126204955184,0.874537287632222,367,323,368,912,0.3541666666666667,0.7002735619210384,0.4299984284274908,0.9034976431202959,0.6467502006516354
-57.42833743011957,-78.76871528403053,0.8557375322372855,421,252,474,912,0.27631578947368424,0.6778332397623572,0.41958996106673224,0.9086188548466377,0.6560799918079071
-111.16266319730047,-78.60990365739671,0.8523567518535655,410,294,432,912,0.3223684210526316,0.6771786600963206,0.4394455858818486,0.9437978732417203,0.6903740317551986
-62.91017677628992,-78.57274717244118,0.8523776894562525,420,247,517,912,0.2708333333333333,0.6493016907552119,0.4351751104129236,0.9281788104252148,0.6428457249387346
-117.19555198198788,-79.18568483728939,0.8661323559101299,378,324,421,912,0.35526315789473684,0.7005571168204527,0.42864359997504436,0.9278162899446132,0.6527058140864267
-78.64553267967229,-79.05496938195212,0.8812345458367811,409,268,486,912,0.29385964912280704,0.722400368780834,0.45966445045927296,0.9229151937272491,0.6449993854627977
-56.13557335738309,-78.95735518660926,0.9088941906562746,486,235,534,912,0.2576754385964912,0.7146319077420688,0.43303204196174605,0.9304135860421082,0.6566551808251742
-105.1371486340592,-79.53339385027739,0.9197034646677209,395,293,410,912,0.32127192982456143,0.6982145113471717,0.4381730873182114,0.9053191860899853,0.638881722428884
-81.67349480206713,-79.31837657093327,0.9494236166493241,446,248,503,912,0.2719298245614035,0.6882304161339233,0.4234047220478485,0.9484509651137234,0.6510587297821799
-69.71528236337407,-79.28487748763256,0.9517287067513251,442,247,535,912,0.2708333333333333,0.6742567990222033,0.43530948706510186,0.9358317551436249,0.6514445679111206
-61.84885578471216,-79.02969220531939,0.9646312428126436,455,249,506,912,0.2730263157894737,0.6472444479720758,0.4451820656385227,0.9472643098375725,0.6477070492781184
-76.89917898538981,-78.77738953238163,0.9644898548273833,422,260,486,912,0.2850877192982456,0.6893108884698423,0.43891414176239685,0.9302411494466507,0.6494802760768772
-69.17470789885603,-78.6263648102127,0.9423608092595538,398,286,453,912,0.31359649122807015,0.7024564546219673,0.46155629599864434,0.9043488753716327,0.6225579279200181
-57.28680064249586,-78.39017569599048,0.9418724631606821,476,227,534,912,0.24890350877192982,0.6851353989972735,0.4455921740574928,0.9350931876525693,0.6546685803917698
-99.61031419568451,-78.64255697005483,1.0101890781053038,391,282,482,912,0.3092105263157895,0.6768063906456462,0.4605614498544788,0.9341786408426193,0.680146708228602
-100.29060619228464,-79.22140107894685,1.0364305890496421,391,293,439,912,0.32127192982456143,0.7170992529831379,0.44995392351969,0.9273918669764143,0.6422606876771533
-81.50256604302697,-79.38986382586825,1.037108946696649,373,293,439,912,0.32127192982456143,0.6373461478287235,0.4349875330905626,0.9347388018289674,0.6285077273829719
-86.3504409810591,-79.13213373589907,1.0402912238002364,408,286,447,912,0.31359649122807015,0.6571317434551517,0.4197812982395265,0.9231084560057043,0.6578293805985339
-83.3361282666599,-79.55367390584959,1.0595877064220698,376,273,471,912,0.2993421052631579,0.6874148866536166,0.43787256714627165,0.9224451877023129,0.6560706024715327
-46.335033948505654,-79.11464888023613,1.0603186484950264,445,253,480,912,0.2774122807017544,0.5427825220073589,0.4643445321759009,0.917522019748895,0.6460959811846063
-84.21121465695809,-78.97334023885816,1.0643170359994216,387,278,472,912,0.3048245614035088,0.6926665123300664,0.4505187299070358,0.922886190292342,0.6539453248564174
-72.34633385798986,-78.74527053848075,1.070245377244655,436,276,484,912,0.3026315789473684,0.6111529885509843,0.4330839853570495,0.9330323718831367,0.6181508751318211
-88.81853462177322,-78.83409757241526,1.0710067646711459,352,287,440,912,0.31469298245614036,0.6592776400023175,0.4463550927199912,0.9043058795655989,0.6461548840118195
-74.49446998326233,-78.60979111007681,1.077143648466296,420,279,471,912,0.3059210526315789,0.7032276757782318,0.4414312066830523,0.9375309518919311,0.6743212440869994
-67.31623804644177,-77.96432361644064,0.9958893083533542,410,266,493,912,0.2916666666666667,0.6065323905248611,0.44672100737898357,0.9163630178823033,0.6573443557415332
-96.71197912639829,-77.7455956160572,0.9891589185640897,356,293,395,912,0.32127192982456143,0.6520494883504492,0.4395922373244874,0.900746981606806,0.6158387017694618
-80.93318528554896,-77.63431770503627,0.979112002603308,402,285,447,912,0.3125,0.6171196165601839,0.43489272315124106,0.9277407681101076,0.6267022146664817
-83.76734750597916,-77.7216254956125,0.9828727025669722,408,281,464,912,0.3081140350877193,0.659503598234464,0.44964911833492627,0.9281407347397925,0.6598591329293947
-125.44704676712811,-78.14334474913771,0.9897310141395407,337,310,392,912,0.3399122807017544,0.7168843831772905,0.45089349891849373,0.9209374808168809,0.6509046565988967
-98.39814492135929,-78.57566455188146,0.9870709636497587,393,282,413,912,0.3092105263157895,0.6863071989143245,0.46176002447559833,0.9332962648279067,0.6576160251779355
-103.13452009329657,-78.64995430935842,0.9754487656706634,412,299,468,912,0.32785087719298245,0.6984098480954168,0.43489010230441344,0.9005067533195553,0.6555698326267371
-74.47965579320882,-78.53029954627071,0.9733105217333646,407,280,436,912,0.30701754385964913,0.6412900075171101,0.4527415714777003,0.8878413965432906,0.6485315725274753
-69.59126336787413,-77.9682934079127,0.9111020801277949,460,246,516,912,0.26973684210526316,0.6579115580860332,0.4330812237470582,0.941543633194282,0.6907984085391864
-99.30122422700924,-78.02544741680805,0.943858551957595,387,287,457,912,0.31469298245614036,0.7005692765568966,0.43516804747790966,0.9184490939239334,0.6489494592208017
-122.05498548619474,-78.34103884155058,0.9494355835243148,386,311,435,912,0.34100877192982454,0.7343366340214543,0.4170290489630641,0.920601349849607,0.6760027484965474
-85.25603918352182,-78.59817900141022,0.9492528330985824,382,267,459,912,0.29276315789473684,0.6689185925678091,0.4433604133611759,0.9105679096403118,0.6512639561400895
-71.31030473048227,-78.3203491607758,0.9433640447980949,467,248,507,912,0.2719298245614035,0.658336296681735,0.4394075825360685,0.9406949069089136,0.6833738944330191
-54.3575980073029,-78.40225673396121,0.9501024445625447,426,256,498,912,0.2807017543859649,0.6208998817603743,0.45490118601616947,0.9230093117838692,0.6482999707162274
-94.02566804280858,-78.84666403735315,0.9634887899638166,442,277,449,912,0.30372807017543857,0.6769155012894467,0.4353576172548947,0.9470248825438846,0.6564303567687101
-84.19661371247716,-79.15672321625718,0.9550149142199055,402,275,451,912,0.30153508771929827,0.6726569881442943,0.4358010889897567,0.9138509302529493,0.664150746870161
-66.79376336614754,-78.86993073515013,0.9406289142879768,394,259,473,912,0.28399122807017546,0.6401693432004458,0.4115104789131023,0.9130877168699202,0.6368492437886252
-79.90842182238472,-79.09592888401227,0.9538860770912457,399,268,479,912,0.29385964912280704,0.7169572917679361,0.429833732114008,0.9301955978897944,0.6557450726639116
-66.60849109806895,-79.10762357468094,0.9501493246240134,424,272,434,912,0.2982456140350877,0.6290432061668136,0.4507989577046423,0.9173857860315372,0.6513892310174322
-98.42342119285014,-79.01433871143672,0.940496637512176,387,298,465,912,0.3267543859649123,0.6801713572769639,0.46517630690955586,0.9220802474218376,0.6639693623683885
-79.26386301416579,-79.14274817691586,0.9358868095836571,443,269,471,912,0.2949561403508772,0.6608011368816235,0.4534266672776045,0.9188417768119733,0.6587400049995082
-53.91689969258736,-78.75680926386607,0.9402403564457381,465,244,487,912,0.2675438596491228,0.6695846529157162,0.43321080732739875,0.9434568444218501,0.6541674621378196
-54.107093825433395,-78.19570057216086,0.9366939186043214,471,248,488,912,0.2719298245614035,0.6223698488685728,0.4300358287820441,0.926727915242222,0.6492224148794946
-111.50500187565135,-78.47893450435416,0.9433764605228901,371,295,430,912,0.32346491228070173,0.6546010163842648,0.42238595262659234,0.9370033050618526,0.652248259525091
-80.32269267220788,-78.85816199822938,0.9417863882428787,430,276,445,912,0.3026315789473684,0.6758063572146698,0.42933016866826895,0.9197661656154752,0.6356600256157953
-69.49346668688496,-78.63110490995194,0.9397673617771604,457,240,518,912,0.2631578947368421,0.7051438257825475,0.4228421292981134,0.9268240949569907,0.6424875231457636
-85.90407048560473,-78.82151305877103,0.9397298852947987,401,272,485,912,0.2982456140350877,0.6778259846881762,0.4385029224742812,0.9087184196190013,0.6493444442239343
-101.37327471431735,-79.19601807112815,0.9423455148070197,338,324,359,912,0.35526315789473684,0.7104619197711166,0.44371906754812446,0.8785341341856623,0.6098296434040688
-126.44421910467294,-79.66015471236481,0.9626924473175287,374,316,427,912,0.34649122807017546,0.6972600080442347,0.46226725050271533,0.917396285111082,0.6657455908527854
-72.5316594925749,-79.09640800480868,0.9501772885202269,436,246,506,912,0.26973684210526316,0.6557527805954255,0.4335608851787411,0.9439198096241762,0.6287097924335306
-91.5234763104404,-79.1829480281041,0.9518239131859076,350,288,396,912,0.3157894736842105,0.6865421078484805,0.4498461574809297,0.9382332690924824,0.667015789621458
-81.9709204469334,-79.1850935191831,0.9470506635480983,420,281,491,912,0.3081140350877193,0.6471022652945904,0.4403856290837055,0.9219494815844772,0.6375991395111373
-95.41485088091888,-79.37329272991492,0.9971149194724407,435,288,474,912,0.3157894736842105,0.6757605650332138,0.43875307568830263,0.9446521324148986,0.667192987606648
-96.53626249513219,-79.62283738643741,1.0011212295045864,405,281,458,912,0.3081140350877193,0.7099387764770307,0.4455611992490993,0.9313182322970532,0.6550159185351554
-56.870647934441436,-79.82671859500742,1.0065653659890794,458,249,509,912,0.2730263157894737,0.6950443380945701,0.44391418325796395,0.9291440047322747,0.6633711009073315
-82.05793229711577,-79.82261744640151,1.0089884344660796,423,285,456,912,0.3125,0.6669416320262191,0.4564182438102512,0.9106223331391444,0.6690317517361141
-45.56725632662002,-79.66965803100474,0.9949117697835109,440,232,479,912,0.2543859649122807,0.5976817870327161,0.447530345147241,0.9195382649244559,0.6494571142495119
-35.841282114434605,-79.09681287390077,0.9835574691638591,475,237,503,912,0.2598684210526316,0.6264497066634857,0.4468726774536394,0.933080215345799,0.6527488141482715
-83.7933933711062,-79.36382541770229,0.979695459466613,428,278,482,912,0.3048245614035088,0.6974645476045144,0.44675194598639756,0.9262086568710455,0.6459532744859372
-81.5978293352953,-79.63650047395679,0.9797929402350067,376,298,422,912,0.3267543859649123,0.654485519425514,0.41804203235338416,0.9055196426531165,0.6216465048080675
-57.46712922405544,-79.18325460338657,0.9690235046135287,437,254,449,912,0.27850877192982454,0.6631133121861281,0.45974538613698557,0.9179567463115665,0.6538009106893193
-107.18071275779387,-79.5060271114125,0.9715350978005607,346,310,387,912,0.3399122807017544,0.674770171626642,0.4594939425094953,0.9309390192966279,0.6439285038354109
-78.05119894444115,-79.57600422835807,0.9712438876317298,389,270,448,912,0.29605263157894735,0.6948621724399088,0.4404903124146688,0.920144071294806,0.6321712821166812
-104.08348951467538,-79.81817857345156,0.9721013768651057,359,312,401,912,0.34210526315789475,0.7152116072365339,0.45749145153802084,0.9038192423159647,0.6157328076828518
-93.7107499469499,-80.03012498144734,0.95459185943528,403,284,410,912,0.31140350877192985,0.6734286429663601,0.462453106917477,0.9583644040345645,0.6525523485244032
-102.87977296200667,-80.12133957078598,0.9636522722146165,329,304,450,912,0.3333333333333333,0.6793201929118311,0.445422765284521,0.9164417479000724,0.6409468498899047
-133.82504434361147,-80.98344007094795,0.9600668161946665,319,340,329,912,0.37280701754385964,0.7263392542602496,0.39773570601013664,0.9093611206474465,0.6405583639108478
-85.28422350505579,-81.52505991894185,0.9637719876722909,434,278,486,912,0.3048245614035088,0.6839538931051278,0.46874302872666385,0.9339926894771126,0.6712767678441497
-120.4495557402983,-81.82936857982806,1.0117192821488168,412,326,434,912,0.3574561403508772,0.710592975818341,0.42500891775029526,0.9286333770380223,0.6939328062043802
-82.07671318237304,-81.86083118635005,1.0130482032640424,444,256,509,912,0.2807017543859649,0.6780147280150547,0.43656492073882963,0.9523948000997157,0.6453446465735251
-70.85332715309929,-81.97359309064157,1.0102500543389474,418,273,455,912,0.2993421052631579,0.6297062388301025,0.4439601179053835,0.9356545770167055,0.6470086009458828
-68.2915435425606,-82.06474238745757,1.008557468676186,418,254,460,912,0.27850877192982454,0.6552396160753086,0.4201470670827523,0.9370385773363883,0.6580256536743678
-117.47235445470685,-82.60816918735996,1.0120668531364656,335,332,365,912,0.36403508771929827,0.695680475937986,0.41724086411010824,0.8998621282092952,0.6432072022573954
-69.80270656681454,-82.34013609466234,1.009112772200183,409,277,438,912,0.30372807017543857,0.6773416449208127,0.44593707589885717,0.9192785543006811,0.6330363194461541
-85.18789001122478,-82.28462290150064,0.9916723258302818,382,272,433,912,0.2982456140350877,0.6633546476923378,0.4549869149899885,0.9312663304492155,0.6488266373979935
-100.10640202882743,-82.8293546613822,1.012750603944043,383,311,419,912,0.34100877192982454,0.6602045645547197,0.44531120806453883,0.93163936414473,0.6440295085700799
-53.40407265697142,-82.3187634714309,1.003419094501469,448,238,519,912,0.26096491228070173,0.6806834116057685,0.42143876118443846,0.9086373609413507,0.6564624560550644
-76.53573188076594,-82.62066201524456,1.059064196222462,420,260,488,912,0.2850877192982456,0.6531460595015134,0.4397624665052188,0.9394742197280622,0.6433041137380436
-70.55670571352408,-82.64262659666193,1.061919589578404,447,259,492,912,0.28399122807017546,0.6734696088971881,0.4392138351783234,0.9481547972446781,0.660144779859893
-95.83414184853653,-82.68992189992349,1.0613763149794504,365,313,390,912,0.3432017543859649,0.6023377600037465,0.4439464764873987,0.9324439246467825,0.6448788279432068
-69.23145450362836,-82.82037039784738,1.0584359300013362,432,280,456,912,0.30701754385964913,0.6517614474003641,0.43187528007986875,0.90621092696228,0.6307312845640388
-82.60612711425851,-83.02148237857327,1.0832375247215102,441,251,466,912,0.27521929824561403,0.6842487224189497,0.44378426126184145,0.9488182558161088,0.6678265952933001
-100.43279868210765,-83.03598190474378,1.0887638395829613,354,310,356,912,0.3399122807017544,0.6091891353627898,0.45813256437712446,0.910867280313323,0.639942486871638
-103.99108823092146,-83.53248546202613,1.0852171496973007,352,302,421,912,0.33114035087719296,0.713530438053075,0.4660581905155186,0.9009953299670306,0.6326070837167838
-124.9135096809053,-84.03963703302607,1.0933582562667528,351,311,428,912,0.34100877192982454,0.6732125145571665,0.44209835513717105,0.9241769892952703,0.681892793676553
-46.79315811780003,-83.36537643054393,1.0766924006672303,476,240,490,912,0.2631578947368421,0.6360307751989147,0.442582697207183,0.9373546230753779,0.6447649370516421
-98.77617432796015,-83.46915002126396,1.0692517470946319,392,290,463,912,0.31798245614035087,0.6711094800817985,0.4615860702685958,0.957035756734696,0.6420505668438539
-72.30250370714677,-83.47395447517438,1.070548750744601,433,257,448,912,0.2817982456140351,0.6940967144913647,0.46161808905762214,0.93279938131122,0.6538497563830296
-73.39890743752208,-83.50515548295692,1.072331078923153,442,258,474,912,0.28289473684210525,0.7119128880050981,0.43985656454038885,0.9089591634965798,0.6417717373533197
-78.6289154299747,-83.06030068601767,1.0575492229801464,428,282,435,912,0.3092105263157895,0.6827849756272443,0.4384000443312673,0.9338232679475617,0.6214159992926657
-106.58349993699046,-83.5568604848139,1.0555902572233127,347,314,390,912,0.3442982456140351,0.7020958465302095,0.4200245287580256,0.9043662406683243,0.6281554131432302
-91.34422267848066,-83.52444885594623,1.0544766316633056,428,276,445,912,0.3026315789473684,0.675742714614303,0.44310401419246764,0.9261121086537952,0.6315056741763622
-63.508972548781195,-83.33830774652625,1.0573229538700586,458,248,462,912,0.2719298245614035,0.6464459483798657,0.43313776647772806,0.9319666070545422,0.6567420421154241
-83.22051358172112,-83.4407683335601,1.0595623507987952,425,250,503,912,0.2741228070175439,0.7318066660544511,0.42676700383330046,0.9445746329155625,0.6363633959025544
-69.38444945958383,-83.34151443419368,1.0602301826043337,414,276,465,912,0.3026315789473684,0.5882532178400919,0.46317856356716136,0.9075227114502938,0.6488173173167396
-59.58733535570734,-83.3739157731804,1.0613622083593561,443,271,466,912,0.29714912280701755,0.6270836969569039,0.45096593788749795,0.9109060629906329,0.6418811959777975
-75.79946615859957,-83.04117515064316,1.0617156891484316,428,258,480,912,0.28289473684210525,0.6919927040637135,0.4520012984272114,0.9210257620372184,0.6687227167598154
-84.54190028082608,-83.31231077915022,1.0629130915719687,421,302,432,912,0.33114035087719296,0.6387319718328734,0.4283310493328536,0.9203679325349571,0.6405750106040606
-94.12661438820547,-83.14195029105927,1.0663476962983138,447,281,474,912,0.3081140350877193,0.6876535462331027,0.44079150977982706,0.9256573308768002,0.6463092847631101
-72.05742490689246,-83.23342277236529,1.063697690446583,412,254,475,912,0.27850877192982454,0.6594529113821207,0.44837400184164705,0.9407716051050596,0.6699809324344562
-102.65833475523064,-83.08805060009774,1.0528056856035801,373,296,415,912,0.32456140350877194,0.7180210299171239,0.4332332862751651,0.9370104975374137,0.6318898485133218
-114.84987335750294,-83.45009400687604,1.050121311147031,311,330,393,912,0.3618421052631579,0.6538646909416417,0.42711518982176944,0.9069193294373877,0.6602503699547769
-88.19657984264843,-83.77070407172869,1.030658664623059,409,283,434,912,0.31030701754385964,0.6698513936656684,0.44099750607797,0.9092746636048973,0.6392821081262334
-90.02731472513828,-83.61960573263949,1.0217785188086224,391,281,440,912,0.3081140350877193,0.6590855723235911,0.423771712355958,0.9127963013610344,0.6227445563197994
-82.30683757202516,-83.62593916033906,1.0371041256889486,385,267,465,912,0.29276315789473684,0.66570662192908,0.42329163493919464,0.9314425570745931,0.6384391941842397
-99.89740148161943,-83.9277603515215,1.051344889094082,368,307,397,912,0.3366228070175439,0.681813591611596,0.4168111939085774,0.9174217819514601,0.618649145033841
-78.80222201547619,-84.09729401382916,1.0398101095264847,391,276,458,912,0.3026315789473684,0.6729998993875034,0.42474948117875166,0.9283675433560713,0.6897091838476898
-77.5767639061228,-84.10406986303647,1.0406239528116068,387,269,437,912,0.2949561403508772,0.6061061986136788,0.4504046202786496,0.9447259508070548,0.667710978918116
-96.22140406444552,-84.37453682469237,1.042668200183165,382,301,395,912,0.3300438596491228,0.6972790356692744,0.460317936469471,0.9034890135943234,0.6267587657065786
-120.19100691453652,-85.00357888741277,1.044407262133834,377,321,414,912,0.3519736842105263,0.6638285835779306,0.44618477223640945,0.9190268855882592,0.6434077561430991
-105.2428158571449,-85.05990390402738,0.9800814836843452,392,295,404,912,0.32346491228070173,0.682481655932927,0.4312252229622384,0.9330637121617116,0.6676575796145818
-92.51303223745882,-84.98212816447915,0.958259670159162,404,273,471,912,0.2993421052631579,0.7168065311470938,0.42514399572973993,0.914662394531648,0.650402606690829
-85.43667465644579,-85.02146925061332,0.9817870830180546,391,314,424,912,0.3442982456140351,0.658293449985427,0.4289081670976472,0.9203338848186243,0.6303598740728693
-58.371134489091936,-84.74167618569366,0.9772317259653324,395,262,442,912,0.28728070175438597,0.6522387440603856,0.43215772225672866,0.9114340374207773,0.6534644354410389
-49.39849501616646,-84.40229985318872,0.9706746558138252,446,253,464,912,0.2774122807017544,0.6164635692165242,0.4461935959032399,0.9146109119249236,0.6722396772643879
-55.89081722949538,-84.49785768599862,0.9711733982497155,443,253,516,912,0.2774122807017544,0.6592402501254998,0.43296547801000856,0.9248989306223693,0.6519041248583733
-66.27423955247079,-84.31848793495374,0.9687801010645255,441,253,473,912,0.2774122807017544,0.5891197931959882,0.44905084060914147,0.9460324373186039,0.6508258686339193
-81.21741457877468,-84.40719874216158,0.9687148862901803,399,274,487,912,0.30043859649122806,0.7099453887668232,0.44489160441999975,0.9191381467997491,0.6361589662351292
-71.63239638498702,-84.2353373597937,0.9681687366376408,395,294,419,912,0.3223684210526316,0.6100889138795581,0.4231320469124648,0.898549241727043,0.6665998831064082
-44.86066856937259,-83.93899934565479,0.9620442155205634,477,234,499,912,0.2565789473684211,0.6404530287086703,0.4264019662751147,0.912185194870443,0.6723416795406094
-39.28859863589724,-83.65872295154936,0.9648975276562655,461,233,522,912,0.25548245614035087,0.6439523230576563,0.43159277346663866,0.9187065931533566,0.6441451701592146
-80.45006451524235,-83.49610380543781,0.9796692019298419,440,272,453,912,0.2982456140350877,0.6676981590828459,0.4586825279303615,0.9191644600334823,0.6467337571272128
-70.45926838123071,-83.39136463639464,0.9841493504194658,402,258,459,912,0.28289473684210525,0.6259222318506008,0.4555482039467117,0.9249206360726517,0.6420830990258956
-59.33597317278255,-83.14705089306268,0.9761696446373134,394,264,498,912,0.2894736842105263,0.6500744876028021,0.40594032988842116,0.9293377129303192,0.6598362320856576
-76.40837952583531,-82.65666422064973,0.964713045810183,399,268,473,912,0.29385964912280704,0.6607572249842576,0.458530573010399,0.9343517610862869,0.6434287855497081
-90.58843979047077,-82.57856716934086,0.9688229313633526,372,269,502,912,0.2949561403508772,0.6737150399710968,0.4621417287649468,0.9379506717369898,0.6650988561696256
-76.86208014041708,-82.31584276981206,0.9729401458131073,423,246,440,912,0.26973684210526316,0.6651744478722267,0.4443087947830121,0.9223357423823616,0.6557455976465681
-65.1266466430328,-82.2223126783103,0.9724589328899913,428,249,429,912,0.2730263157894737,0.6216867863084977,0.4262447324455122,0.9374900100203108,0.6324574698413138
-75.14890195307184,-82.27788906416228,0.954892076859799,421,268,446,912,0.29385964912280704,0.7158498894459396,0.4546354964683361,0.9295814405792225,0.6426055852121518
-67.24103649366121,-81.95728718682878,0.9236350618134082,435,272,436,912,0.2982456140350877,0.6440797089065851,0.4390298165581728,0.9220791400708547,0.672959525692829
-83.36722763066408,-81.57040960827348,0.919343373487859,389,273,476,912,0.2993421052631579,0.714910441059476,0.41020325487601167,0.9224649768742593,0.6782375358570549
-74.40622223655578,-81.46191143880382,0.9200950399733714,440,267,454,912,0.29276315789473684,0.6613502260301435,0.45660799479957825,0.9317787847016272,0.6566925764353181
-73.94949052793939,-81.4883032967784,0.931743318848171,459,253,464,912,0.2774122807017544,0.6238285179793126,0.4480402821755499,0.9341777340549383,0.6513702706513091
-74.52181679916946,-81.68994548469708,0.9247319065208,404,261,467,912,0.28618421052631576,0.6559368798334155,0.452391055396845,0.9420358100004452,0.6854754199917371
-49.342336249510666,-81.24311216676409,0.9076349552135945,408,250,454,912,0.2741228070175439,0.5941881020632567,0.4384975153537101,0.9138245986272483,0.6476286255837084
-93.58219016535742,-81.33696793129289,0.9132438193001262,387,291,404,912,0.3190789473684211,0.635847468703369,0.40697359613960304,0.9318856166102277,0.6576263465816686
-59.807742915420484,-81.26710772678561,0.9253396841312158,445,266,465,912,0.2916666666666667,0.5640487434945596,0.4175823098736926,0.9383357456122937,0.657338332571044
-64.11557021065359,-81.1091792106683,0.911810809109156,454,260,485,912,0.2850877192982456,0.6143140074064461,0.42765355501531166,0.9355033350185574,0.6479096899718054
-45.497489226902914,-80.89806919195665,0.918158341241028,485,228,516,912,0.25,0.6190923696344308,0.45807881060267536,0.9372482730860207,0.6253620663304924
-74.9783145710933,-80.66361812573909,0.9066260655037363,439,288,446,912,0.3157894736842105,0.6846881901143707,0.43629219249977874,0.9078889356537596,0.6443397040943167
-77.72053650938835,-80.6481848606913,0.9137575428786927,441,263,442,912,0.2883771929824561,0.6540315848888029,0.4409004467679916,0.9344936241825786,0.6601657686962094
-68.17627170754804,-80.79077858084092,0.9100467729644357,432,250,463,912,0.2741228070175439,0.6006784499961288,0.4736327107975284,0.9369925408352113,0.6554164051638288
-54.39422058146228,-80.7936498484012,0.9203483070739368,480,246,489,912,0.26973684210526316,0.6332044617906197,0.428894697221787,0.9220514697366088,0.6927435295345457
-63.50280440481465,-80.31362787369284,0.9108369151078739,430,259,467,912,0.28399122807017546,0.6546346878062903,0.45099359348726425,0.9245834086003336,0.6640344321797303
-56.41392225036574,-80.0745401694744,0.9102586824169218,454,240,517,912,0.2631578947368421,0.6288211334271735,0.4409277816875332,0.9406765400682365,0.6471256110941549
-42.857715164876744,-79.80818265425432,0.9068864332501049,463,214,525,912,0.23464912280701755,0.6307426371420716,0.45298556621431496,0.9196170961675719,0.6538011951957198
-80.53457707732073,-79.7544877201715,0.9094450056661963,408,293,413,912,0.32127192982456143,0.6180237946625555,0.4566567765845575,0.9104158325056005,0.6404782020060932
-158.82776527619907,-80.3290326257903,0.9070620829610755,289,354,313,912,0.3881578947368421,0.7725281122897327,0.46289479264922917,0.864437730922885,0.6553751628245621
-78.75527011103387,-79.85214313585391,0.8868216490297104,424,268,451,912,0.29385964912280704,0.6417610448493618,0.44108470420016244,0.9330196683901192,0.6397641679319582
-57.74397607664925,-79.70426630169466,0.8945774880084238,448,246,488,912,0.26973684210526316,0.612588763043644,0.43132893865276356,0.9189247746164173,0.6543097868057778
-45.53084977360588,-79.2443400363263,0.9217212535790196,496,219,563,912,0.24013157894736842,0.646128744671987,0.4364639374913461,0.9365367250465777,0.6634096375541739
-97.95406281545213,-79.4041714600115,0.9162762727320809,362,315,378,912,0.34539473684210525,0.6383033169177298,0.44574660089542384,0.9134145227443634,0.6618252085739017
-54.57861200206237,-78.99580907122294,0.8674668959279177,463,251,475,912,0.27521929824561403,0.6615360876442313,0.4362797696014609,0.9225798181251356,0.6508856827109227
-72.18457957078579,-78.75229224197946,0.862248469143947,426,279,451,912,0.3059210526315789,0.626697056530178,0.43108729175752514,0.943565980775314,0.6275713928457022
-63.219274848132095,-78.81577851111638,0.869591588465211,412,254,496,912,0.27850877192982454,0.6807578366313175,0.45644804814921947,0.9233932908466298,0.6515113151458967
-95.95393861533081,-78.95473857429853,0.8667971863705559,413,294,441,912,0.3223684210526316,0.7286940993827111,0.44571052310654063,0.9198034666933371,0.63018124058592
-105.20752111578615,-79.5511412221902,0.8833033152769678,374,272,461,912,0.2982456140350877,0.7000157870043269,0.4271546716766844,0.9466213469840619,0.6622183811701469
-48.92895868542503,-79.68201798790008,0.8820060320309718,424,243,477,912,0.26644736842105265,0.6192241057125557,0.4437905524695579,0.9216520402603615,0.6576897696220312
-102.54568415324893,-79.86954089572151,0.8909860354516022,351,296,417,912,0.32456140350877194,0.6878334794243535,0.4479680009999107,0.9272318684139244,0.6757762787611639
-55.49476590101968,-79.60851026137875,0.9138200727534661,443,243,486,912,0.26644736842105265,0.6268734103330819,0.4309525042833103,0.9307528618332593,0.6388949411335098
-96.50541665185887,-79.99889313565679,0.9246815410842398,420,283,458,912,0.31030701754385964,0.6644967078861689,0.43235407617474836,0.9290082285300129,0.6628740255326974
-71.17232284033884,-79.63880923648223,0.9231415624734209,390,277,433,912,0.30372807017543857,0.5887833500530577,0.4382473315114875,0.9254595320040377,0.6017438556965473
-86.11251901417766,-79.7194224371796,0.9245171193841404,395,270,475,912,0.29605263157894735,0.7174562993025309,0.4319373221543308,0.9159341191547102,0.6356421496637688
-56.46901254534775,-79.24327766748634,0.9219618777203212,461,249,514,912,0.2730263157894737,0.6559344199938539,0.40709464154416747,0.9191762797037475,0.6541225526404921
-75.54989781101692,-79.061669146127,0.9181653718213275,419,285,441,912,0.3125,0.6696797638820463,0.44376988512609916,0.9304294132947598,0.6242205049228774
-89.5594933901996,-78.92846635040894,0.9114539777196036,405,303,444,912,0.33223684210526316,0.5975485754716657,0.43989961007939027,0.9191766431656886,0.6505290119179485
-69.02491930327436,-78.28046510000556,0.9129010307874161,454,279,468,912,0.3059210526315789,0.5933408391807241,0.456839645800877,0.9454969694917259,0.6592766470741517
-66.17715284764328,-78.08939439343143,0.9262082512288923,423,261,428,912,0.28618421052631576,0.5824578475452243,0.4554989044263659,0.9232198726249429,0.6530557813507646
-88.14299803294085,-77.76632881635787,0.8678399426321015,391,293,424,912,0.32127192982456143,0.6899242319087819,0.42666461408377965,0.922842362824599,0.6375809222744508
-50.70236948621678,-77.4525853793963,0.8617697634829892,452,224,510,912,0.24561403508771928,0.6626883390045092,0.438370761579632,0.9439558549172099,0.6477264181072223
-47.55513076977943,-77.2196034155631,0.8640806264474666,442,238,468,912,0.26096491228070173,0.5717752896525349,0.4424312415790411,0.9364404671989216,0.6320032764790869
-70.22027353024616,-77.23889071543995,0.8624019138070393,455,253,456,912,0.2774122807017544,0.6634098368179929,0.4264800559810975,0.9216029783831384,0.639720118915522
-67.26095041167235,-76.73677667500961,0.8604330471769173,437,260,487,912,0.2850877192982456,0.6568949173432201,0.4523010854816932,0.9246510685546019,0.6448119141008714
-65.92801427886411,-76.69802975213011,0.8846478830907543,446,234,504,912,0.2565789473684211,0.6236959337886063,0.4276433237993592,0.9369702667772439,0.655632175145843
-46.34012885381018,-76.30955214055597,0.8725531779768794,416,260,453,912,0.2850877192982456,0.5829991476449957,0.45594284241499733,0.9187980692879787,0.6427110266509432
-96.98176321803352,-76.27830575244802,0.851362005199752,367,296,410,912,0.32456140350877194,0.6200401187625306,0.4379688071964719,0.9287094884332401,0.6527615313962278
-67.83271687282966,-76.42259219460661,0.8630815060554349,452,255,482,912,0.27960526315789475,0.647491793821413,0.4475108841783259,0.9234172747620052,0.6311387981356382
-83.59097506823863,-76.49314462648134,0.8086071787158727,391,277,446,912,0.30372807017543857,0.6456782674615196,0.4408351643492063,0.938491586035984,0.6469019292103975
-63.861313220649976,-76.42619070155258,0.8059087357508201,419,282,422,912,0.3092105263157895,0.6038452379332462,0.45438910827767715,0.9153476273163698,0.6450271591027641
-48.5587544907268,-75.95343682797449,0.8052206693059949,447,264,450,912,0.2894736842105263,0.5644123668506489,0.4515143296723112,0.9062510666204712,0.654685009884224
-71.91106367651066,-75.98023291970333,0.8041509404835403,431,269,457,912,0.2949561403508772,0.6027972197319085,0.4599796389960595,0.930196508379925,0.6492545413899099
-39.57982797277061,-75.54996992828843,0.7892391603076061,453,218,542,912,0.23903508771929824,0.663467892580875,0.43168379628372816,0.9358469546188926,0.6388842750809236
-62.90041908693646,-75.17464613233673,0.7764972814230616,518,224,520,912,0.24561403508771928,0.6100585311869815,0.4362265761090268,0.9360906166197513,0.6592552113533445
-67.85024916160296,-74.81323774164355,0.7775786410029528,439,265,444,912,0.2905701754385965,0.5843860843143404,0.46725810226283937,0.9385737213389683,0.6624484941793923
-71.19973862660143,-74.2761000311005,0.768821712360939,362,277,489,912,0.30372807017543857,0.627268990426585,0.4345642820993824,0.9225564239474084,0.6477015554629596
-71.48895738604901,-74.523058023783,0.7715027013863583,429,256,499,912,0.2807017543859649,0.5941321225134729,0.44233613370075775,0.9220163654246947,0.6513014572307182
-75.93897042121594,-74.29468598471556,0.7655845514109949,428,267,513,912,0.29276315789473684,0.740948043975957,0.43081426279991364,0.9220404239657424,0.6564867790890008
-83.84678184017183,-74.4101287660458,0.7648858182450025,400,287,437,912,0.31469298245614036,0.6017070647201281,0.44497119909640287,0.9279729954244497,0.6587743719532048
-63.38432815041419,-74.30998297317473,0.7655809047321657,442,270,442,912,0.29605263157894735,0.6005227391423156,0.4365988577540576,0.9214307215802312,0.6355844953016754
-51.399110072472695,-74.0376849195997,0.7702981066913442,417,256,467,912,0.2807017543859649,0.6188267051047879,0.42799304084966844,0.9305512923497071,0.6789503887148044
-43.50854654727083,-73.40693538570251,0.8053969371238157,458,220,508,912,0.2412280701754386,0.6037059908532588,0.41534784827228804,0.9458023391035875,0.6439755711789233
-39.03991096343672,-72.88389226855206,0.8065949948448218,468,236,511,912,0.25877192982456143,0.6074042304850309,0.44109135439442115,0.9013967016815422,0.6527353736368801
-41.695612250393324,-72.66575866556819,0.8074296948844564,434,265,457,912,0.2905701754385965,0.5534096729138825,0.43798458827901693,0.9045602843070126,0.6304235977787813
-65.45683695772573,-72.48812189932823,0.8059953715051195,400,270,447,912,0.29605263157894735,0.5819002525149098,0.4542063453276167,0.9268877246045736,0.6552043925515066
-65.17443661186624,-72.44602177085106,0.8052200696788379,384,262,440,912,0.28728070175438597,0.5863991309767503,0.4319066304611171,0.9153677085449016,0.651744540206043
-41.80877541859579,-72.26823617147994,0.8027655308191861,460,211,566,912,0.23135964912280702,0.6814680015519314,0.43927507360967366,0.9148906782305741,0.6736967257417358
-83.46409238397388,-72.34488243373369,0.8025040756967364,388,275,442,912,0.30153508771929827,0.6446775695254975,0.4551751443936749,0.9301285102197973,0.6582791156378341
-40.399734230612076,-71.90346077323154,0.8032200106902898,471,247,496,912,0.2708333333333333,0.6395877788227975,0.43881074934785985,0.9148826644873386,0.6518489683327077
-63.43954587597506,-71.59659008810925,0.8031365829335426,422,263,490,912,0.2883771929824561,0.6094546548082347,0.42833324968527675,0.9292223514840342,0.6460369897107435
-51.24819833163084,-71.38849782235664,0.8027937310732358,417,243,513,912,0.26644736842105265,0.634872967113212,0.4400044667490238,0.9288391923232672,0.6554609447406715
-47.562823428248564,-70.83754270908682,0.7999418366891721,463,236,466,912,0.25877192982456143,0.6191537851617691,0.441502066410005,0.918294047033753,0.6676403972892339
-76.8200155257846,-70.45724413076964,0.7899595247373739,420,266,447,912,0.2916666666666667,0.7048575948602409,0.4289090938326715,0.9289568516758039,0.6226727660896686
-39.30822638143346,-69.96836059615747,0.7812482058348583,436,230,505,912,0.25219298245614036,0.610401766836034,0.4370783503583062,0.9028114231848843,0.6533909680662756
-112.8549218715641,-70.19663666762173,0.7836716850614143,396,324,448,912,0.35526315789473684,0.6941238832354827,0.4196653971032213,0.9362469942810137,0.6577287625320084
-65.85825240760092,-70.03215081597749,0.7475712469148625,419,260,469,912,0.2850877192982456,0.6607010423040802,0.4637549704991272,0.9182888023687424,0.65741507676646
-41.71179617164842,-69.45029476287779,0.7272154976880543,397,242,492,912,0.26535087719298245,0.6531016531837303,0.42698376396335774,0.9213471722240555,0.6405119579705149
-84.79684627392999,-69.51024100546232,0.7370612067049338,398,288,436,912,0.3157894736842105,0.6398453927463967,0.46649719198740286,0.9184455281901235,0.6702770970585643
-34.07279432845756,-69.07520130968567,0.7348162147012574,468,229,505,912,0.25109649122807015,0.6109599067485911,0.4464410580471524,0.9268658695181768,0.6556257763035341
-66.33479118952704,-68.77633518093648,0.7465987593547148,446,269,503,912,0.2949561403508772,0.6394031951344672,0.4187209000045335,0.9393231474144074,0.6583850988412735
-74.75677276919745,-68.32199283948309,0.7706137154812234,396,266,488,912,0.2916666666666667,0.6289697945974967,0.4456809521963946,0.9095217105651767,0.659563048654911
-60.476038549945564,-67.8743250664111,0.7642189598054274,419,250,451,912,0.2741228070175439,0.6284487702104521,0.4438161392084721,0.9236946354617742,0.6543447655900291
-82.73666902703131,-67.77656143430683,0.8328786466866903,380,261,451,912,0.28618421052631576,0.6938695270111034,0.43429773613403955,0.9225426838739299,0.6303574987525512
-61.37798673091081,-67.53597455505147,0.8127112553421497,431,261,467,912,0.28618421052631576,0.627326067209565,0.4181623082837383,0.9194395254638654,0.6512861697084852
-61.90813850342774,-67.57134459519483,0.8142311876614631,432,251,441,912,0.27521929824561403,0.6186070645210212,0.4487712431369086,0.9099268813117924,0.6442813047810588
-47.221950248275,-67.5495791475159,0.7993779212046088,428,238,462,912,0.26096491228070173,0.6443643924316454,0.41466656765750215,0.926019293506891,0.649395554746113
-59.44065868541089,-67.58507756207507,0.806461693383291,446,236,524,912,0.25877192982456143,0.6154476895615214,0.4519967136048922,0.9473980190661377,0.6463966802190062
-76.10774238686093,-67.68341259041898,0.809652691938784,412,279,479,912,0.3059210526315789,0.6426048967813128,0.4549346326098504,0.9173765761800631,0.6439978784942958
-34.345406118823014,-67.21469250581947,0.8049231897969358,487,240,508,912,0.2631578947368421,0.563319672739281,0.4432699784794456,0.9302802359024263,0.6576851463672018
-73.10410262044567,-67.22940956817405,0.8028120891778673,449,266,455,912,0.2916666666666667,0.6538269857846709,0.4357209477840857,0.910836500585157,0.660027067978844
-74.30968444824613,-67.52389972696278,0.8051508627975332,376,294,440,912,0.3223684210526316,0.6410164213096265,0.4432324445760278,0.923065841644713,0.636051229865019
-53.788115555834885,-67.66889489616216,0.8041354801734485,390,264,418,912,0.2894736842105263,0.5877538377115893,0.432164630638583,0.9166413451090989,0.6065075696016341
-54.23467246234335,-67.40674097563317,0.8018086653307744,412,250,454,912,0.2741228070175439,0.6650914553486945,0.42126824953728087,0.8964848922206058,0.6430857368129174
-54.67006082514574,-67.24884890007232,0.7985042021744365,466,249,468,912,0.2730263157894737,0.6326861328306114,0.4489736096354061,0.9180971255428673,0.6394632820514085
-47.201462077443246,-67.12750378911892,0.8004980346384568,453,238,476,912,0.26096491228070173,0.5556026621755583,0.44334404744666506,0.9309227445328049,0.6418804126224235
-51.01646574573756,-66.87358465131793,0.8120822096902971,412,247,492,912,0.2708333333333333,0.571174244240084,0.4349306665150298,0.9092101381050172,0.6571639930549568
-40.380881328403035,-66.37150906669726,0.8112591507775834,444,232,518,912,0.2543859649122807,0.5503198657612912,0.4500546047746184,0.9098675093621577,0.6671641836328598
-60.13781841037199,-66.20426644939681,0.8141159228843347,411,263,492,912,0.2883771929824561,0.5821538528375215,0.43642261587250764,0.9311480349982796,0.6674144396207363
-60.89375851570444,-66.16193756812353,0.8193289301635782,410,305,411,912,0.3344298245614035,0.6558110246289178,0.4445987473191631,0.8936214730824324,0.6520575105786133
-48.90795042821301,-65.89952805287494,0.8188897279386445,461,232,477,912,0.2543859649122807,0.6807070385564693,0.43017772305875107,0.8939338093140323,0.6406175004190325
-56.17521805814326,-65.78886986851977,0.8380318239387183,462,243,490,912,0.26644736842105265,0.6730428601237148,0.4307113019567031,0.9148889408482083,0.6575152134166634
-27.179316978176896,-65.2269907619949,0.8324166685595088,464,217,505,912,0.23793859649122806,0.5579979856024837,0.45264366922625227,0.91100593195815,0.6324764698354594
-73.11194893527822,-65.21404802898212,0.8371502793204744,410,289,449,912,0.3168859649122807,0.6903651075665616,0.455807787164969,0.9119829825543789,0.635727129093335
-72.92615452961044,-65.20381466899883,0.8264630504551528,433,268,453,912,0.29385964912280704,0.5882395533501907,0.43340252727661627,0.9324304513594583,0.6254728372578774
-52.43661468393877,-64.98296264784652,0.8275108170988981,453,253,498,912,0.2774122807017544,0.6093255304298114,0.4532692127278153,0.9243875264778408,0.6410229040507585
-56.80211510623764,-65.0575604364138,0.8680813110091689,416,252,494,912,0.27631578947368424,0.6428260008785689,0.45402735880139516,0.9108244301658893,0.6546036064479875
-61.28093348921169,-64.73454786965232,0.8728089353072793,448,267,469,912,0.29276315789473684,0.6197406910691425,0.43534834980791415,0.9307501082038403,0.6652047485050828
-54.10873606698898,-64.677557801168,0.8653737183104075,429,254,468,912,0.27850877192982454,0.6184324246222692,0.44807136421569926,0.9276128968691894,0.6478027736727648
-63.31178172615693,-64.66951991632305,0.8664043762900968,486,251,499,912,0.27521929824561403,0.6910276174877026,0.41694762164679644,0.9295878588415523,0.6749539789369096
-38.149986636495015,-64.59604489041898,0.8642314785585029,481,237,483,912,0.2598684210526316,0.6502972595015005,0.45849100621412475,0.9034768071778876,0.6443710579946008
-43.86570883708287,-64.28491883307886,0.8671551053221717,412,258,459,912,0.28289473684210525,0.618487041730955,0.4341372695175988,0.8966460918744003,0.6222027091693335
-44.75838074447829,-63.955297275429764,0.8576618662453542,430,236,501,912,0.25877192982456143,0.6051018731407387,0.4452126717136893,0.925981736038091,0.6421695590603814
-33.5556192111334,-63.60909075046562,0.855056728629655,491,222,537,912,0.24342105263157895,0.567372842128801,0.45814501433210897,0.9270072067673979,0.6513862679385033
-37.31171895414433,-63.438265734192434,0.8699971031007252,496,230,501,912,0.25219298245614036,0.5819752710754739,0.44424784366700876,0.9182579223932649,0.6772296124154016
-79.45830762477415,-63.59782076639203,0.8769588399064316,399,270,437,912,0.29605263157894735,0.6608587612190073,0.4536016229098496,0.9171552742512247,0.6360442608573085
-99.65536119674671,-64.03023515585585,0.8778183479635535,363,322,371,912,0.3530701754385965,0.5773477898471489,0.44112739916928506,0.9186760058138018,0.6392579970895041
-61.3639109269235,-64.21529711347631,0.8763450564055256,395,255,481,912,0.27960526315789475,0.5712290199294181,0.4437035715320708,0.9217333177482597,0.6296117374029485
-51.249471339814896,-63.92244605610125,0.8744065251427583,395,275,438,912,0.30153508771929827,0.5720930927299583,0.43765891957055886,0.919006286852586,0.6294745983130124
-56.91846838092023,-62.90335308714845,0.8759969528351758,425,243,506,912,0.26644736842105265,0.6452378011947398,0.43800290435703476,0.9094658091519312,0.6456948931867001
-60.0122233175842,-62.71592261921396,0.8783329639243334,449,237,477,912,0.2598684210526316,0.680856703495082,0.4329128780296175,0.9274619598141977,0.6302567156306712
-49.9934546313547,-62.638417404761014,0.8738403935982206,451,251,505,912,0.27521929824561403,0.6362549058472534,0.45456902444439656,0.9040917360417865,0.6319786609021847
-73.69605077707598,-62.92006941479573,0.8499544868198542,429,254,481,912,0.27850877192982454,0.6564089855680477,0.4212285810024014,0.9094507211882882,0.6353762518487631
-67.96995322222214,-62.620228318863425,0.8529815245025434,448,271,466,912,0.29714912280701755,0.6510784519547915,0.4251176929334225,0.9173822523701993,0.6493614296422575
