-105.4031984757458,-105.4031984757458,0.2866871257068971,437,902,442,1594,0.5658720200752823,0.6268982949867027,0.45446762785646283,0.8356177573738656,0.346292354607321
-110.51256011271562,-107.95787929423071,0.21233417053642767,498,821,605,1594,0.5150564617314931,0.749409382483652,0.42599810535134885,0.8656761028588119,0.35889421062625393
-119.22715203157712,-111.71430354001285,0.22163952818375096,420,882,519,1594,0.5533249686323714,0.6823750702392296,0.4170737717847846,0.8690391558445321,0.3638157122521863
-126.8429265418938,-115.49645929048309,0.5759037167764849,398,899,491,1594,0.5639899623588457,0.7034333880802598,0.45687462753930796,0.8698450366129573,0.3689431142077233
-101.94645118503648,-112.78645766939376,0.5414369999970948,472,841,546,1594,0.527603513174404,0.6331244717806209,0.4476478767767591,0.8593305772361306,0.34711166537471067
-129.25356466936154,-115.53097550272173,0.5023223354784943,286,1034,363,1594,0.6486825595984943,0.6266134646814572,0.4666606118092985,0.8372797743322342,0.35300301428633524
-161.89252287263108,-122.15405369842306,0.5437484160697167,384,939,436,1594,0.5890840652446675,0.7910724112513825,0.42420345369588563,0.8756504178485152,0.37625895158214284
-99.5616114644638,-119.32999841917815,0.7192800487253532,488,843,537,1594,0.5288582183186951,0.6190638677543353,0.4344405431162728,0.8761519203754254,0.3786760038269398
-106.78699515257608,-117.93633138955572,0.6677084970568821,520,801,587,1594,0.5025094102885822,0.6749862421228439,0.4150606101936656,0.8636944686603847,0.3692548010258334
-93.25920495273395,-115.46861874587353,0.6009376473511938,456,864,540,1594,0.5420326223337516,0.6125533208210986,0.4480872291433401,0.8358516513613616,0.3403246465560654
-101.75055745490032,-114.22152226487596,0.5814768897100139,580,772,602,1594,0.48431618569636137,0.6799645616507249,0.4278506316677721,0.8692985952900959,0.35622731634412974
-115.73731901614441,-114.347838660815,0.6733525452899166,450,843,526,1594,0.5288582183186951,0.6554363195701194,0.4462821699071975,0.8844131027383402,0.3675050291116213
-127.39968651963997,-115.35182695764769,0.6289871326764099,460,852,521,1594,0.534504391468005,0.7248666573735739,0.4496126166006102,0.8697027112452422,0.36002146343623564
-109.90916184229224,-114.96306516369373,0.5899644620105701,512,844,525,1594,0.5294855708908407,0.67393479156102,0.44779107232776305,0.8489651094563162,0.36783726373749326
-122.14564157266142,-115.44190359095823,0.5684474984344621,454,899,502,1594,0.5639899623588457,0.6913524599127916,0.42866360517482405,0.8591325137659435,0.34886389374097937
-143.02126062902343,-117.16561340583732,0.5341524912118306,426,889,501,1594,0.5577164366373902,0.7375620437901677,0.44084253088423764,0.8660611464321442,0.36194367680356776
-98.37317055941466,-116.06017559134186,0.504240130263059,533,779,628,1594,0.4887076537013802,0.6454369960609851,0.4541116102423882,0.8545421443924863,0.34948966851865915
-137.14031572125316,-117.23129448744804,0.4800101344885303,393,910,454,1594,0.5708908406524467,0.6991972488203588,0.4786189053055389,0.8800550727549735,0.3810855010400643
-115.65248886353723,-117.14819945461063,0.5515971542188575,512,782,605,1594,0.4905897114178168,0.7135147467191608,0.4643692919332461,0.8757278082880973,0.36345158228443664
-97.0815216985764,-116.14486556680893,0.5417664422326134,487,825,569,1594,0.5175658720200753,0.6567180311117533,0.42524471278069015,0.8637793440048513,0.3506583209908074
-114.32769139867312,-116.05833346356437,0.5210485352918859,471,841,584,1594,0.527603513174404,0.6970043963433991,0.45383425445419473,0.8606830852152074,0.36112259231053323
-133.36410851849993,-116.84495960242508,0.5112039160812892,419,920,451,1594,0.5771643663739021,0.6913197320014997,0.45464049749415625,0.8692127652017257,0.36171635253043777
-90.4244220508125,-115.69624057844193,0.5581674910526907,521,809,559,1594,0.5075282308657465,0.6005163886279414,0.4382802950252868,0.8629482459377258,0.36187961429308413
-143.27842620299526,-116.84549831279828,0.5720981580229466,412,900,469,1594,0.5646173149309912,0.7364775046645587,0.4644456033748387,0.8615574812778194,0.36640249370528755
-109.990408210628,-116.57129470871149,0.6034634007422429,487,853,573,1594,0.5351317440401505,0.6901852355565419,0.4468452470897,0.871255558471856,0.3696047016874113
-85.36734108823806,-115.37114264638558,0.5842768021900204,561,770,562,1594,0.48306148055207027,0.561742407468275,0.4444303025770958,0.8586704288372269,0.35656593587910995
-141.1791559841016,-116.32699499222691,0.6705012552886058,412,898,479,1594,0.5633626097867002,0.7146096655323879,0.4382568452794608,0.8548030897619946,0.3641957741376662
-144.73807277645315,-117.34167634166356,0.674632720831941,439,893,476,1594,0.5602258469259724,0.7364891986372438,0.4437015859276654,0.8486288382557376,0.37318136748406167
-96.41140431221535,-116.61994282340673,0.6564461750940673,519,823,548,1594,0.5163111668757842,0.648545610679179,0.419860492621312,0.8551535569062633,0.35918845731921784
-132.68813017698096,-117.15554906852587,0.637664628317621,400,941,435,1594,0.5903387703889585,0.6916558539187522,0.4175836383138562,0.8595673044707293,0.38998209707684195
-101.90238093589241,-116.663511386828,0.6786877807743336,503,833,529,1594,0.5225846925972396,0.667470705651124,0.450894359391521,0.8387752159244359,0.35427344551922413
-89.42481349694818,-115.81230207776927,0.6680349037983122,612,706,646,1594,0.44291091593475534,0.6617331653702976,0.4362484287845112,0.8642354286777872,0.35710191189877816
-162.2874959965923,-117.22064128743058,0.7226404013757031,369,983,396,1594,0.6166875784190715,0.7557352784140883,0.3961156837761766,0.8607141076133531,0.36085942683330274
-121.4828753280553,-117.34600111215484,0.7797892676684322,476,823,551,1594,0.5163111668757842,0.6958590676650651,0.42326425565945985,0.8767146837749911,0.3481972131182729
-171.65906516762334,-118.89780294231109,0.811580921794941,293,1028,341,1594,0.644918444165621,0.7535725399103769,0.4144471875537696,0.8550898880337078,0.3474050984748068
-103.23964040242242,-118.46285398286972,0.7916208252759914,451,859,518,1594,0.5388958594730239,0.6130842590548119,0.4357312797278543,0.8585767420581296,0.3620954280554778
-76.15421509446385,-117.31937725615606,0.7746030650319451,528,825,534,1594,0.5175658720200753,0.6008944146687407,0.45307694893620903,0.819007777910669,0.3408461867123989
-181.2648211519897,-119.00215209552012,0.7542187738468938,180,1127,217,1594,0.7070263488080301,0.6980634168942135,0.45082746308737737,0.832968215392331,0.34493880632542523
-142.25404020439765,-119.5983543547221,0.7496126709367458,357,956,435,1594,0.5997490589711418,0.6819547972611231,0.4177357259524643,0.8318261061669354,0.3547993123941177
-124.91832674186578,-119.7313536644007,0.8246554070650843,394,923,466,1594,0.5790464240903388,0.6233356472065009,0.43030556849868146,0.8674963345917505,0.3625750654585994
-123.47750123362697,-119.82272311730864,0.8060909992561479,372,924,459,1594,0.5796737766624843,0.6252052785929924,0.40484834259875446,0.8608478364529297,0.3783672155707457
-121.44513661990993,-119.86135201022773,0.7891866694463613,455,880,461,1594,0.5520702634880803,0.6382647159228965,0.4269393850569199,0.8402161397488715,0.3457136387945934
-118.62193057423997,-119.83252825590243,0.7719743550490602,398,896,460,1594,0.562107904642409,0.631986024996528,0.4114080103360687,0.8501796864276446,0.3640533070809998
-143.33845653893533,-120.36675389869862,0.7614454810352675,353,973,395,1594,0.6104140526976161,0.6570090071857106,0.4557778848352714,0.8423543248025713,0.3609093658469084
-85.82614549372613,-119.59918482303257,0.7519350701344959,514,837,571,1594,0.5250941028858218,0.6241883935537662,0.4395457091538649,0.8637058178322183,0.36184273623200136
-111.13604666273393,-119.41520355867826,0.775586620751522,468,829,556,1594,0.5200752823086575,0.69555903962505,0.440777360524609,0.8623187276427515,0.3579085956649479
-119.4022532934155,-119.41492802111948,0.7679002190242515,446,850,530,1594,0.533249686323714,0.6415820419295744,0.46989306962548727,0.872287834262177,0.36027331568944215
-133.55266696226641,-119.70946424906003,0.7519022977945796,375,934,447,1594,0.5859473023839398,0.670297119272863,0.43363896875857094,0.8304420952904653,0.3355997821370593
-117.99948229256697,-119.6745666581112,0.7680676005547264,434,873,497,1594,0.5476787954830615,0.6752139136028305,0.4127244583603618,0.8410223410474501,0.33612376762708346
-101.9920490149112,-119.32091630524721,0.762826741471725,525,810,537,1594,0.5081555834378921,0.6663432669943201,0.440432310694264,0.8766030503284545,0.3522679701268357
-102.22692984476727,-118.98574010013976,0.7496546041762779,505,823,557,1594,0.5163111668757842,0.6571284412454048,0.43663690289904367,0.8470427150750257,0.3574064778366957
-90.31698592722809,-118.43441790450684,0.7444417755695998,516,839,516,1594,0.526348808030113,0.6191208709058539,0.4467725125752526,0.8171490531010885,0.3406268094645043
-108.8667177880006,-118.25389526079918,0.7327771415261054,467,889,481,1594,0.5577164366373902,0.6438700252315774,0.45670676587732467,0.8562529089886917,0.36356765835016913
-112.86876089099155,-118.15417055024719,0.7355080915182065,453,877,486,1594,0.5501882057716436,0.6973737048261198,0.4214911230568219,0.823740406731787,0.34061127932917334
-141.08225849187147,-118.57104487645854,0.7485731099736312,395,954,422,1594,0.5984943538268507,0.7123134715922164,0.4060085338855676,0.8551783346185886,0.3556236053195012
-113.36459829375116,-118.47807261605304,0.7444633483509976,489,867,492,1594,0.5439146800501882,0.6724751079695864,0.4358789021833424,0.8627731594187023,0.355589314156144
-127.45525171587806,-118.63556698622541,0.7497081138914862,447,867,554,1594,0.5439146800501882,0.7196025830461992,0.43334197792611967,0.8543624218848671,0.37059523950415435
-134.08008048237855,-118.90185170167632,0.7493596736761069,350,977,393,1594,0.6129234629861983,0.6574835980662236,0.4293107168030142,0.7951665696218922,0.31810040734950706
-128.83744299529047,-119.07025155411046,0.7539470917129367,407,891,506,1594,0.5589711417816813,0.6893943739264254,0.4492746485866273,0.8706893601404846,0.35891535426342913
-93.45972470258344,-118.64340943991833,0.7428593989399913,481,836,565,1594,0.5244667503136763,0.6349694254693625,0.42232455954392245,0.8702349486842345,0.36124440504729693
-127.8215744638634,-118.79387116162235,0.7316856943960574,464,868,536,1594,0.5445420326223338,0.6870685791199082,0.41325229870436025,0.8771845100038284,0.3608762837733517
-119.72868280508578,-118.80894876877498,0.7215434444139133,405,954,405,1594,0.5984943538268507,0.6102879671496826,0.4509078751486106,0.8563080915435602,0.3697532777413559
-116.38567007444841,-118.7704840275952,0.7102185610984697,383,914,489,1594,0.5734002509410289,0.6568613830290712,0.4434916230229754,0.8493069026570388,0.34628882868903577
-112.50327478006058,-118.67255888310248,0.7024250311779412,515,827,516,1594,0.5188205771643664,0.6608442546576104,0.4446295816909632,0.830302259635425,0.3232297945396932
-93.24253451913287,-118.28132773904142,0.6962112746661706,519,784,595,1594,0.4918444165621079,0.632047304359734,0.4325913649387347,0.8756133109543018,0.366843025467399
-117.27149626932919,-118.2660272622276,0.6878899923337166,448,871,497,1594,0.5464240903387704,0.6146023911765188,0.4418869201689687,0.8872209991953885,0.3765903276367275
-65.190303211914,-117.47385227640203,0.6795222297317368,602,708,699,1594,0.44416562107904645,0.602235328066362,0.43235651569492806,0.8292211513532579,0.3302343438306693
-100.11398615636546,-117.21856012757794,0.6713064192717761,557,773,590,1594,0.4849435382685069,0.6801826609316877,0.43411124920670774,0.8749780544641537,0.36205214246894346
-101.89313553700474,-116.99645252481602,0.6665287874133228,522,803,552,1594,0.5037641154328732,0.6272292215430243,0.4691379063354823,0.8531286320431317,0.36641410460500223
-140.86067033192418,-117.33736992206042,0.6570683302189264,376,934,437,1594,0.5859473023839398,0.6954662563058898,0.44521685844686987,0.8186412125353818,0.33485056614534825
-136.07934617697032,-117.60134141860844,0.6478138466947162,316,996,361,1594,0.6248431618569636,0.5772461713945902,0.4549231525683853,0.874094266849031,0.3734625818248477
-134.84890373731545,-117.84089089525716,0.6471438798777204,381,930,445,1594,0.5834378920953576,0.6418097090295786,0.4497418261575146,0.844161702785502,0.3253770258272484
-76.71935338643435,-117.27758216225958,0.6483566714049762,566,808,574,1594,0.506900878293601,0.6457556639480186,0.44890909925897154,0.829846666691999,0.32261470018091337
-108.13220779290612,-117.15399602213317,0.6451249768380686,434,886,482,1594,0.5558343789209536,0.6270096099563225,0.4428417305767072,0.8528287713555732,0.3371994362343772
-99.48771425766883,-116.918445598607,0.6373426504389716,434,886,491,1594,0.5558343789209536,0.5995436887301264,0.4520257206108754,0.8387354431982178,0.3385450254354321
-96.74911303949506,-116.65305964388185,0.6391501762346966,508,857,524,1594,0.5376411543287327,0.661570778999937,0.431881828339816,0.860405660232529,0.366915908161406
-127.88980321552471,-116.7989913785785,0.6323119420788225,411,910,468,1594,0.5708908406524467,0.6866559018714633,0.42732401231252104,0.8599516734152642,0.3555973378662298
-126.15062309573891,-116.91888409290107,0.6511030268128714,292,1009,368,1594,0.6329987452948557,0.5965388801582338,0.44066718087088697,0.8852836212120379,0.37156056004619087
-94.81183745560836,-116.63904805951762,0.6463289221540629,522,794,615,1594,0.4981179422835634,0.6589963185462919,0.438207998353522,0.8631382853343967,0.37261273350422475
-88.13545585898684,-116.28275315701099,0.643008446264013,515,846,537,1594,0.5307402760351317,0.5974328370321722,0.44008735516294545,0.8516476226010541,0.3574685818024371
-132.46805755432578,-116.48257172981734,0.6419640311343318,433,894,461,1594,0.560853199498118,0.6902967272732263,0.4379340088770933,0.8297545509645305,0.3391897763887336
-98.61982891698908,-116.26473340283164,0.6378838363002777,493,843,548,1594,0.5288582183186951,0.6501900282696189,0.43912141501554736,0.8665443460315814,0.3609292877245819
-120.00376334152901,-116.30978195630992,0.6376600290850819,411,916,488,1594,0.5746549560853199,0.6568794076342503,0.4331550329168038,0.8478918702415308,0.3491189459616873
-93.4146909762384,-116.0372213494043,0.630898099919734,529,788,568,1594,0.49435382685069007,0.6424654187932359,0.4617770144396931,0.8919672072955134,0.3832839675757451
-90.70816863544775,-115.739232493946,0.6235938928656927,535,824,543,1594,0.5169385194479298,0.6074695252402419,0.43431879639828314,0.8699737194896955,0.38345672379592766
-105.8642620612514,-115.62440725635653,0.6174888084587871,466,855,550,1594,0.5363864491844417,0.6209318948955563,0.45848742677190685,0.8559883717459323,0.34479925879267836
-98.98773774767307,-115.43318117004983,0.6120806864294057,526,800,579,1594,0.5018820577164367,0.6953170021586732,0.44517454913952914,0.8736597781439066,0.36384347790434557
-87.22109722851576,-115.11258930707783,0.6113495460975794,544,774,632,1594,0.48557089084065247,0.646468074521283,0.4519008350831063,0.8671362390264357,0.37260022193166414
-127.61426817161039,-115.25305760892651,0.6060522025234693,403,905,453,1594,0.5677540777917189,0.6554870261970573,0.43767685974989995,0.8585783156862858,0.343810223622571
-111.85547665534676,-115.21530670944229,0.6039268705088177,463,861,510,1594,0.5401505646173149,0.6192782722410728,0.45359307987473296,0.8751746058785785,0.3842431849074328
-66.43461299692935,-114.67925513018389,0.6001282823906479,583,781,586,1594,0.48996235884567124,0.6039879766193516,0.4228557276616841,0.8059769845040787,0.3206783526298569
-114.32968429008726,-114.67545544713937,0.5968491625799753,473,870,497,1594,0.5457967377666249,0.6428431753623526,0.4461936603385126,0.8738025538484029,0.379498325326401
-114.92181132503705,-114.67810443507375,0.5940503505951328,445,868,483,1594,0.5445420326223338,0.6055015585875372,0.4124527629165391,0.876600859472954,0.3703043172018963
-69.8174403592546,-114.20086332788419,0.5882309292183845,550,771,643,1594,0.4836888331242158,0.6132763362908357,0.4287537309706312,0.8508050933806105,0.3648042210308423
-125.73777449124553,-114.32230449802482,0.5848839928576053,450,877,472,1594,0.5501882057716436,0.6790406825320999,0.4246699177959592,0.8634738962539673,0.34583513933833365
-93.83363305635957,-114.10888083717414,0.5823580477559872,472,846,576,1594,0.5307402760351317,0.631575485187096,0.46031399883412877,0.8618308644138912,0.35932282416845274
-65.37882465165252,-113.60650912392134,0.5814208276310329,618,759,631,1594,0.47616060225846923,0.5945897733165229,0.447529646998026,0.8457576991997098,0.3476609058285016
-91.83169969362042,-113.3843171909591,0.57713357830813,540,823,554,1594,0.5163111668757842,0.6309180505121026,0.428450547287127,0.854426411588382,0.364737107116066
-124.18426737469233,-113.49340759685539,0.5786015025475222,466,898,489,1594,0.5633626097867002,0.6914190070389864,0.46333240641494516,0.8506965334638478,0.3530891576507602
-106.83367421325919,-113.42681026301943,0.5899946710516258,418,884,488,1594,0.5545796737766625,0.6116700534754508,0.4526689578181925,0.8691485828600936,0.3619364728498874
-138.1776535249332,-113.75455481351133,0.5961583878337139,401,913,442,1594,0.5727728983688833,0.6810479724900177,0.4729156103457869,0.8593613301080179,0.35927200769159723
-126.45718841474503,-113.9140010965316,0.5971123716627079,444,873,490,1594,0.5476787954830615,0.685056049820031,0.4294631595424904,0.8599547309297867,0.3759523586696815
-90.83181530633911,-113.63004772927923,0.5955546499108709,497,821,578,1594,0.5150564617314931,0.633405910302385,0.41901904824316283,0.8532424093981648,0.3684808159823314
-118.34432813575017,-113.5450617452178,0.5824326234237779,433,898,478,1594,0.5633626097867002,0.6420864549881777,0.45842033350323114,0.8537615866912237,0.3756133226939081
-111.7301428929914,-113.64289866229734,0.5814694799430894,463,854,514,1594,0.5357590966122961,0.6656466467379071,0.4536574648187827,0.8419292330469035,0.34471101221933015
-130.93542624105916,-113.65971727801433,0.5795935553928317,421,906,465,1594,0.5683814303638645,0.6606161579602828,0.42124803446687126,0.8606267806701888,0.35218248928142326
-101.41270677923096,-113.05491911708032,0.5724861881821061,522,835,549,1594,0.5238393977415308,0.6169810146394303,0.43617784853380703,0.8616052054784945,0.3820521601324601
-86.46039535592237,-112.92390695599488,0.5552334024307514,507,839,527,1594,0.526348808030113,0.6261445879743861,0.4312821939404778,0.7974105228517018,0.32190402944979374
-100.30455263995482,-112.85908253086869,0.553550502630996,492,834,517,1594,0.5232120451693852,0.6539332475240938,0.4529751626564882,0.8376647578493818,0.34892273992367884
-121.86532705114894,-113.14514375185281,0.5551013530577111,440,926,457,1594,0.5809284818067754,0.6811398488550457,0.45688903073696685,0.8481467041002704,0.3354320769009831
-63.81101283232197,-112.76574830562706,0.5537916049336186,564,818,575,1594,0.5131744040150564,0.5669341926745838,0.4569776783721661,0.8509026590465039,0.3532584989832588
-86.49604169212313,-112.47333553238687,0.5391992513967956,504,854,523,1594,0.5357590966122961,0.5881101117309665,0.43705522977195316,0.8439124450315816,0.3501507123086514
-85.35488605160977,-112.05288752770653,0.5397123242756082,520,838,544,1594,0.5257214554579673,0.6085371235437788,0.44471294419868906,0.8747403043166333,0.3776399486478406
-104.05093897176087,-111.99430529900123,0.5402930977002184,446,908,448,1594,0.5696361355081556,0.57319963170708,0.4550635474476996,0.8104919338459227,0.34914592820673274
-100.52676375311384,-111.77811652080577,0.537765930807092,480,841,565,1594,0.527603513174404,0.6203119923447908,0.45307762616261704,0.8680662325274837,0.34683674790680585
-110.92918774242776,-111.45719579193978,0.5421328913755808,420,920,430,1594,0.5771643663739021,0.5755554809126912,0.4518039285774425,0.8445945359502287,0.34972546230574597
-65.85542943345474,-111.13201838068018,0.5452261767639475,609,697,673,1594,0.4372647427854454,0.5912397648848641,0.4141201206986478,0.8492326212632112,0.3415127484740471
-128.2031149058553,-111.04264637252619,0.5564431813373717,373,960,376,1594,0.6022584692597239,0.6057637888250561,0.4482741281414292,0.8219406355429137,0.35471197537550725
-152.15209530536453,-111.40764243694449,0.5417744215965107,272,1041,291,1594,0.6530740276035132,0.6265881137492616,0.4624941594545323,0.8218763154390547,0.3405002200407055
-80.14001489243796,-111.23822736888309,0.5397747563212671,514,822,568,1594,0.5156838143036386,0.569533407705088,0.43050662616209934,0.8353712702468306,0.34119703778101146
-123.29634313533008,-111.32791388624968,0.5393144215566394,449,881,460,1594,0.5526976160602258,0.6322212778327809,0.41855082424448664,0.8548006924293279,0.35382738953145176
-117.07144263157943,-111.16498722738044,0.5378288629630057,425,899,492,1594,0.5639899623588457,0.6228566830995745,0.4338265701171716,0.8660685126641818,0.3544093207383948
-115.72356703520565,-111.4179786772244,0.5222397982525584,396,954,419,1594,0.5984943538268507,0.5869368281135547,0.4254502854786051,0.8436084865608987,0.35080630542905056
-121.86228671599696,-111.20381728235444,0.5193500400828983,331,990,360,1594,0.6210790464240903,0.5578261349878714,0.4024924531134829,0.8054670232544396,0.33253761821308736
-61.133878038446035,-110.7152519806326,0.5071096235867752,610,743,622,1594,0.46612296110414053,0.6012976944217545,0.4356581898067733,0.8797374548228583,0.36925936935671955
-108.22226898191376,-110.94380125956936,0.5081586008135699,376,970,388,1594,0.6085319949811794,0.5546263117018794,0.43190075689408386,0.8121739913714777,0.32351604295224556
-119.27792808782176,-110.72478898060655,0.4817272383610006,337,992,358,1594,0.6223337515683814,0.5567257384851579,0.4366731153312653,0.8495282635190203,0.3552847623041023
-89.89900219738132,-110.17639827481584,0.4806085811642199,551,775,622,1594,0.486198243412798,0.6452471005123819,0.43036399696018035,0.8552716269734316,0.3714964973603173
-103.24445890560669,-110.24472882074976,0.47988726418694766,511,865,521,1594,0.5426599749058971,0.6084393768887227,0.44207331020046214,0.8573188471732158,0.3577995414051094
-58.800086447544054,-109.50584838345536,0.48276305821908616,575,766,604,1594,0.48055207026348806,0.5599909020153824,0.4308461773639826,0.8566231919297446,0.3500563709478262
-96.84658191064867,-109.45529039320292,0.4683653573203494,441,890,468,1594,0.5583437892095358,0.6215841813080148,0.432640434686954,0.817200440911283,0.3220867243242028
-102.5395114028118,-109.58643737226157,0.46679900159261645,431,888,453,1594,0.5570890840652447,0.5771682487963433,0.4454099043210563,0.8403439812816,0.35437288110266907
-72.01164029999447,-108.68367881529561,0.44349708693918827,534,781,610,1594,0.48996235884567124,0.5675874520221245,0.4370674689223277,0.8268827878085449,0.3427658464390332
-98.47896267215883,-108.45363968873664,0.4184424868899462,547,810,549,1594,0.5081555834378921,0.62578758755765,0.44170159971099376,0.8279196834020285,0.3591554383551969
-113.94526888876564,-107.87650172594806,0.4114850900708925,468,889,489,1594,0.5577164366373902,0.5999152968862278,0.46070211389686994,0.8876773833534579,0.3709554061195775
-89.71860958160983,-107.74129141773992,0.4135672108630426,481,848,539,1594,0.5319949811794228,0.563929875866471,0.4533000366549728,0.8700587326091884,0.3801963888315498
-79.67589928283786,-107.77650825962368,0.41302115317710636,518,824,589,1594,0.5169385194479298,0.5906626415290697,0.4456741744047903,0.8730665905752362,0.37095822815412205
-96.21270580225743,-106.92598710612634,0.4156780220103351,432,891,513,1594,0.5589711417816813,0.6091347519890984,0.3965785298345754,0.847454611137036,0.35964343518665176
-85.10823570684899,-106.35452906115088,0.4109882295337281,506,848,529,1594,0.5319949811794228,0.6229265285598357,0.4512728732196905,0.8607596965997831,0.3728460203433043
-97.92210093839937,-106.08456680311622,0.3823469011909248,450,906,482,1594,0.5683814303638645,0.5904508579267905,0.4289128845756212,0.8636954116550947,0.37759656709243006
-118.12555426940898,-106.03104733347404,0.38193810144384793,313,1025,324,1594,0.6430363864491845,0.569073831107054,0.4594759208987684,0.8423781448734469,0.3922867537501572
-85.19664104439735,-105.66856237771889,0.38118046524505667,514,826,566,1594,0.5181932245922208,0.6059611433498384,0.4169772349571424,0.8339282607804992,0.35464616016448286
-83.59160143801296,-105.3182590863566,0.382817233645154,482,844,507,1594,0.5294855708908407,0.5654779457276271,0.4637797517553961,0.8736427898109882,0.3580076535405903
-88.2548218182279,-104.76742273914951,0.38078531572094226,496,855,497,1594,0.5363864491844417,0.5176328397072688,0.4378922343360207,0.8896023156844556,0.3784208045516301
-108.96594252808849,-104.99882070949315,0.3803246227007321,310,1000,375,1594,0.6273525721455459,0.5252992857651853,0.43101068688563243,0.8284752459127656,0.3634086196666555
-41.83763783444189,-104.30583662121023,0.36387302046430925,657,681,762,1594,0.4272271016311167,0.53486781327096,0.43945367705740257,0.8766080578158826,0.3645609833514609
-130.25990544725224,-104.4144131427486,0.40199296530322665,396,935,396,1594,0.5865746549560853,0.6379886527452391,0.43022958343886103,0.896546383564071,0.38869429230066654
-84.77905861746693,-103.92667705930062,0.40251377722037157,484,858,486,1594,0.5382685069008782,0.5955489084873892,0.41654185070416605,0.8143902913815592,0.33430950521104397
-82.67082406514227,-103.57339047702636,0.3943956602842961,492,820,536,1594,0.5144291091593476,0.5625564899038195,0.45068346201816734,0.8631602828267195,0.3641465054001262
-99.62803807525317,-103.54975036762978,0.38972323788007635,551,814,564,1594,0.5106649937264742,0.6357305807682891,0.4177025231002907,0.8494535627727073,0.3594628042881081
-80.39840585157711,-103.3314651276979,0.3914378933538859,595,769,606,1594,0.48243412797992474,0.6120702781909252,0.4068621854947092,0.8482493811296028,0.348548050404421
-92.57032838265555,-103.35399855225218,0.3923418244955211,386,942,444,1594,0.5909661229611042,0.5134934709241853,0.4284344650237357,0.8318490986596601,0.3483514443087831
-94.16480764664728,-103.20697945083865,0.39140919697682713,477,866,480,1594,0.5432873274780426,0.6000554163371963,0.43043021610293536,0.8635679051167482,0.3712395141736217
-105.378937220143,-103.13208121413015,0.38317223391404,438,892,482,1594,0.5595984943538268,0.53440354098758,0.4356790097879411,0.9006206143400313,0.3739851148265862
-93.09555602842593,-102.6522141894957,0.37510840747506435,504,810,561,1594,0.5081555834378921,0.614248115945105,0.442413979996415,0.8327721407335208,0.3479628707931901
-98.31709241681344,-102.50173913072632,0.3866183985328242,503,849,503,1594,0.5326223337515684,0.6233429151552567,0.42567950613123384,0.8533409824191963,0.36778511454499985
-88.77232257550362,-102.11490983932258,0.39297050474732487,392,935,442,1594,0.5865746549560853,0.49834246047981284,0.4303695597988939,0.8255543734580476,0.3498996957464844
-98.84678726737279,-101.76257690717252,0.38674533431155894,505,840,526,1594,0.5269761606022585,0.6167275805111525,0.4409477746056448,0.8694053284483697,0.34839895260966486
-68.4515396091167,-101.15871787331079,0.377848189008718,494,852,497,1594,0.534504391468005,0.5348995596533166,0.4631348864110672,0.7889332860179069,0.3188627105813351
-141.78246532818233,-101.64194527956678,0.37696133375535595,250,1066,274,1594,0.6687578419071518,0.5874864162385566,0.43279920434505204,0.8299332905995513,0.36160171503406524
-92.06229537923453,-101.2843524887205,0.38027581202838023,517,806,607,1594,0.5056461731493099,0.6171008574287375,0.4057905214542298,0.8577836757844355,0.35444275338785414
-90.07946109648331,-100.98786027163447,0.3818431734007051,527,813,556,1594,0.5100376411543287,0.6328934848423969,0.43282414443836453,0.8116729398854261,0.32909687710211966
-69.74700392310136,-100.52147361012099,0.3821835171730524,550,749,629,1594,0.4698870765370138,0.5794492981960945,0.4371437969904287,0.8706541583961334,0.37992336657120496
-103.54912038681188,-100.43193206618851,0.38076272075972833,405,950,413,1594,0.5959849435382685,0.5293727964128953,0.4491505586820699,0.8625982258025526,0.36648795469708473
-96.08585016156594,-100.46036522261282,0.37992728824908645,418,878,504,1594,0.5508155583437893,0.5187412168812318,0.4286616625051619,0.8701457949406116,0.3587088960765982
-116.59039850469188,-100.45355424496644,0.39676295047614074,447,892,493,1594,0.5595984943538268,0.647311653413415,0.436305438722353,0.8453347965187117,0.34680594073510385
-59.91541038391915,-100.40080531668649,0.3975820699456685,562,771,616,1594,0.4836888331242158,0.5769082269457999,0.4310891010865799,0.8454579949248741,0.3505781213801653
-88.74809812477524,-100.2871464363706,0.40021731746951106,595,720,670,1594,0.451693851944793,0.6370333190569091,0.42855422613155864,0.8517840198435878,0.3538136250581171
-109.63308072818832,-100.36454588828245,0.3991739983665837,312,1036,317,1594,0.6499372647427855,0.4812184789519578,0.4328020693564434,0.8513838168960792,0.37785115473832115
-92.13126445672327,-99.87725182953041,0.4016253598006235,513,815,575,1594,0.5112923462986199,0.616449326841546,0.45700439311380786,0.878463852036089,0.36760382224256904
-79.84537321895289,-99.31491209995025,0.4031209095588915,545,795,592,1594,0.4987452948557089,0.5728734256829081,0.4467007610909567,0.8636836131039902,0.36014976890607675
-94.2653052879351,-98.90907611545646,0.41248093804685915,495,833,569,1594,0.5225846925972396,0.6244292366575969,0.4538073112835767,0.8538257626452831,0.35753349367526077
-113.66811999101436,-99.27856378150227,0.40626081369619244,392,922,450,1594,0.5784190715181933,0.583141785109713,0.4649759092743747,0.8536457515170582,0.3716084488916761
-104.13994068825046,-99.2386411104557,0.4088327970809389,450,848,549,1594,0.5319949811794228,0.5779103607426053,0.46877772283172087,0.8367793143418116,0.33979680438087845
-104.85766521865389,-99.29234062006554,0.41119763976464896,400,922,440,1594,0.5784190715181933,0.5372548624294936,0.44466024400172005,0.8348741445085537,0.3382125986046836
-134.7095748941903,-99.6719452386125,0.406707118937435,286,1054,322,1594,0.6612296110414053,0.5622261262878201,0.4390962916073885,0.8790112920717755,0.36772356873864076
-75.21520207517375,-99.14519922720898,0.4060094475074632,585,755,619,1594,0.4736511919698871,0.601004479834942,0.47693687301486726,0.8351609145388295,0.336291786559885
-64.55154934752153,-98.52920848972681,0.38735564422294416,518,838,548,1594,0.5257214554579673,0.511966075433113,0.43941096628934007,0.8237213730422169,0.3492610972976411
-101.39664200170391,-98.59505653518778,0.38555163672287024,498,837,543,1594,0.5250941028858218,0.6569004463709744,0.43012565057945784,0.840522761351371,0.3509016390104355
-84.03549793579649,-98.55405695595586,0.38200571564210906,531,816,563,1594,0.5119196988707654,0.5897763359712436,0.4501264281211335,0.8519011991785594,0.35786289482230377
-114.27505455836634,-98.37212692599626,0.39687210591107575,418,889,477,1594,0.5577164366373902,0.5950870781893046,0.45522548800819107,0.8258685477452761,0.3411200955578233
-85.91550078542616,-98.24508364468062,0.393937135237281,516,801,595,1594,0.5025094102885822,0.6003048358036467,0.46199360470041334,0.8097327449631737,0.3385882290189348
-102.98179564040365,-98.07486396766937,0.38925557670592426,520,801,547,1594,0.5025094102885822,0.6469367866288322,0.45030833085096245,0.8481358715746341,0.34780619891095543
-80.13373254089952,-97.942054383316,0.39059574923885265,542,784,629,1594,0.4918444165621079,0.6288744943445225,0.44285661900296547,0.888159057614867,0.38087224847130263
-92.14960087846023,-97.95646870574613,0.3921431518415746,513,856,534,1594,0.5370138017565872,0.6208371660522414,0.4411448224939915,0.8498722628267564,0.3612655660281101
-105.2839630732263,-97.95066571586587,0.3923497791526776,405,903,445,1594,0.5664993726474279,0.5287384422215727,0.45013724089403484,0.8652702168914846,0.3577284062073161
-103.86648751907795,-97.99945321357991,0.39417091866572096,463,852,534,1594,0.534504391468005,0.6199630373238161,0.43958596330730837,0.8685635888697847,0.36460035384054645
-72.36607761063233,-97.85090301740105,0.39103040290084934,557,765,650,1594,0.47992471769134254,0.5962292538615531,0.4572075892573591,0.8687492786450558,0.36452196145174603
-92.53673589532218,-97.5001276946382,0.39120963137168124,501,847,557,1594,0.5313676286072773,0.6226263804506806,0.4513532464530477,0.8541399357447251,0.3587401671130648
-116.8312401451314,-97.54988532953602,0.38831516989785947,332,983,391,1594,0.6166875784190715,0.5692154660564172,0.46394940081297026,0.8088434432872917,0.322190862134197
-96.23997529747396,-97.84793895254148,0.3867154905318809,493,856,511,1594,0.5370138017565872,0.592156763332645,0.44066113894188125,0.8616668891885036,0.3645960991059628
-93.03049310454294,-97.63494704068606,0.38611537572043114,469,869,538,1594,0.5451693851944793,0.5915552039726567,0.45519536475715583,0.8216045553353792,0.33589339272954877
-103.80376994376034,-97.5237666268733,0.3835827647836596,470,865,471,1594,0.5426599749058971,0.598309171065226,0.4503425285167548,0.7718999330040051,0.3009473526234405
-100.92411679821421,-97.83483339126289,0.4006664866360942,481,849,538,1594,0.5326223337515684,0.6458210463469687,0.42820458322378374,0.8765138250766795,0.3640106045737223
-92.73805768040116,-97.50483622315446,0.401210766095071,441,883,461,1594,0.553952321204517,0.5515489585115154,0.42536461128282765,0.8037376527260203,0.33534097865640083
-78.44990098457076,-97.35099890243654,0.398209276853203,579,770,613,1594,0.48306148055207027,0.6125875208136227,0.45619144349503765,0.8602126426953269,0.3613353275744807
-78.23936088957008,-97.47960426481573,0.41395089581761174,526,828,530,1594,0.5194479297365119,0.5839456252805417,0.44218843184864143,0.8115679846200845,0.34506771559822424
-99.54712910373527,-97.55675855891688,0.4136845692823839,459,854,507,1594,0.5357590966122961,0.5648124608334053,0.45621990865782613,0.8442505753200382,0.3378530605185601
-65.91459545916882,-96.97406183976167,0.4113227187161486,566,789,635,1594,0.49498117942283565,0.5855856329969498,0.4623561510809577,0.8574839826529748,0.3524754472467532
-107.68103741586866,-96.98253547178774,0.3955232285173293,430,912,457,1594,0.5721455457967378,0.6098381320491969,0.4489905554764569,0.878077775321174,0.3791893232551944
-93.34561938988266,-96.53421513043725,0.3899819250562879,507,809,566,1594,0.5075282308657465,0.6166868541029161,0.4309201894408985,0.8584483514046058,0.35433538862484176
-97.82055125490984,-96.24784875883888,0.3892189846067285,524,837,545,1594,0.5250941028858218,0.636620877332524,0.47618325172105297,0.8521700152810576,0.3609753477470935
-82.65906532133899,-96.16612125898888,0.38995813734007584,456,881,471,1594,0.5526976160602258,0.5742557256660401,0.45222670389425357,0.8003036175496054,0.3284519950654167
-92.83479644242696,-95.91102594205562,0.38719364551682006,492,844,531,1594,0.5294855708908407,0.5352718665088337,0.42449143673707124,0.8487867254308824,0.36072799595108407
-102.04943695084309,-95.81421888263417,0.38682490613670395,427,911,485,1594,0.5715181932245922,0.5891666618121658,0.4276523768756642,0.8228894389448305,0.3579198941460763
-107.37412447356336,-95.57860586495919,0.38577385826976857,462,855,533,1594,0.5363864491844417,0.6118881739484362,0.45250427927878417,0.8506156326218125,0.3410443221435983
-108.08152608830416,-95.64529405804993,0.3951725851380661,472,861,478,1594,0.5401505646173149,0.6190534666460501,0.4647697869685858,0.8690728188677797,0.3542889979663048
-66.89776923746619,-95.4496677968654,0.3951963076569793,636,732,666,1594,0.4592220828105395,0.6152410950387597,0.4478268998274269,0.8657411011621513,0.3492580422085254
-100.91230372967983,-95.45574530776263,0.39668599271679206,457,868,483,1594,0.5445420326223338,0.5976710583961031,0.440645322302013,0.8308242918103798,0.3520412058127874
-89.8491157086348,-95.13558319433749,0.39639070173698343,552,804,567,1594,0.5043914680050188,0.6270320296145664,0.45375945026002107,0.8621658527885141,0.36462981078429335
-108.76213097107363,-95.585094375725,0.39458222254366926,446,879,459,1594,0.5514429109159348,0.5967401274788473,0.4000585978440228,0.876518521681242,0.3722952214475784
-84.91567197133323,-95.56929067851712,0.39550442028350574,528,804,553,1594,0.5043914680050188,0.5810923912254387,0.41549063989639284,0.8608368320493974,0.3494254783819432
-98.38194725385809,-95.6995612905396,0.3951573279972662,472,848,518,1594,0.5319949811794228,0.6048939937605158,0.44058621301380435,0.8227856619714483,0.3273909387797289
-97.49873326680432,-95.63403923349001,0.39672476669280565,483,872,489,1594,0.5470514429109159,0.6338005854653365,0.45714153797607193,0.8548144371118904,0.37361079949343945
-83.90759193656142,-95.46784751532451,0.398315195712845,495,857,522,1594,0.5376411543287327,0.53706556323982,0.4279967106658343,0.8442911111349038,0.3470457129236894
-76.87266524804735,-95.1272822903807,0.3953377447857308,547,804,608,1594,0.5043914680050188,0.5426383428034045,0.47771851700266466,0.8696573403824591,0.3761284814136399
-66.0551731337545,-95.12927972738369,0.39305264903534676,592,771,636,1594,0.4836888331242158,0.5618502684630045,0.45297015348291636,0.8447552751602426,0.3503520888492121
-93.80738359656137,-94.78532241429075,0.38678360739954065,393,933,481,1594,0.5853199498117942,0.5633186307039248,0.4454859622190785,0.8590789875826791,0.36687064883487913
-111.61184674095396,-94.37991992864664,0.39032097973328256,437,902,485,1594,0.5658720200752823,0.6199874529065535,0.4463697041972569,0.8727453600695082,0.37306686504963604
-110.45290462270316,-94.6830488259493,0.39129053691964066,482,844,554,1594,0.5294855708908407,0.6260267543596767,0.46299444613847346,0.8629463748163347,0.36817366865248935
-84.86303553070975,-94.29871574990311,0.3917234948814326,549,775,608,1594,0.486198243412798,0.6180104358656123,0.46296505609360905,0.8435686715158458,0.341361698700217
-81.97848306576425,-93.94778615424495,0.39247410258891885,544,850,545,1594,0.533249686323714,0.5762295448366181,0.41299577606936844,0.8681305803323611,0.37408953354607644
-120.50037578669927,-93.99555424175989,0.39277558317280786,338,987,363,1594,0.6191969887076537,0.5615944837474869,0.40647684840540177,0.8388493858521545,0.34463254359727025
-76.34869245656131,-93.54041829916552,0.38989594113695764,515,819,583,1594,0.513801756587202,0.5649324457838826,0.4348159995839333,0.8549100903814283,0.3523547899475873
-126.84942312445132,-94.19757375002557,0.38876799396485623,333,1009,333,1594,0.6329987452948557,0.558815427981986,0.4552583423179239,0.834688600837989,0.34777400265979
-72.02042162091003,-93.83555527641555,0.3877421152533038,537,790,567,1594,0.49560853199498117,0.5517015448090917,0.440910486692847,0.8384830395755936,0.35571670193279303
-74.69211345477689,-93.38969713008508,0.38749378176815924,519,792,609,1594,0.4968632371392723,0.600750841052963,0.4391020101766178,0.8556134886027589,0.3557507272693248
-80.05815045103905,-93.29128861262167,0.381240152728884,487,834,553,1594,0.5232120451693852,0.5334423447245724,0.4239470297363373,0.8688743406132399,0.36884407222305293
-86.98585274481879,-93.12870255101379,0.3821120427803421,516,808,587,1594,0.506900878293601,0.6258048446523566,0.3932821838515008,0.8527540268057564,0.36101079329189417
-122.60133701354177,-93.76671505667379,0.3784145518845192,376,939,405,1594,0.5890840652446675,0.5895900771381989,0.444389512471692,0.8754919690625079,0.37300501034022326
-52.82225765958796,-93.32647181416316,0.37423739247435767,624,731,624,1594,0.458594730238394,0.5519169690901898,0.4445915245519382,0.8506612998936471,0.35264995090497914
-99.90810877928429,-93.30015778792789,0.37483543054193746,448,899,458,1594,0.5639899623588457,0.5858372691156125,0.45275662719685306,0.8405215802424733,0.35337970652864287
-81.55005399125103,-93.39554192484047,0.38087233131612275,501,849,516,1594,0.5326223337515684,0.5114906546880106,0.4503285632810219,0.8438902844327505,0.343432471207373
-118.25042450957132,-93.59325654321458,0.3796106034684735,386,926,424,1594,0.5809284818067754,0.6285523216472283,0.44504575286783,0.8471396941793368,0.37003327322418467
-109.98452441599875,-93.55364909848691,0.369441727252556,408,921,467,1594,0.5777917189460476,0.5983778268823059,0.4299274995880701,0.8612025933162863,0.3719307708231261
-84.41330439444697,-93.5005960466153,0.36823947523077727,542,815,543,1594,0.5112923462986199,0.5915288901213456,0.4444823502852293,0.825443165809338,0.34083181159368914
-126.05726990064764,-93.9644097527934,0.3673627268354698,316,1004,320,1594,0.6298619824341279,0.5790280953804503,0.4546383554341039,0.8126622273426996,0.34724182675681
-99.17887727373582,-93.99407146750818,0.36470585800224115,488,845,524,1594,0.5301129234629862,0.6004705208960338,0.45016772450312803,0.8516226770811913,0.3534721697968363
-103.2029355945874,-94.17501846638555,0.3647280574797548,397,939,462,1594,0.5890840652446675,0.6022874605425192,0.4456309720137164,0.848401096192772,0.3550163759378695
-92.77225959912316,-94.12352005299279,0.3588241659485182,488,839,530,1594,0.526348808030113,0.563285140773508,0.46145900286848573,0.8657364107738368,0.35691421905023435
-112.98930502021123,-94.07215756050081,0.37142445953658265,335,1012,350,1594,0.6348808030112923,0.49355325445957066,0.4821626387859497,0.8227744305469805,0.352581390567778
-78.73487308733232,-94.00753988093017,0.37175903687520795,525,844,545,1594,0.5294855708908407,0.5100137523703232,0.43509257581720023,0.8599834455522484,0.3853594819870043
-81.00939563899797,-93.98171782294001,0.3707410929096628,508,852,510,1594,0.534504391468005,0.5523236015696733,0.46138881158969186,0.8346779291643902,0.3707703208827716
-77.27550975862249,-93.87192470234395,0.37108726165934186,450,892,459,1594,0.5595984943538268,0.49423791548394796,0.44162920918770643,0.8008577950213907,0.32167871274865045
-103.07899113435577,-93.81305518840664,0.37758963959785297,386,953,447,1594,0.5978670012547052,0.521548595898268,0.45029778220486477,0.859075452281048,0.36849367981432823
-103.72893538146576,-94.43196816387686,0.3758706405972905,408,908,469,1594,0.5696361355081556,0.5762458366396619,0.39526698959988643,0.8669916301823377,0.3475596689710163
-121.12741877677128,-94.34064329717206,0.3339979216377838,364,964,401,1594,0.6047678795483061,0.5536120120294291,0.44233353532458913,0.8819103278235343,0.36025360671029927
-73.87747356038945,-94.2316274466013,0.3351777859988579,508,841,526,1594,0.527603513174404,0.5685759941924549,0.4423972642088584,0.8207400411871945,0.34596581622375316
-75.80013850684952,-94.16292059101835,0.3295910576326997,535,786,651,1594,0.493099121706399,0.5884407251292194,0.4501372091375412,0.8686622846801506,0.38476283921021087
-97.19695506624902,-94.13860976092832,0.3300133117589608,369,968,406,1594,0.6072772898368883,0.5132970930788733,0.4666110123599595,0.860473189949787,0.35403334835701583
-109.84822746370776,-94.4331079770496,0.3432491945365399,372,957,425,1594,0.6003764115432874,0.559439426881835,0.46393995172722363,0.855643620231821,0.37324149561383396
-43.395582054370806,-93.94136051376678,0.34021237190398396,666,654,733,1594,0.410288582183187,0.5807289456004475,0.4359109925992283,0.8281126284453022,0.3320557546757481
-116.23763001866884,-94.162088737487,0.35724459308173273,437,881,516,1594,0.5526976160602258,0.6380412520376318,0.44078767748989706,0.8467626470160153,0.3446991534199499
-50.572876770380304,-93.61402813298938,0.36005778338129035,615,754,622,1594,0.4730238393977415,0.5575950461388175,0.42791939364363235,0.8285253508390688,0.33447798039234894
-73.51409272813095,-93.41821349998641,0.35632961625811244,505,814,551,1594,0.5106649937264742,0.5344681134033049,0.4568053249447885,0.7586762512818411,0.2860315514357198
-62.139090012091884,-93.05643347593922,0.3412648497666037,584,752,668,1594,0.47176913425345046,0.5736621307741923,0.4344520724263896,0.8677682858339284,0.36847903213234073
-88.8258241421031,-93.05696849160519,0.33120706571589376,446,873,512,1594,0.5476787954830615,0.559890482336575,0.44173704345755865,0.8133665694382084,0.3275448117013215
-105.2308610382118,-93.12080922931356,0.33249954510637225,444,884,468,1594,0.5545796737766625,0.5979327846159505,0.408734571240949,0.8804069050818892,0.38262645796413
-69.68276005748316,-93.13312143379723,0.3324176808144499,496,854,498,1594,0.5357590966122961,0.505979205861223,0.42290743842895656,0.8342055592224873,0.3425297896559275
-50.335856683971414,-92.21865534735511,0.33513982743970133,559,767,626,1594,0.48117942283563364,0.5236384620723676,0.46590000427294637,0.8441617198636091,0.34218133222492114
-73.93353298797274,-92.0373677234425,0.33215944723896745,523,803,574,1594,0.5037641154328732,0.5628030330397876,0.41042417657039765,0.8508952495007975,0.37381654977054757
-97.41198943581091,-92.11069300683576,0.3315144986792099,408,957,432,1594,0.6003764115432874,0.5296696553301362,0.4175213188374078,0.8306881694434699,0.3584729548054728
-102.08365512068407,-92.4340595188116,0.3322983542491276,429,918,430,1594,0.5759096612296111,0.5422883231127207,0.47096854803361204,0.8183876862501775,0.33638918336861856
-109.60311661809655,-92.49459948112445,0.3331255869708756,406,909,407,1594,0.5702634880803011,0.5869062589057479,0.46545208247078584,0.8272544735470025,0.3372028991560628
-102.44313536176024,-92.55817233312641,0.33401185848381687,495,807,551,1594,0.5062735257214555,0.6443792307146385,0.4612615754239716,0.8707850750067543,0.3732822681540426
-67.42313960311691,-92.06649974411066,0.31641796549053447,434,908,472,1594,0.5696361355081556,0.5046686993350985,0.43246711444700386,0.7992566955489608,0.3369595678128385
-96.61361344961402,-92.43348177476759,0.3164006308075459,512,829,513,1594,0.5200752823086575,0.616353844254166,0.4458840303356179,0.828826788599728,0.3432875558108405
-124.1931722395828,-92.78793251591567,0.3264520398571189,386,962,411,1594,0.6035131744040151,0.6321114004513325,0.45816620865700086,0.874238243556561,0.3679673600797788
-80.93669277031452,-92.5009686363369,0.32654612991103127,539,801,539,1594,0.5025094102885822,0.5931856211551664,0.4436979682284018,0.8063284835955982,0.3150163855274901
-89.45316337009585,-92.47418762547063,0.32646693482245226,493,857,515,1594,0.5376411543287327,0.5530820858474048,0.4498249062007566,0.8574157226088832,0.3582755279962774
-68.80074917679252,-92.36374138504904,0.3249822995928035,512,802,592,1594,0.5031367628607277,0.5254851008458876,0.4363696008893401,0.8183424052090317,0.33805571673334806
-76.36052580510375,-92.18469359022075,0.31310953401811725,489,874,517,1594,0.548306148055207,0.4715053154733991,0.42807297755066587,0.8368670898457644,0.3437967250551412
-82.8119097377531,-91.87613148768813,0.3133716906512365,484,836,542,1594,0.5244667503136763,0.555659910271586,0.4626700611170309,0.8581042793632575,0.3483369106792712
-86.53671575206292,-91.70009923832626,0.3159527677667585,409,946,436,1594,0.5934755332496863,0.4872075251266087,0.43855797977982053,0.83230398796535,0.36541418752096133
-78.54755771206189,-91.4369981632603,0.31560954339059655,477,882,501,1594,0.5533249686323714,0.49179488571075947,0.46032714146375175,0.7904579662996611,0.3238009552122884
-82.2969097807322,-90.91287151212576,0.3147341786904787,572,812,572,1594,0.5094102885821832,0.5730599383561044,0.429424188872076,0.8481792291318031,0.3625832809985003
-73.13444056348106,-90.89206389700882,0.31458987308864406,524,827,525,1594,0.5188205771643664,0.5335288640548875,0.4467560920483358,0.8053809724093556,0.30001310140356474
-74.43086853760948,-90.99085708890969,0.31555860031141375,524,837,525,1594,0.5250941028858218,0.5324880673687236,0.4414142273662492,0.8731054569892122,0.3736470395368909
-79.76617760065479,-90.77455244489921,0.3147094615665368,554,773,596,1594,0.4849435382685069,0.5762141147146831,0.4395086500151686,0.8461040011350096,0.3570499319454124
-97.61184087186008,-90.91031587425985,0.34714938845982984,496,833,532,1594,0.5225846925972396,0.5630534231095448,0.42088256217352543,0.8550962316627233,0.3518602525302744
-101.19357028953583,-90.77950103157153,0.32849595845819257,433,914,437,1594,0.5734002509410289,0.5465991861985072,0.43954930614861204,0.8071886310579395,0.35349106555644905
-73.73470289593983,-90.65769305267666,0.3313215504477063,528,804,594,1594,0.5043914680050188,0.5732161509409759,0.44831097918235274,0.8214339595450311,0.34462393424618926
-73.81694226975608,-90.36604451897017,0.3331312954716153,511,828,550,1594,0.5194479297365119,0.5286664570034306,0.42949056356384235,0.8508748676460081,0.355408385510839
-67.838305688823,-90.24309025044944,0.3344627330772142,565,771,600,1594,0.4836888331242158,0.5818245988067864,0.43337975987018545,0.8497490786971733,0.35945485160681157
-86.28969578877539,-90.18449119955258,0.33524527563346396,497,847,543,1594,0.5313676286072773,0.6060419018215374,0.4600339079721634,0.8320963923489934,0.3509037494713838
-66.63468269890643,-89.79799839580939,0.33602338177561514,516,825,526,1594,0.5175658720200753,0.511709878156838,0.4686483748738235,0.8228820925691247,0.34375876845859415
-91.37501301723786,-89.673083650791,0.33333761851051974,446,882,455,1594,0.5533249686323714,0.5404850267122813,0.4299734825265187,0.830948965192598,0.339245481550593
-71.58419198299613,-89.66526479451464,0.3312231159865501,587,762,614,1594,0.4780426599749059,0.582519088403048,0.43042810814244226,0.8374164438280911,0.35502366750006087
-73.0043618113402,-89.46994105367482,0.33019313415819007,519,820,565,1594,0.5144291091593476,0.5503876899158495,0.4571008394230306,0.8466216942288745,0.34785423911145663
-91.63457186628105,-89.21797437088631,0.3320594267447408,398,936,458,1594,0.5872020075282308,0.523870669885525,0.45704460638181726,0.8306804891131896,0.3450611594351722
-58.89876505749597,-88.84456226848653,0.3310765525931656,540,830,548,1594,0.520702634880803,0.5107296275132406,0.45430449574242915,0.8196963603169602,0.3480319755337619
-90.73551152228724,-88.82161245266397,0.33152593754444815,496,831,564,1594,0.5213299874529486,0.5594381005934319,0.45033501344327775,0.8498291420723625,0.3493609260642115
-98.7117594326666,-88.77069234755305,0.33140178704600387,481,868,501,1594,0.5445420326223338,0.5824865300327535,0.44966115605250595,0.8410338394045086,0.34298455401371364
-57.8064106834956,-88.33951528640586,0.3169881114962758,585,752,595,1594,0.47176913425345046,0.5434290614653365,0.44512525006574194,0.8308254599551486,0.3432880463831691
-97.02553189639733,-88.38239002856581,0.31658828666941735,435,892,455,1594,0.5595984943538268,0.5712055773142127,0.4609999244505696,0.7681880713874465,0.29759097313791205
-79.94817463668986,-88.39737276508698,0.31971481760154846,578,763,616,1594,0.47867001254705144,0.5892780498724632,0.4586820054964793,0.8677607632062865,0.35570033480700186
-74.93755587612166,-88.36435471495251,0.29962664364305047,470,874,483,1594,0.548306148055207,0.5510508581002249,0.44610773004642773,0.8220460664868664,0.36141736231450045
-57.15251000413835,-87.94040852395656,0.2984791228920444,586,789,586,1594,0.49498117942283565,0.543058780647729,0.4484943387734458,0.8326178494381362,0.3463423483334839
-62.84600856050919,-87.90972265496994,0.2946865072794183,580,793,609,1594,0.4974905897114178,0.5279986119847494,0.4460237937529181,0.8263947945772523,0.340584583633616
-90.48772497875134,-87.73778953059879,0.29388771900323635,523,827,556,1594,0.5188205771643664,0.6128489078977977,0.42969977965807654,0.8549942197323621,0.34528107016239273
-120.00549101072718,-88.00438824680721,0.29943539662312146,374,972,375,1594,0.6097867001254705,0.5694351291372828,0.46034879012516966,0.8280875117713125,0.3437471884567619
-65.34041015191204,-87.67958683577724,0.29872387030400316,504,807,555,1594,0.5062735257214555,0.4697854711362145,0.4752243834525506,0.8258718503481485,0.3416710469827542
-66.06173485672076,-87.51361353113106,0.2978869439514717,511,842,569,1594,0.5282308657465495,0.5141363019589827,0.4382981047361218,0.798092575973646,0.3102335704377784
-90.14490057908631,-87.48671457249765,0.2980077382298019,336,983,416,1594,0.6166875784190715,0.46856476631373944,0.4600060980632726,0.8424602413509392,0.35850952268533753
-72.42269279781878,-87.1904471309674,0.2956522809706597,562,794,587,1594,0.4981179422835634,0.5501855610810843,0.4247008488052705,0.8537190183636724,0.358253249836066
-82.44360888385138,-86.9411419750703,0.29615090082842604,374,932,443,1594,0.5846925972396487,0.4280730452228479,0.4543721924064453,0.8595606551369118,0.3640064701227653
-86.63040677868793,-86.72663078197411,0.28955848204879503,479,880,485,1594,0.5520702634880803,0.5427372332677213,0.4691629066547837,0.8374926064957378,0.35442331214999645
-61.5330991048819,-86.67298408064828,0.29119496399502526,532,779,583,1594,0.4887076537013802,0.497414610012513,0.45999472463890817,0.807338071030637,0.3233048753248182
-70.56874415348854,-86.36954848488638,0.28904390355392245,496,826,559,1594,0.5181932245922208,0.5231912089797273,0.44616436394916714,0.8212704825784152,0.3439675554489856
-78.24961416478466,-86.25355346944785,0.29115958689071325,479,811,567,1594,0.5087829360100377,0.5057334167315157,0.45371275165211633,0.8465550265924893,0.33617246454692196
-72.51183018986686,-85.8910504616358,0.2937116814050799,484,851,523,1594,0.5338770388958595,0.5611299824932202,0.4447805745304522,0.7947154237685322,0.3327332802093198
-85.09762995417586,-85.89287004146425,0.29177475543446296,463,861,495,1594,0.5401505646173149,0.5172683847316232,0.45261240921217616,0.8356555466739619,0.343522080046681
-127.38765128845662,-86.18292708181023,0.31412728873730705,306,1016,316,1594,0.6373902132998746,0.5669577292580864,0.48158018535553365,0.8502737614374579,0.3700746330872874
-96.50898956529058,-86.1730296447951,0.3161671304119424,349,955,411,1594,0.5991217063989962,0.4953421709468968,0.44440720434183917,0.8227007605681356,0.3374640352857846
-101.82045530959338,-86.35215827852541,0.3166293647352039,449,880,483,1594,0.5520702634880803,0.594772265991359,0.42957895134711893,0.8096469517894909,0.3284885185797953
-100.29358393629596,-86.58636746540789,0.31709730876760733,390,956,411,1594,0.5997490589711418,0.5738845789099916,0.4605020695949247,0.793125788583021,0.31972056358665846
-77.0358977722793,-86.69617471179313,0.3192204394670702,430,913,451,1594,0.5727728983688833,0.5218224245893635,0.4239289964023216,0.7939062657856246,0.34010340509228437
-87.68339639352914,-86.63493483976282,0.3137925005209466,502,832,519,1594,0.5219573400250941,0.5547620681565091,0.4632581582146424,0.8383387623078575,0.34637986350670646
-70.9337378778867,-86.22815375113215,0.3116588750308718,524,792,597,1594,0.4968632371392723,0.5569043246795414,0.44006810918355393,0.8520043280549794,0.3382114304195145
-83.11886657015697,-85.9548133706067,0.3101931483151541,502,843,552,1594,0.5288582183186951,0.5279265637191124,0.43173716499008463,0.8660938426992001,0.36537168298211925
-65.94559144394795,-85.76563892973907,0.3110786819902817,552,799,560,1594,0.501254705144291,0.5103425156793584,0.4513172764999671,0.8486810725694042,0.33755735245619445
-64.65363664361536,-85.59239046551758,0.31181519841045535,533,830,543,1594,0.520702634880803,0.5177689707834713,0.44888291869837127,0.8319652996516369,0.3310009397879534
-98.98969139576904,-85.37728362160827,0.31647466290887694,425,879,467,1594,0.5514429109159348,0.515676164479276,0.4671916630290539,0.849500732245028,0.356317423390194
-99.27041634295499,-85.60650086047222,0.3269482580083676,391,930,443,1594,0.5834378920953576,0.5377229782590149,0.4433650053492623,0.8393289503089004,0.33999175893490496
-85.81128149431903,-85.19611944417089,0.3277454102084723,489,861,524,1594,0.5401505646173149,0.5772327742185074,0.4391279491718728,0.8492924930026045,0.3577925218364948
-55.9230764547593,-85.03514599250938,0.3310418059846284,573,769,639,1594,0.48243412797992474,0.5444907457752044,0.4490478759518643,0.840182893334746,0.33296009637446117
-103.10319304768608,-85.31925678843847,0.33587255833176116,368,941,463,1594,0.5903387703889585,0.512275656456075,0.43924585564907404,0.84654958612102,0.3579987034091541
-115.28790862891552,-85.67155437021724,0.3360677658926421,354,964,407,1594,0.6047678795483061,0.5690089094463507,0.46995218046882775,0.8465228984438663,0.35326702492727835
-91.52337646091459,-85.71692960737819,0.3356703459898548,436,885,492,1594,0.555207026348808,0.522988685334769,0.48884392594346726,0.8569660327397488,0.3601646332696985
-117.1495986027829,-85.66241222327061,0.336473246317847,221,1091,224,1594,0.6844416562107905,0.41636415590891473,0.43986009801823983,0.8136402596465483,0.3503755040124633
-65.62353585598055,-85.79042500523452,0.3371996037554508,520,833,538,1594,0.5225846925972396,0.4759304440626847,0.4468383652979086,0.8300935753595093,0.34546805707880207
-74.33857519254772,-85.53472966936715,0.3347899642401876,453,880,533,1594,0.5520702634880803,0.505443575039718,0.4514794678944242,0.8708186699209592,0.3741912617965458
-76.91993900831717,-85.4884285195378,0.3285974664989112,602,781,621,1594,0.48996235884567124,0.5850937982345347,0.4351530121631241,0.8602154157037523,0.35822011857712666
-75.71700466555002,-85.06309432109761,0.33048366299416587,563,802,573,1594,0.5031367628607277,0.5774622278106568,0.4357867844836336,0.8279006725508918,0.3515884054818144
-52.755377585535335,-84.49080285279298,0.33209727873899875,586,797,605,1594,0.5,0.523899964596518,0.4248977118576424,0.8350148790184615,0.34298651280562703
-94.62296254922109,-84.59289943434072,0.331215494389747,368,956,393,1594,0.5997490589711418,0.48352776449152507,0.4472534867858098,0.7861700015496353,0.311597960411546
-78.14946732927874,-84.11382140862703,0.3311760992975088,399,917,436,1594,0.5752823086574655,0.48749653524774555,0.41978959548020023,0.8049138616452564,0.3456780490135115
-77.716167679769,-83.89919431268736,0.33141271714979176,447,874,465,1594,0.548306148055207,0.4862992668535684,0.4352335888510383,0.8028282169419954,0.31911766617064974
-89.90559008538412,-83.76622085759533,0.33397162995742136,501,837,513,1594,0.5250941028858218,0.6249315407515469,0.437386408565997,0.8540686007269143,0.3668101270210091
-101.95851141664978,-83.85808337577059,0.33179439141641603,338,1000,351,1594,0.6273525721455459,0.539286490753204,0.4308816958554305,0.8138099987039651,0.368117133400738
-56.33978069396599,-83.29158813250814,0.3232629740252544,533,788,599,1594,0.49435382685069007,0.5369321130860832,0.4402801350179038,0.8271909769735092,0.34314934099711575
-112.00694022091484,-83.62430880384397,0.32622823686135854,293,1026,310,1594,0.64366373902133,0.4652946140814134,0.4544603968776072,0.8178289225888905,0.346207875539613
-72.80242517403236,-83.54223909919429,0.32814379221687034,532,781,582,1594,0.48996235884567124,0.5559274483397668,0.4440197844501779,0.8656146744223412,0.37150887797676957
-103.73126799179322,-83.80679668152601,0.328886548350761,361,967,377,1594,0.6066499372647428,0.5022940456329276,0.4314830202981719,0.8153811111919971,0.35399417855935195
-80.87012862894566,-83.58470805647192,0.33517778911641644,551,810,559,1594,0.5081555834378921,0.6073558307355157,0.45733440670997716,0.8344098437707694,0.3547331602647963
-79.59431075411617,-83.34336181019845,0.33880816483569015,488,867,523,1594,0.5439146800501882,0.5613419456806414,0.43576452596885523,0.8494190167633007,0.37114754803189304
-85.2679900236326,-82.98476752266704,0.339920971261754,502,824,528,1594,0.5169385194479298,0.5298180027522437,0.41825158023077474,0.8406776561314975,0.32291211581714185
-98.2702464122812,-83.22869525118597,0.3384464193221872,417,891,453,1594,0.5589711417816813,0.5198508002399747,0.4217821146422062,0.8267629234199575,0.34058087009822163
-67.08283863537373,-83.14152225247119,0.338389189000525,568,795,573,1594,0.4987452948557089,0.5105371348542416,0.42524578304359606,0.7921960759228246,0.3227851024794564
-98.07843900748276,-83.15033709188351,0.33768672474977707,369,966,392,1594,0.6060225846925973,0.5248616883434981,0.4559828197555751,0.8339965341277211,0.3589089636080947
-106.9927536892194,-83.12178235413865,0.3219512232036636,418,944,418,1594,0.5922208281053952,0.5412496731950457,0.47572344833225544,0.8420601861354862,0.3560215135481553
-64.71495862023633,-83.3349761197973,0.3229479727938972,578,787,596,1594,0.49372647427854455,0.566446549573948,0.4298323694936816,0.8335177856539066,0.3615706909905058
-51.36156556228616,-82.68621547523348,0.30573329253063364,544,816,545,1594,0.5119196988707654,0.4484378606093901,0.4406019280862484,0.8208771141308409,0.344381613249124
-95.00606955010853,-83.13054740303076,0.30335725562749194,486,850,486,1594,0.533249686323714,0.5883996325649182,0.45257251159525635,0.8329834839593562,0.364190927144339
-100.8771857901721,-83.40417833365116,0.3028989360737829,451,883,465,1594,0.553952321204517,0.5555667327954157,0.42418070534231644,0.843435145150049,0.3495446183506796
-88.38264663364669,-83.66661389986673,0.301316613435972,414,893,477,1594,0.5602258469259724,0.46073874226291545,0.4334665525384218,0.8528632980141356,0.34633193692208597
-63.95806410295405,-83.41793629947523,0.29528524921968724,489,833,533,1594,0.5225846925972396,0.4901637676859913,0.4529820039376459,0.8434882332895018,0.3499718894164805
-96.50049122931705,-83.33063260138628,0.29293744465683286,398,944,407,1594,0.5922208281053952,0.5124926387048102,0.4605759012973587,0.8217497734716243,0.34555407371232727
-81.37620330537179,-83.44756703386516,0.29283922960948816,533,803,588,1594,0.5037641154328732,0.5941319978589686,0.435507557380278,0.8601121316631102,0.36154567439864915
-89.81675791065034,-83.84237604613196,0.29263422269178674,503,835,505,1594,0.5238393977415308,0.5531112936082377,0.45744148464958145,0.8253737954629966,0.3552340613135157
-97.30044909939475,-84.07604520724618,0.2916874904018961,390,961,395,1594,0.6028858218318696,0.4866912732155846,0.4626202232523649,0.8301460355906967,0.3438513555121146
-66.83444878404624,-83.77026980072853,0.29258758597512535,449,873,528,1594,0.5476787954830615,0.43894772593439174,0.43973159716178306,0.8542429391624694,0.3596974292235447
-59.10299739885674,-83.34046322351026,0.2927453201570258,550,825,550,1594,0.5175658720200753,0.43467853996287126,0.4708305971062034,0.846454204011658,0.3686290686212877
-60.786121631088434,-82.85229327364016,0.29282521334181555,547,823,548,1594,0.5163111668757842,0.5233480157080499,0.43360864701796814,0.8083900243470926,0.3433098562661909
-71.26299989299524,-82.54049191895253,0.29120482158259525,481,859,515,1594,0.5388958594730239,0.4870345702010228,0.4640738729647493,0.837626307038609,0.34956215728483236
-80.52292818487665,-82.67148980477012,0.29297114097231214,442,905,456,1594,0.5677540777917189,0.5274953787261941,0.4392696365641911,0.7882314264973551,0.32414726590351656
-90.95237405627402,-82.61487741083673,0.29155225290845577,442,910,454,1594,0.5708908406524467,0.5360610009069644,0.43480003937713707,0.816671315535284,0.32630605345692854
-63.91897783246954,-82.01213546676557,0.2792189496076675,487,851,515,1594,0.5338770388958595,0.49163213273235595,0.45349655296346403,0.8365760876585844,0.3442222402771297
-80.04119888762558,-82.0031805279387,0.2776922438830249,476,876,481,1594,0.5495608531994981,0.5362196072575849,0.4755967035185961,0.8733547035402484,0.3674091396734519
-70.12575258990871,-81.80990642013683,0.2758794949010556,464,856,541,1594,0.5370138017565872,0.4545050021889843,0.4521931199206883,0.8682743261197206,0.35226515624284616
-71.32156203322164,-81.83511454870113,0.27674382889846755,486,826,554,1594,0.5181932245922208,0.523736446083655,0.43967939124822997,0.822972623421643,0.35347878888191786
-98.02910623182815,-82.05180035296837,0.2858157796996626,436,885,436,1594,0.555207026348808,0.5457667110472694,0.43735217416552385,0.805569211541081,0.3190317218175289
-64.09523942945007,-81.86463364988533,0.28540674082673123,635,697,692,1594,0.4372647427854454,0.5723283228610438,0.45919078215778864,0.8649823273821254,0.36821190470409193
-100.68674867481829,-82.00613397911289,0.27624497661860486,399,933,412,1594,0.5853199498117942,0.505839420044332,0.4645472875644122,0.8101253249820686,0.3269387131872502
-73.29321223850488,-81.9535905243773,0.2757382312230334,573,789,583,1594,0.49498117942283565,0.5643891224306513,0.45312621185957663,0.8416008955406824,0.3395618487371877
-94.55576295759765,-82.07617905614596,0.28287799743360237,473,869,474,1594,0.5451693851944793,0.5386317500111878,0.4578450044193218,0.7646445728915483,0.3002192376233813
-105.74814974263148,-82.40231614793747,0.2847396365005805,419,923,419,1594,0.5790464240903388,0.5443238662608584,0.44755159810445166,0.8277517187713699,0.34282149891928493
-72.76535910572052,-82.38566105361859,0.28393490057654097,504,852,547,1594,0.534504391468005,0.5280735717993191,0.47426733420905964,0.8653920627274589,0.3686792973815802
-72.45993598151198,-82.31259863742714,0.2846531560392733,536,794,537,1594,0.4981179422835634,0.5284398578483505,0.4565527334206994,0.85597694098205,0.3508299484845643
-82.36932563748613,-82.16017348508342,0.25411382463122734,407,912,470,1594,0.5721455457967378,0.503316884224018,0.4628403370771936,0.8360226019943782,0.33469417429750337
-63.15269750054692,-81.77976475719353,0.2527844436450693,545,801,568,1594,0.5025094102885822,0.5531700422111141,0.46422385318001574,0.8079625396463397,0.3339742121408922
-73.37265769873817,-81.77614430522152,0.25063003823361507,559,771,625,1594,0.4836888331242158,0.5473756749554224,0.4347870035956541,0.8714719639801835,0.34867761967463434
-84.3529995369039,-81.88150487789298,0.24823569239388743,451,887,470,1594,0.5564617314930991,0.5152374098945516,0.44802736336714427,0.7979425312494249,0.3272746329763262
-67.10965175661339,-81.87421833857088,0.24782335021304583,460,874,474,1594,0.548306148055207,0.5049272473730038,0.4214413753696652,0.8051216157195965,0.3385108844557717
-74.74094969956924,-81.75873087767883,0.24669878789431204,497,862,506,1594,0.5407779171894604,0.5037660353909148,0.41528949109670116,0.7764340257283021,0.3243197293876949
-97.36248581062665,-82.06600890879604,0.2541864651375471,481,847,507,1594,0.5313676286072773,0.5773686615608067,0.46747828540147424,0.7901861489867272,0.31489637561368883
-70.40453330426067,-81.85630411166626,0.2561540249026146,562,801,571,1594,0.5025094102885822,0.5267989958417447,0.45825839198515833,0.8265949088418522,0.34658635356032186
-84.48580258376658,-81.98532021767396,0.2611441150000127,486,870,519,1594,0.5457967377666249,0.5361465566205558,0.45136297787034785,0.835680818308387,0.3525730193626213
-80.34692938566158,-82.05874589341718,0.26192381690355215,411,939,443,1594,0.5890840652446675,0.4849475292709583,0.4690080160384266,0.857224887208747,0.3608430636270094
-69.44756327196951,-81.83687580747406,0.25995802695729875,505,816,577,1594,0.5119196988707654,0.5268077792363633,0.432357991208121,0.8327197815456285,0.3268003269748764
-78.33459925095072,-82.0312341494086,0.26207797373223235,501,841,533,1594,0.527603513174404,0.5391843109556483,0.4575963204248425,0.8272312373784523,0.3461851979527619
-67.80244303062891,-81.80190346449201,0.26037768398190014,506,835,521,1594,0.5238393977415308,0.5193586359347843,0.47397245147764977,0.8392320436216328,0.35059611486402786
-82.48896670170922,-81.63967553718244,0.2602447058165552,461,869,468,1594,0.5451693851944793,0.46291840763726755,0.4751031591794592,0.7957700096030241,0.31721797679453373
-89.24546140555205,-81.954066044403,0.2576871361012668,402,937,406,1594,0.5878293601003765,0.4608381670460396,0.4461643568146247,0.8600907299222621,0.3756727875591941
-84.12652693862731,-81.82507599482533,0.2559199924798575,439,927,459,1594,0.581555834378921,0.5131492324152427,0.4571329192362628,0.85183502321253,0.3605057520022995
-60.727831212520805,-81.63287256058364,0.25442130510941424,545,791,580,1594,0.49623588456712675,0.490864567279687,0.4645804849247755,0.8031987655576183,0.3394142413244633
-86.17082894093554,-81.74520529123177,0.2547141522635515,459,888,488,1594,0.5570890840652447,0.5520566517128332,0.4735278730420471,0.8375348329342327,0.3378255337219604
-95.767162998111,-82.13135182117148,0.25514354970215986,380,955,426,1594,0.5991217063989962,0.5242747621051553,0.45679008378739944,0.8135883871195544,0.3189829445014575
-75.60527068493782,-82.25894444241578,0.2547677523896757,428,903,434,1594,0.5664993726474279,0.4373049839986211,0.46601916411421057,0.8274931876814452,0.3380148089198053
-72.20469667295949,-82.07611415935787,0.25496873742997495,498,830,531,1594,0.520702634880803,0.4931890379380845,0.43228162452426533,0.846480961515631,0.35738033398511204
-67.31819245506104,-81.5492411738012,0.2482766738409896,556,801,572,1594,0.5025094102885822,0.5848680104598357,0.45333908864292016,0.8238005458396968,0.344641801795526
-64.17838811960506,-81.53762095347813,0.2491060743556763,528,812,539,1594,0.5094102885821832,0.5126057083917497,0.45321641272004237,0.8421671501527446,0.35132807008267125
-79.83556665329976,-81.67535927144392,0.25016747044047444,475,861,480,1594,0.5401505646173149,0.47307935254266,0.43975110090938424,0.8129914604418648,0.32126017468257084
-68.58685234853576,-81.45977878913841,0.2499033940818165,559,775,571,1594,0.486198243412798,0.5014717671825268,0.42874237919475605,0.834198237264989,0.32242343512722654
-54.993890538458,-81.28549076654481,0.2522991248328781,588,720,682,1594,0.451693851944793,0.5423263653007094,0.4404553673398536,0.87674407165988,0.355879761260961
-50.77407088813407,-80.96879538658763,0.2533585154571203,469,845,510,1594,0.5301129234629862,0.4410473203766055,0.43445640814189784,0.7661535061954737,0.31657818914256103
-89.86874258440861,-81.00117874464483,0.2535198087666649,461,867,533,1594,0.5439146800501882,0.5804904767518191,0.44213117040061617,0.8665565318660978,0.36449582650275386
-45.71779091945799,-80.8430256627906,0.25115143270351037,605,718,679,1594,0.4504391468005019,0.5032825922723916,0.44144501440484524,0.8155085522725529,0.326841686038994
-76.14642743512407,-80.89880249560696,0.25122396469132807,487,856,491,1594,0.5370138017565872,0.48598806289191815,0.4637663222247697,0.8047680127879847,0.31847634423049176
-65.87231415599774,-80.77502949551908,0.2483395985584801,513,832,530,1594,0.5219573400250941,0.4723631645997466,0.4451955545850937,0.837603006065696,0.3623940060866919
-82.03507153185446,-80.87026190893897,0.24692773810229748,505,846,527,1594,0.5307402760351317,0.5514450036448215,0.452460471947158,0.838216232408886,0.3445595417874532
-67.95532427339874,-80.69883885213119,0.24793452412986988,529,796,597,1594,0.4993726474278545,0.49522824752565725,0.4610142519542705,0.8206244362784298,0.3425754878858215
-128.3024012199868,-80.7079863514465,0.22539582128492136,264,1070,264,1594,0.671267252195734,0.48655408495094765,0.49348870132249695,0.7530622625758854,0.31071939010002614
-46.824592484352145,-80.21114238063711,0.22267646340505481,602,719,643,1594,0.4510664993726474,0.4884264853411129,0.4256856236374724,0.8655061528126968,0.36370053322520574
-71.93413318115174,-79.9122791593527,0.22191943393620428,534,821,549,1594,0.5150564617314931,0.5215490273956365,0.4421222098383972,0.8070303373683154,0.3309385335537249
-109.61961145051085,-80.00553943449485,0.22146792360143294,390,920,390,1594,0.5771643663739021,0.5577968950590517,0.46283625991220634,0.765679830569911,0.30549101563310677
-83.77532684199223,-80.07293372519197,0.22136548987343516,467,852,519,1594,0.534504391468005,0.5211548999428933,0.42214592051598443,0.8462991840391973,0.3332656381772179
-68.06498977684237,-79.87674965902512,0.22745385274017868,487,839,516,1594,0.526348808030113,0.49462579403645435,0.4556713597349877,0.8514332005997689,0.35985678613922134
-73.91866187542554,-79.9065988990005,0.22344642872219203,546,819,551,1594,0.513801756587202,0.5343896435603116,0.4385379402616495,0.8421412025765773,0.3367552005354193
-71.32077472605093,-79.78861798055944,0.22650975424505637,486,879,491,1594,0.5514429109159348,0.4554238450722199,0.4221406318647629,0.8401220826348745,0.3724231039825721
-63.202201130701305,-79.76118407742699,0.22458469340799117,519,837,541,1594,0.5250941028858218,0.5038934068249766,0.4379327621475956,0.8148588770679305,0.3312660786243908
-106.44641932002573,-80.17911190419107,0.22153845874737743,409,924,430,1594,0.5796737766624843,0.5191681110007398,0.4444359481039604,0.8500079833435528,0.3420855687798748
-74.67653115734926,-79.93598030180688,0.2205452078136123,509,840,546,1594,0.5269761606022585,0.5061776022049074,0.4440199308849693,0.8554875102006555,0.3629591146961738
-71.35025479362871,-79.6567786863136,0.2102568527876261,524,790,652,1594,0.49560853199498117,0.514242654068392,0.43550094837562003,0.83904085515094,0.3534657082424032
-88.14203179637342,-79.68008618933415,0.21110598423525317,411,901,454,1594,0.5652446675031367,0.4719902335319055,0.4265729459506095,0.8351179356772066,0.34666043375258004
-76.31357914159727,-79.88399121620252,0.20686544207364008,464,879,464,1594,0.5514429109159348,0.5066629916477203,0.45779524039635694,0.8324362498353568,0.3546988764476712
-93.32287126826583,-79.78618799840832,0.19959101530570295,386,930,386,1594,0.5834378920953576,0.4758789416408152,0.45003090755928843,0.863306790375785,0.3642064732997652
-61.57585931374969,-79.24906750525666,0.20225569380758507,587,773,603,1594,0.4849435382685069,0.4921158191072193,0.422151157947769,0.8217951603017891,0.3459538750593333
-69.04502637506013,-79.02428400439813,0.20215160301975701,522,804,601,1594,0.5043914680050188,0.5614541772829332,0.4217034007346776,0.8421248068743988,0.3464201475765728
-104.85225258466357,-78.90131054421693,0.20247114609248573,407,888,437,1594,0.5570890840652447,0.5298281283900644,0.46199084824120673,0.7905673151692765,0.317774961919781
-106.90484789843764,-79.31412366464151,0.20269418379606247,352,966,355,1594,0.6060225846925973,0.5258333342476481,0.43870029016763884,0.8090971470729053,0.321978834433324
-95.06041509194795,-79.52134206363552,0.20596820085779197,457,882,463,1594,0.5533249686323714,0.5273228497649896,0.4708945206537274,0.8136916179634771,0.3269963843530458
-70.75864661777725,-79.45972913973011,0.20645823764821697,502,832,515,1594,0.5219573400250941,0.4937209355035402,0.454025170427187,0.8401352992183626,0.34580960616640033
-85.14508496841421,-79.55400994275875,0.20699706735831444,476,860,479,1594,0.5395232120451694,0.4972290699214175,0.4461926445914458,0.8379714100259512,0.3594590928107751
-59.49823661136963,-79.6214385330171,0.20731768738649076,474,892,475,1594,0.5595984943538268,0.47108861719280715,0.45620102222519815,0.839301528315449,0.35927243148968746
-76.59828160705088,-79.4411917235954,0.20661164646636057,530,828,545,1594,0.5194479297365119,0.5632263403932724,0.4498816248471555,0.8340953923918282,0.3415059696339946
-93.75363134111966,-79.5972333637138,0.20719342086660297,316,991,371,1594,0.6217063989962359,0.42315369920944207,0.44577876476817296,0.8666103158917546,0.3684307687400892
-83.7678384946419,-79.65775007186252,0.20877267300620755,454,856,515,1594,0.5370138017565872,0.5014498132006525,0.41776312945955607,0.8527140094412842,0.36782445450958595
-59.140286514685606,-79.35009703615555,0.20600744382816866,501,784,624,1594,0.4918444165621079,0.45484058162700186,0.4597362838558648,0.7972767605692513,0.29974273706668075
-84.63686044681722,-79.17688052645721,0.20661081530782466,384,921,457,1594,0.5777917189460476,0.4284047787065779,0.4298205753063476,0.8107967104526075,0.33849789300164046
-62.878587962537075,-79.24226859914293,0.2026169025572706,483,858,495,1594,0.5382685069008782,0.4875326201786381,0.49200395906927136,0.851177866427175,0.3807015742264046
-129.37076396729742,-79.41590683660677,0.2002418563402801,294,1029,296,1594,0.6455457967377666,0.5553869120838677,0.43026899016430986,0.8257307873664069,0.3289135954076675
-88.46688339187692,-79.57255141878521,0.19893036846574969,531,808,562,1594,0.506900878293601,0.5563021287197522,0.46705032777898303,0.8458270367413657,0.3558263152865265
-78.16588086768631,-79.31689754754414,0.19796512821348702,519,843,550,1594,0.5288582183186951,0.5453908192149411,0.4173121732122694,0.8466759551652075,0.35143391172132765
-100.9578136453083,-79.51777439770777,0.18295133782588263,440,904,441,1594,0.5671267252195734,0.5735404869784246,0.4799344403841176,0.8327560951989953,0.3543618130145269
-87.21286320557508,-79.59395992222234,0.18158918167550261,486,866,516,1594,0.5432873274780426,0.5127027057642344,0.4544945032575024,0.8583285151123334,0.3592237588759958
-73.9185118317913,-79.48046514030392,0.18058939206385133,491,844,550,1594,0.5294855708908407,0.5160524963742924,0.44338654839309777,0.8381973124303292,0.34862770324152725
-100.85852495313203,-79.50634792571245,0.18134843850848217,450,878,481,1594,0.5508155583437893,0.5836489765833386,0.4538651580945432,0.8233489334533848,0.3380608040660274
-65.42483467288486,-79.48976788608755,0.18207964815701252,575,794,585,1594,0.4981179422835634,0.5332564716363669,0.4288919676140272,0.8557771225226666,0.37497363302919545
-82.17386616071451,-79.33072215761986,0.18319103162821787,478,877,517,1594,0.5501882057716436,0.5041054095952078,0.4590155164002307,0.8521557838669913,0.36134982989533215
-87.00875362086798,-79.13088215693635,0.18406551752890354,479,882,485,1594,0.5533249686323714,0.5097476484151691,0.42897230399959446,0.805930321131589,0.3185256313050465
-61.00457896782036,-79.09377836041219,0.18128324914427754,555,781,594,1594,0.48996235884567124,0.5006531852500717,0.43401453517527394,0.8368598285256348,0.34621108050418775
-67.99303435570131,-79.26009304834635,0.1831801020283104,502,829,549,1594,0.5200752823086575,0.5208197737881256,0.4570529826548403,0.8390393023051752,0.3608033732153216
-57.861179281650344,-78.88864414566177,0.18496117934842263,536,774,586,1594,0.48557089084065247,0.5163485964657959,0.4591433955419868,0.8014245096533934,0.3213167063870286
-99.17788993863458,-78.8716511871464,0.18402175293809073,429,920,435,1594,0.5771643663739021,0.5253867890971735,0.4377158255219546,0.8542864457357183,0.36410155312829645
-83.32486602416118,-78.82107338105153,0.18460465566764597,473,903,478,1594,0.5664993726474279,0.5219841100936659,0.4271174690894925,0.8053556315977213,0.3549696622473585
-98.413588557509,-79.16562862559708,0.18706237431042577,400,950,412,1594,0.5959849435382685,0.5242684888667326,0.4409775343160997,0.8620089612907555,0.35387138258278045
-72.47472861372654,-78.92537099944117,0.18822291834365815,519,792,568,1594,0.4968632371392723,0.5263353233697913,0.4510903514258353,0.7866377831665224,0.3241826257301996
-75.80094301180505,-78.86961839650552,0.18952721807253098,484,841,498,1594,0.527603513174404,0.5180838366394529,0.4584845613579661,0.8399266552439364,0.36139443224874285
-71.29187517578006,-78.6843695691568,0.1877723177270303,522,796,577,1594,0.4993726474278545,0.49263564161659773,0.4555873047347805,0.8502504114077503,0.34675276804305566
-67.01460947048018,-78.38151117286766,0.18996612155250073,567,764,592,1594,0.479297365119197,0.5199200476959496,0.4425535667971011,0.8663327465967788,0.3720947986155987
-109.62713542767808,-78.80943803930398,0.20302862367954852,310,1014,367,1594,0.6361355081555834,0.5114720684354661,0.45089783342591244,0.8067600541028479,0.3156542339768822
-63.55427744616434,-78.85395083977706,0.206095509231764,559,778,597,1594,0.4880803011292346,0.4903031403708333,0.45482117966742885,0.8371663295610196,0.3521355166778758
-99.70331214198723,-79.24312274488605,0.2079948955109936,410,913,410,1594,0.5727728983688833,0.5004719703101562,0.42737500723725336,0.7907848978579743,0.33794165408060733
-99.17785795628569,-79.52227132551896,0.20948134968581922,414,903,468,1594,0.5664993726474279,0.49909350786085965,0.4588670595277367,0.8544741892860549,0.35392645216398133
-63.486644784823724,-79.35190849151843,0.20902926738706729,546,795,599,1594,0.4987452948557089,0.5011521176425555,0.438313132957674,0.8569724964845131,0.3596719659498927
-88.44573845791453,-79.32684213553483,0.2104059164605821,462,888,463,1594,0.5570890840652447,0.48847805566996844,0.45150372626964275,0.8564988138693203,0.3610491770091102
-75.32627413926734,-79.44091509860282,0.21025145648397153,461,894,494,1594,0.560853199498118,0.4854391447685153,0.444926741496642,0.8361205792662342,0.3504419580298583
-64.5169280199449,-79.285672389926,0.20931089304724415,480,855,512,1594,0.5363864491844417,0.4992080195489444,0.4529595085045666,0.8158398427042497,0.3521519823825415
-56.10847946631912,-79.1454996586901,0.21167222033759814,623,689,712,1594,0.43224592220828106,0.5644648161726383,0.46687493256955875,0.84011798300689,0.33580905083091883
-81.32409839550347,-79.24552502231293,0.21414537231399555,535,797,552,1594,0.5,0.5628430537078362,0.44053819539098565,0.8349851676796348,0.34896860498026155
-84.79057523180671,-79.11313971231272,0.20557063844173318,452,867,477,1594,0.5439146800501882,0.5393482410066239,0.47145571182356355,0.8000140724143585,0.32014032256958036
-66.2883476663524,-79.13507079468174,0.20734913735416566,495,855,498,1594,0.5363864491844417,0.5131125544838702,0.4446685474878973,0.8318738678925829,0.35288918243079825
-65.30792632620722,-78.78128257119562,0.20933967066431994,519,796,578,1594,0.4993726474278545,0.49442425759888947,0.46464820473649454,0.7856994100294772,0.32322181143974166
-94.78253526989394,-78.99617580150951,0.2123903283897204,403,919,404,1594,0.5765370138017566,0.49622558986260695,0.44405310086845773,0.7836020169841909,0.3183008177795269
-92.48910495057963,-78.97550922143934,0.20549792769841266,468,864,468,1594,0.5420326223337516,0.5777755734720031,0.43627161706707673,0.7960233642167731,0.3109364462692267
-61.167692307744026,-78.52970464709045,0.20409351993959876,493,856,507,1594,0.5370138017565872,0.4152917038312853,0.4256755854943082,0.827344953311464,0.34031358290438113
-68.34240181237429,-78.48547507415698,0.20407735912980882,476,883,492,1594,0.553952321204517,0.46855998857201614,0.4526099027457433,0.8328409879192751,0.3303299427303214
-85.04662686900173,-78.61134198303188,0.2047286146336269,450,891,477,1594,0.5589711417816813,0.5446706172504062,0.4121740975788123,0.8146519513406645,0.3307126429397655
-84.19911081914276,-78.62963983484845,0.20449550361631452,494,832,569,1594,0.5219573400250941,0.5533607275489788,0.4610078217865121,0.846266646476912,0.3595932320260705
-38.85104761034439,-78.38662333594644,0.2041128053399477,598,766,634,1594,0.48055207026348806,0.46673660809480694,0.44115332402400353,0.8371526175370381,0.3532750468081838
-77.46495880475312,-78.42754634700658,0.2073226583370596,459,902,466,1594,0.5658720200752823,0.47434524800674854,0.475447390717388,0.8344663193886946,0.34568775370834015
-86.71358569701799,-78.45115220860772,0.2091720024721375,400,936,408,1594,0.5872020075282308,0.46765506208836227,0.46232007039082473,0.8062437707106244,0.31552715774750806
-99.56004475302525,-78.77565613857185,0.20648496744064043,346,983,388,1594,0.6166875784190715,0.4995041205739856,0.4649067877659863,0.8260162609097714,0.3395725043563995
-75.3865982510545,-78.7821126240867,0.20730817689052433,475,856,522,1594,0.5370138017565872,0.49763603593752015,0.45936122198053786,0.7960752640075922,0.30690105499417863
-87.84464735226511,-78.68693423950307,0.19865008409929566,452,884,468,1594,0.5545796737766625,0.5029134940606005,0.4668134881417614,0.862225143648816,0.37004809836425134
-60.22815893730445,-78.58517049583352,0.19823710797925503,537,819,557,1594,0.513801756587202,0.4726867108301761,0.43319060853761204,0.835131569354146,0.35689079341277574
-73.04246542573189,-78.47073712425318,0.19430602048182713,546,812,554,1594,0.5094102885821832,0.533587621712459,0.4560514078072232,0.825263240468308,0.347703037596755
-80.3602311067869,-78.47087014146443,0.19539124840766411,446,893,447,1594,0.5602258469259724,0.49875848497946995,0.4698616092328135,0.8132583899241026,0.3134869556653851
-85.31012200355534,-78.62949572878028,0.19605966725639148,459,900,462,1594,0.5646173149309912,0.4773884220983961,0.4668578216161017,0.8143720356238429,0.3258828462774387
-101.98100159686709,-78.86595975223945,0.20038295341502713,385,952,393,1594,0.5972396486825596,0.5724962555434038,0.43086284856872575,0.8138632367847128,0.3406355044081962
-50.23666195834594,-78.69030194151662,0.20070078288454263,526,824,547,1594,0.5169385194479298,0.45171950931519717,0.44961176046411633,0.8397542532742652,0.34286351730940673
-76.81893564370239,-78.63360163093654,0.20294300384172348,481,862,505,1594,0.5407779171894604,0.4998292297395273,0.4546926506400284,0.8045298601314821,0.31729519881819007
-50.193433275248054,-78.24308134963351,0.20264690395587961,600,752,611,1594,0.47176913425345046,0.47412979283711565,0.4718462605158412,0.858138176130379,0.34607778792595
-65.7123012343,-78.05893909259024,0.2039959812643361,549,808,556,1594,0.506900878293601,0.5242972901296056,0.44361373808012594,0.8393043443264645,0.3533462608444567
-59.562794935626904,-78.04728872982129,0.20454450501534102,549,789,555,1594,0.49498117942283565,0.46903115282719127,0.44037551236294425,0.814144831858527,0.32978793694133174
-43.92048185605299,-77.62478525897247,0.20537313134446594,594,751,625,1594,0.4711417816813049,0.4716923306383635,0.46252934861109934,0.8353366898406559,0.3316085576411825
-74.15711690519032,-77.40868479804325,0.2066019213050329,526,826,528,1594,0.5181932245922208,0.47184337943584365,0.44240440448380247,0.8355537399829688,0.35780564139317006
-62.36605286804422,-77.27629261987433,0.2070728927275183,563,814,567,1594,0.5106649937264742,0.49418430149005454,0.4315944597128539,0.8354033850360318,0.3521214360545503
-71.81804967899265,-77.27242614993466,0.2065170686787137,460,887,475,1594,0.5564617314930991,0.4857417524802267,0.43926364834101256,0.8089080845250709,0.33583339082221947
