-203.57909553097085,-203.57909553097085,0.23648345035673812,410,948,411,1594,0.5947302383939774,0.8477608264251726,0.38622331499533336,0.7082847374434009,0.25747494657050396
-146.76300804163048,-175.17105178630067,0.38127967190302176,583,801,584,1594,0.5025094102885822,0.7436018981600163,0.4254683781611065,0.7598708204860856,0.27719527273894756
-181.4607208454446,-177.26760813934865,0.5501693004656018,506,866,506,1594,0.5432873274780426,0.7399642291547501,0.4079862779845771,0.7323755668263577,0.27386529506212326
-176.2531563526519,-177.01399519267446,0.9662348939352136,548,796,548,1594,0.4993726474278545,0.6915222403936281,0.44637726247354836,0.8218593742297279,0.310476987433261
-109.99295802407919,-163.6097877589554,0.9993650115793606,701,702,733,1594,0.44040150564617314,0.5321623746708694,0.4162254042663063,0.857434058834529,0.3244931926670374
-118.14550346222023,-156.0324070428329,0.9146868847337443,673,698,683,1594,0.437892095357591,0.522676198557622,0.43777946321672184,0.8397955083394666,0.30925702359097107
-161.6891435614691,-156.84051225978092,0.8380630548736953,509,826,511,1594,0.5181932245922208,0.5546870291570091,0.4259572470657868,0.8236626677236126,0.3006320273110633
-123.78442610517232,-152.70850149045484,0.9325529065759992,320,981,320,1594,0.6154328732747805,0.2796844208128435,0.48204740744023516,0.7779677371998391,0.276427388586934
-126.98277980876873,-149.8500879702675,0.9499534425844894,414,932,421,1594,0.5846925972396487,0.31736363948194424,0.4717626966204253,0.8013925450156089,0.29319481085971866
-145.5034086773073,-149.41542004097147,0.9424663519678396,286,1009,294,1594,0.6329987452948557,0.3158017042147872,0.46439935263040993,0.7690902375303836,0.2880312390314778
-97.57925500913245,-144.7030414017134,1.010507017092239,483,876,483,1594,0.5495608531994981,0.3231200852593204,0.42408966438662005,0.8114862325160382,0.295130199245688
-101.72741878517635,-141.12173951700197,0.9942002376328979,569,782,571,1594,0.4905897114178168,0.36526242971581085,0.44295103965654126,0.8419980368069394,0.3060666035409397
-114.41122366898817,-139.06708445177014,0.9393697698331671,483,873,488,1594,0.5476787954830615,0.34937539489676406,0.41695150350252114,0.8153250550779815,0.3012150111980703
-133.6385672799367,-138.67933322521063,0.8947291253682883,443,916,462,1594,0.5746549560853199,0.3912504797882248,0.4331822913926892,0.8304676145625508,0.30466885683534056
-99.09738614401067,-136.04053675313062,0.8689419449389231,532,826,543,1594,0.5181932245922208,0.3385214012785318,0.43041069185669095,0.8284011309768862,0.3265280428171804
-96.97990607422138,-133.59924733569878,0.8445015849649294,479,863,484,1594,0.541405269761606,0.33434491718040943,0.4244628032990012,0.8096931123621861,0.30182477425168897
-90.61296591237314,-131.0706425460914,0.815370088818951,558,819,558,1594,0.513801756587202,0.34765284113987577,0.42054924700503726,0.8261245789708274,0.309382481721689
-112.22546620223676,-130.02368830476613,0.8206528407876683,491,861,493,1594,0.5401505646173149,0.38211679820138156,0.45804103143693986,0.8092922715119241,0.2997201566395143
-123.27294801335003,-129.66838618416529,0.7898280199466958,462,878,463,1594,0.5508155583437893,0.3785174820937359,0.44956692588850505,0.786419874380206,0.2803892227383827
-62.54513952130037,-126.31222385102203,0.794609882930619,680,693,681,1594,0.4347553324968632,0.34122567126358994,0.4319067494366322,0.8447267271747171,0.31662777015859517
-100.64735750888882,-125.0900873585395,0.7748830543236339,562,784,614,1594,0.4918444165621079,0.37228159595669574,0.4154471719239736,0.8344174656296023,0.31289801880925266
-74.64656909734084,-122.79720016484866,0.7762325608873717,644,754,655,1594,0.4730238393977415,0.33293080158119825,0.4466350724128858,0.8142603558872197,0.2854006986382024
-87.48572817658611,-121.26191877405464,0.824658943326317,607,744,632,1594,0.46675031367628605,0.36174763613332533,0.3944380643384874,0.8239274260063015,0.3152815158131042
-81.87968396478378,-119.62099232366836,0.7980841256633323,619,740,636,1594,0.4642409033877039,0.35450200564845374,0.3873797309604351,0.8124893808922983,0.3022310725727337
-160.5215352294715,-121.2570140399005,0.7824326448914514,347,975,362,1594,0.6116687578419071,0.44555030452232386,0.4493902639845661,0.8354345136962551,0.2970021687972178
-163.90642008115503,-122.89737581071797,0.8023461050583472,406,918,406,1594,0.5759096612296111,0.4525150116776591,0.4212592723177114,0.8240183110263043,0.306733481208792
-146.65823233321285,-123.77740753377333,0.787409224828793,399,948,409,1594,0.5947302383939774,0.42822613995473957,0.46755513668580084,0.7938225575635253,0.28904556404702914
-132.0517358933859,-124.07291926090235,0.7747795697791978,472,865,490,1594,0.5426599749058971,0.3875717755340871,0.4487903043582204,0.8375443773120516,0.32041596495357433
-105.81154368664195,-123.44321665489336,0.790724355425138,538,825,539,1594,0.5175658720200753,0.41427951122530793,0.4240215436600987,0.7872850157150008,0.29260965287296375
-76.43346268524742,-121.87622485590516,0.7852436336158196,604,738,622,1594,0.4629861982434128,0.3682743065472988,0.43579692212570115,0.8205166109489346,0.3190373644501094
-111.70157500755178,-121.54801034466796,0.7749367903430476,582,769,589,1594,0.48243412797992474,0.42565924712387604,0.43638063559760626,0.8411727822087466,0.31789522238310214
-108.63759161518303,-121.14455975937156,0.7975751897656658,615,761,616,1594,0.47741530740276034,0.4238918063173768,0.4125219045480174,0.8471198206955354,0.3376211447921977
-115.52553921039328,-120.97428640940252,0.7766041807842762,623,747,636,1594,0.46863237139272274,0.41944437627818654,0.4451670588404721,0.8451305789610636,0.2934461512286379
-136.40632365549789,-121.4281698578171,0.7596643007468886,535,821,537,1594,0.5150564617314931,0.44588311289265226,0.4377346593764222,0.839424045307556,0.3043568559699981
-122.22804050744836,-121.4510233049494,0.7484715199740244,528,857,531,1594,0.5376411543287327,0.38677899360303003,0.40964104392721074,0.8400359317675546,0.31844951105445457
-147.7657248670728,-122.18198723723062,0.7630003471654773,410,935,410,1594,0.5865746549560853,0.3799002953923539,0.4160227379579192,0.8178722455269076,0.3214416167350471
-100.0701921581498,-121.5843711540122,0.7664000909226937,549,797,552,1594,0.5,0.38567323033569834,0.45328845697213643,0.8429411305970546,0.31780470522730647
-142.54346278779784,-122.13592619700655,0.7488632326999743,459,900,464,1594,0.5646173149309912,0.3916020419969512,0.43263099611650185,0.8469369985593773,0.32954156121752765
-95.11649661895348,-121.44312031038982,0.7435599392075054,569,797,569,1594,0.5,0.36338189208828486,0.4504058782806426,0.8198187306631919,0.2987865079152828
-145.31678624989166,-122.03996195887737,0.7436368710914935,437,912,454,1594,0.5721455457967378,0.4047436205583472,0.48417717281053857,0.8398414810780356,0.3083343586547989
-202.79464617053208,-124.00958840306407,0.7585437659511535,283,1060,294,1594,0.6649937264742786,0.46701511682065705,0.4375496745782602,0.8209360876959129,0.3210435854857214
-105.25979850417637,-123.56316483404295,0.7555576601292524,576,767,586,1594,0.48117942283563364,0.409225333209939,0.39355662977590933,0.8290384942242929,0.3021808995894813
-95.71358313398316,-122.91550014334388,0.7626711452156703,647,741,647,1594,0.46486825595984943,0.39800991236367256,0.46672943583656334,0.8498753416632855,0.3124699329687966
-85.04006351367424,-122.05469476539683,0.7521581736140971,629,754,640,1594,0.4730238393977415,0.39128820267109576,0.4359260114515114,0.8360868904064267,0.313827132287773
-106.54799425709635,-121.71010142076793,0.7488728836828697,544,832,544,1594,0.5219573400250941,0.4017652257999572,0.4164054302051346,0.8103220819100044,0.30770120220439673
-114.29050245922433,-121.54880579116916,0.7558189201041137,549,831,575,1594,0.5213299874529486,0.4040461781759091,0.408832314352007,0.851532783850435,0.3117250139184612
-120.54619308958175,-121.527473606029,0.7652790204022207,538,829,538,1594,0.5200752823086575,0.37878849884406696,0.4703963206501325,0.8465112531972873,0.32552975372040227
-116.69051265577887,-121.42670358623212,0.7520430322614841,510,860,516,1594,0.5395232120451694,0.40699084267775265,0.4251798198471244,0.8512576972495903,0.3086041986892669
-78.67464763607465,-120.55421264847381,0.7549138103963188,654,722,670,1594,0.45294855708908405,0.3733878008412866,0.45961024730397676,0.8138891427801284,0.296406358454418
-138.56136116196546,-120.91435561874364,0.7589266726148742,501,856,502,1594,0.5370138017565872,0.40655249745864125,0.4523136059400233,0.819390986094426,0.3092851470009212
-138.0793597302685,-121.25092432681275,0.7521305343814582,444,918,445,1594,0.5759096612296111,0.4037688850757691,0.40563313195226053,0.8296733996770486,0.3087919857161851
-118.42907330495994,-121.1966579610079,0.7544923919700153,543,811,547,1594,0.5087829360100377,0.40487789236995925,0.4305214660556682,0.8008941252162473,0.2873326694128701
-127.47595595968076,-121.31513528173757,0.7570852646876925,498,875,521,1594,0.5489335006273526,0.3998409175647652,0.4373841763790678,0.8474403061313925,0.3094740812396113
-105.92668533476869,-121.03016398642333,0.7557332193909945,552,809,577,1594,0.5075282308657465,0.3833116584432697,0.4271526354421573,0.8030441553701323,0.2922743740886601
-125.84572287884546,-121.1177196026492,0.7452902031473444,471,881,491,1594,0.5526976160602258,0.38166230777615856,0.4309974699939866,0.8024705170635175,0.28969194585685554
-136.7038297631037,-121.39604299837158,0.7567913832762022,431,915,454,1594,0.5740276035131744,0.3873801241425483,0.46799523023085465,0.8142676835598094,0.31556435720465303
-115.5080268847392,-121.29274447006225,0.7442699589550473,519,845,520,1594,0.5301129234629862,0.3933123700170229,0.47666100607095335,0.8434733601938808,0.30371296476371884
-89.64270007649446,-120.74705404948348,0.7330918359387113,618,745,619,1594,0.46737766624843163,0.3608423760477867,0.4626389425865073,0.8228965324247505,0.3079730291339753
-143.75329873492691,-121.13699040008422,0.7308414041272757,413,937,432,1594,0.5878293601003765,0.3983980205710134,0.4365047882327348,0.8282769147687508,0.29833427672006974
-101.24473379662943,-120.80545279002665,0.7206183972159558,541,801,543,1594,0.5025094102885822,0.37920419004509054,0.41957780597881156,0.8197111490431835,0.2962322176220224
-115.04106852874354,-120.71095468738265,0.7233017718134563,517,845,519,1594,0.5301129234629862,0.37938675030900637,0.45723930574141913,0.8307392094791638,0.3191391832807919
-100.25722672403263,-120.38105584926411,0.7301473085000584,558,791,580,1594,0.49623588456712675,0.3872701113428967,0.4396001939193757,0.8274384188291103,0.3100592795940099
-95.51406660767759,-119.9863417343183,0.7307101389050649,630,740,659,1594,0.4642409033877039,0.3847240177992811,0.4075935738430107,0.8568542692589838,0.31383845597357324
-93.52828781621987,-119.57293464184801,0.7359720785505641,597,779,610,1594,0.4887076537013802,0.37398802905483164,0.4227749013800779,0.8643885992303316,0.3310346191228923
-96.0295872074295,-119.21072929670311,0.7432837799063274,562,798,569,1594,0.5006273525721455,0.3634071174880649,0.43960874755773605,0.8254691271132734,0.3006362905423326
-102.75306137376339,-118.96137069181009,0.7441644488268407,548,837,548,1594,0.5250941028858218,0.3740341941933675,0.4398019875476348,0.8425639046579058,0.3165889005178222
-109.90430538088968,-118.82619061254262,0.7345483722386648,525,845,543,1594,0.5301129234629862,0.37082897170491297,0.42074174535864317,0.8307672679291587,0.2964534248475275
-103.52351488873762,-118.60115126366314,0.7300153890436841,581,802,600,1594,0.5031367628607277,0.3609204751880329,0.43585210909462013,0.8387957674836034,0.3099593179663955
-121.65906884594034,-118.64546890978309,0.7240735155715491,530,842,537,1594,0.5282308657465495,0.4195640842204584,0.4386426598435154,0.8019030094169223,0.30342918746017505
-126.77667884539022,-118.76162905172033,0.7405628926688228,501,850,530,1594,0.533249686323714,0.4026273054840335,0.4461753658880502,0.7971887806311777,0.28823461171554277
-117.43093240916097,-118.7428868454871,0.7356418095973425,508,847,524,1594,0.5313676286072773,0.41058899275207117,0.4182839892956844,0.8287363241886104,0.3081208375045125
-103.43466934561582,-118.53027271354443,0.7339640193694495,605,761,620,1594,0.47741530740276034,0.3805050498665745,0.43500995926918884,0.8680239188664861,0.3172553647395335
-135.407831188411,-118.761472144707,0.7261357013636912,475,876,481,1594,0.5495608531994981,0.4275574008389259,0.44654308911575485,0.8497714104737518,0.3359519564311452
-138.5606213265887,-119.02902821473243,0.7190252032775979,424,935,447,1594,0.5865746549560853,0.4150609366103702,0.4435790917288506,0.8380910631969646,0.32907515074950994
-92.30652971753616,-118.67272823476982,0.7144077285293212,630,742,643,1594,0.465495608531995,0.37480323504793095,0.43933801709338055,0.8328577797669182,0.3103786125542818
-116.23232430679609,-118.64061765677017,0.7136853372596648,536,839,536,1594,0.526348808030113,0.37097975319810567,0.4381306194968135,0.83491154629772,0.31046729507971654
-95.83432091482409,-118.34443198479686,0.7057387091087517,564,799,598,1594,0.501254705144291,0.37790473138067315,0.411041137267107,0.8305898882453201,0.30360630347592216
-70.67217403737139,-117.73324919059908,0.7123801367120585,650,716,680,1594,0.4491844416562108,0.35938936907347857,0.4239308658738696,0.8494864904638327,0.3070587312356324
-132.36773204150637,-117.91849580896499,0.7060826086249437,455,879,461,1594,0.5514429109159348,0.40913390094078117,0.4068158707154027,0.8231032313989036,0.3050428978007009
-113.49070925136049,-117.86314847699494,0.7007488933549662,515,824,526,1594,0.5169385194479298,0.38299124152935404,0.43509853414728883,0.8383532370468382,0.2997240460810984
-104.1940720322142,-117.69439444681245,0.6970008749261523,545,815,559,1594,0.5112923462986199,0.378660924298359,0.43827924504666194,0.8321040006185124,0.32007193147568724
-91.88471609190573,-117.37964227175262,0.6886188604538616,610,756,610,1594,0.4742785445420326,0.3972203388737666,0.42969775278019273,0.8174588426096062,0.29314690716314556
-130.5166227276189,-117.53791914471485,0.6865614283106145,494,852,517,1594,0.534504391468005,0.419889322075428,0.42458896726805995,0.8466667928255042,0.3219596520073807
-99.9508586578786,-117.32854937701441,0.6829610346283802,619,753,626,1594,0.472396486825596,0.4019468864293509,0.381467993662555,0.8548989734902644,0.31856520756913026
-116.85518776943381,-117.32298041692522,0.676639795610116,564,801,566,1594,0.5025094102885822,0.4145998787058039,0.4730812266794724,0.8576615295097039,0.3197877346757599
-81.0366989753798,-116.90104691179098,0.6972027670295933,629,719,639,1594,0.4510664993726474,0.3709266745951557,0.44549428719207407,0.8157843310165767,0.30937594062218376
-94.40427084215196,-116.64246327880662,0.6962571002154643,562,813,578,1594,0.5100376411543287,0.3856114462413279,0.3906383588329497,0.8338986043811948,0.32920111775570887
-110.7778760030746,-116.5758202415824,0.6941503888642161,517,832,519,1594,0.5219573400250941,0.3662225168525402,0.41834435591046715,0.8267417064576844,0.32470349921405667
-104.28909347529539,-116.43776713184884,0.6932446274605178,569,797,598,1594,0.5,0.38213886913411615,0.4522884740988382,0.8524639013552117,0.2957476734100464
-116.84732928904431,-116.44231782248436,0.6917316458934101,552,806,566,1594,0.5056461731493099,0.403954623134305,0.4255156650839777,0.8315871028759679,0.31383188449700744
-118.60110221590608,-116.46604072790657,0.6930650592103229,568,792,568,1594,0.4968632371392723,0.423765209866032,0.4552536059986542,0.8524775457799132,0.31385920514241633
-130.96346633160258,-116.62362144099022,0.6929390578284625,468,877,481,1594,0.5501882057716436,0.40850022604501224,0.4374743944133706,0.8379104361947495,0.31549312043271216
-96.8540722008816,-116.41104564270948,0.6887081778935616,594,770,597,1594,0.48306148055207027,0.37250098562306866,0.40841095513945447,0.8287432192570551,0.31853416940375606
-121.6098737708412,-116.46635232492366,0.6916987865046305,521,832,528,1594,0.5219573400250941,0.38867893760853645,0.39885525688583645,0.8315841534370162,0.3091600181689385
-119.10058702843044,-116.49408111127636,0.6942118511680208,492,858,493,1594,0.5382685069008782,0.3983257501583594,0.4191406722881003,0.8104994836087002,0.28735884238114
-110.47746199632054,-116.43140799549558,0.689917053748775,525,816,555,1594,0.5119196988707654,0.3794644886923807,0.4227369098287661,0.8473370515513521,0.30225461843673535
-127.61221339926242,-116.54667403058596,0.6926444965389821,506,847,508,1594,0.5313676286072773,0.4132207143311221,0.4337539120249887,0.8309648692085222,0.313907874012792
-127.93895395056686,-116.66292178487147,0.6891734819783257,502,866,503,1594,0.5432873274780426,0.40678757272433724,0.4243621936491193,0.8549861007027039,0.3236084702774881
-143.13793876303328,-116.9303461987923,0.6842323347926157,451,898,451,1594,0.5633626097867002,0.3981536112409528,0.4368448083436963,0.8086268756605608,0.2956321069575153
-110.10372970211537,-116.86208003382553,0.6793900092095154,556,810,558,1594,0.5081555834378921,0.3864142842041971,0.4596096203577215,0.843609471125296,0.3101059817186055
-95.71343617386931,-115.7834234402545,0.6780711897011343,599,763,631,1594,0.47867001254705144,0.3809593664857155,0.4407627800469829,0.8500189623673574,0.3095800444399868
-90.56481411351032,-115.2214415009733,0.6816432887089163,615,761,617,1594,0.47741530740276034,0.3567438374958363,0.43749673576669806,0.8215399701772593,0.31011869012178095
-167.5317446820642,-115.0821517393395,0.6797780829034741,365,979,378,1594,0.6141781681304893,0.4568939971808126,0.4456999129403277,0.8233723506920759,0.3048996188800012
-124.89455819241958,-114.56856575773718,0.6650762834118998,537,830,561,1594,0.520702634880803,0.4034996700685094,0.3877088829982455,0.8521219184131185,0.31941638904112885
-123.58318164585422,-114.70446799395494,0.6587543303235759,537,817,541,1594,0.5125470514429109,0.4158753332093452,0.4249544290087102,0.8402128116788569,0.31574600520048257
-158.26162341306406,-115.10562919346336,0.6740622886988542,387,968,391,1594,0.6072772898368883,0.43137545270486155,0.4510991355740801,0.8113000212039502,0.3215547643397164
-96.50226978597416,-114.45376045570842,0.6722790879417202,543,794,551,1594,0.4981179422835634,0.4007549864948005,0.4304536116127106,0.81736454920061,0.3108176515681223
-95.4904635641739,-114.17082083029841,0.6599497779458484,537,800,575,1594,0.5018820577164367,0.3938136818529533,0.42123857851747604,0.8253465361987606,0.29399173165745557
-94.03112916650142,-113.84130432387578,0.6542577319087566,658,728,665,1594,0.45671267252195735,0.3833626341424061,0.43770863993115006,0.8519958205657749,0.3262642427198871
-111.93288805868258,-113.50559911768953,0.6509918864437805,491,871,495,1594,0.5464240903387704,0.36929617129416453,0.43027719605088166,0.8363533346117936,0.3372903022494486
-77.60698542497131,-113.3058764218479,0.6380745071739307,620,749,620,1594,0.4698870765370138,0.3291359224340703,0.4226039519148337,0.8315670174690705,0.32395132391125814
-139.12415353636607,-113.67984376935979,0.6328091804783458,372,945,382,1594,0.5928481806775407,0.37006997426191734,0.4233825438821565,0.8353797628791835,0.2932759611845311
-86.6188044454241,-113.40191957712415,0.6346302827905639,596,767,607,1594,0.48117942283563364,0.34569864347303825,0.43069202286356906,0.8366165188924555,0.2987816346972036
-139.664167023301,-113.4621755745578,0.6371733583891481,439,904,441,1594,0.5671267252195734,0.42530857086115537,0.4189785501438582,0.8030094282456343,0.29849397275612827
-123.57977739374623,-113.70699948705516,0.6378826205538619,443,899,459,1594,0.5639899623588457,0.3844474030037789,0.41417216939892726,0.8177378059164028,0.30011604459659796
-72.09879196597225,-113.45818834597267,0.6350183976129656,679,730,686,1594,0.45796737766624845,0.35517651569374886,0.42646415337140586,0.845400137235271,0.3059702627381372
-112.1104137313235,-113.67316282416218,0.6402170571337886,582,794,587,1594,0.4981179422835634,0.3612496462296518,0.44064959157500255,0.8571305326070764,0.3170878079272661
-133.8728303271381,-113.88963646541119,0.6356999277192308,428,909,444,1594,0.5702634880803011,0.37229075707206494,0.4357865390088838,0.8473225448282103,0.32308743854201033
-106.2682994841878,-113.71958998011955,0.6353500938134667,544,817,544,1594,0.5125470514429109,0.3797788445526868,0.4606580013862124,0.8214847832520779,0.3041898118749826
-104.70949378619454,-114.1412335227685,0.6267793389887512,569,803,579,1594,0.5037641154328732,0.3731380964472331,0.46533796847268816,0.8458873027855827,0.3124626334795557
-101.03717969237266,-114.14513174460333,0.6272289352733406,552,796,557,1594,0.4993726474278545,0.3816505734002961,0.417841374749313,0.8668453604250774,0.3336938433747622
-157.7702264296938,-114.97636831792684,0.6261665876552511,398,940,399,1594,0.589711417816813,0.40747754709184797,0.45383948531936347,0.8058978433221807,0.2989283807122793
-142.96377266624887,-115.53114876282349,0.6087499014362762,422,928,422,1594,0.5821831869510665,0.3892391072800742,0.4489586706306085,0.8584517433805684,0.3259334876538518
-102.07714627358268,-115.73312338591148,0.6070823632955793,603,772,604,1594,0.48431618569636137,0.4000947362437196,0.42491386842691486,0.8406806322234345,0.3124377783551196
-125.90503277924714,-115.38695836140923,0.6077759786622579,541,816,553,1594,0.5119196988707654,0.4222898171057411,0.4493362561354445,0.8092595172461027,0.2999100364740797
-137.03162493883667,-115.11821040998606,0.5957986608812295,498,857,499,1594,0.5376411543287327,0.4283061928668868,0.4650839318442,0.8328619786481287,0.3174866917230092
-107.79104774048636,-114.72953856405877,0.5936503065373073,584,800,591,1594,0.5018820577164367,0.38615734626798637,0.46174408606634365,0.8330743660333528,0.31523307539644396
-140.9210889290126,-114.81823209441505,0.6011246974452292,376,953,398,1594,0.5978670012547052,0.393786779322391,0.44082804810168713,0.8294315955824474,0.32322963736691107
-124.94530846779486,-115.00956974222659,0.5979430252131049,487,860,511,1594,0.5395232120451694,0.38674234756893217,0.42402176576833156,0.8175329245589481,0.28138131719206405
-86.68196350428921,-115.11205475041702,0.5918300596869454,652,740,652,1594,0.4642409033877039,0.36721036626826226,0.44508117126902436,0.8492996500476783,0.321995944845823
-132.63081681781543,-115.32134716851964,0.5971831637264486,478,881,490,1594,0.5526976160602258,0.395393450320588,0.4213187973476074,0.8062348728530756,0.29785172211296246
-122.96144764265009,-115.4645857287943,0.594438285138745,524,838,539,1594,0.5257214554579673,0.4026689053190357,0.4140233882100504,0.8151285355503736,0.31291693488169176
-126.14146398225354,-115.57074497651293,0.6083443645732365,486,877,507,1594,0.5501882057716436,0.41171244892348813,0.38964263574895347,0.8222954236281731,0.2977014887596319
-108.37266159471365,-115.29040835590509,0.6078964007787412,594,774,594,1594,0.48557089084065247,0.41973180279784855,0.42235952594600634,0.8399234129700801,0.3130937433029843
-103.8802061589215,-115.10693001241984,0.609815840632708,571,813,587,1594,0.5100376411543287,0.38496299360242414,0.45612641896578676,0.8438756843115359,0.3169159288196144
-159.66983634043353,-115.22597112715343,0.5985565623378057,438,910,462,1594,0.5708908406524467,0.4370958329606872,0.43794652930503297,0.8361309881183393,0.29535888908893265
-113.6286417822863,-115.36155562339479,0.5896686536759809,538,826,574,1594,0.5181932245922208,0.3985388141975471,0.40814428913100087,0.8264397523266175,0.29130231169325765
-128.44510607064774,-115.22057205622328,0.5923556846316342,502,850,511,1594,0.533249686323714,0.39763153008495666,0.4390304670937126,0.807708873260097,0.30058652696567717
-93.39559283501183,-115.20336301838384,0.5887118654763824,579,762,595,1594,0.4780426599749059,0.37655453300333586,0.4252424457366901,0.8416656440574961,0.3202371296615485
-133.03513478222735,-115.08054650370721,0.5896746179264476,480,864,480,1594,0.5420326223337516,0.4224376977685089,0.45164745910182713,0.7841048139838045,0.2934954836254427
-120.45602854122956,-114.25716032741418,0.5782179919890633,489,860,497,1594,0.5395232120451694,0.37357135879975245,0.42386676163573084,0.8264761303576716,0.30985647767559465
-114.32428403324113,-114.34780518270483,0.5779196420256284,551,835,570,1594,0.5238393977415308,0.3934497894400187,0.4368412208764372,0.8337655869264017,0.33334032905247674
-152.76596666927915,-114.91832901805779,0.5697941920005222,395,950,414,1594,0.5959849435382685,0.41605792500591215,0.45583993529617073,0.8571999364003785,0.32563063655097285
-144.3599071380559,-115.51152745430161,0.5726401818355269,413,940,426,1594,0.589711417816813,0.40143309362159135,0.41930813014581697,0.7985227303400234,0.31374723678204
-103.89025445221284,-115.48495005625279,0.5712664612238263,579,797,598,1594,0.5,0.37589099967671136,0.4379921285708077,0.8388593144656857,0.302299351589586
-143.17607677041363,-115.7738057993647,0.5632076084148481,465,873,467,1594,0.5476787954830615,0.429626655331671,0.46622448930322896,0.8107979832475736,0.27839741259183887
-111.30968539696175,-115.6814407224385,0.5528899034890936,536,840,551,1594,0.5269761606022585,0.396129247572375,0.4072831662663165,0.8309345244719665,0.2947582601662117
-112.32811191499555,-115.63781671503065,0.5561448632949354,530,822,533,1594,0.5156838143036386,0.38805194076682603,0.4209683276400906,0.8331797526738827,0.30888640833446324
-98.87387137904226,-115.83980895246033,0.554207716957865,588,772,590,1594,0.48431618569636137,0.38336156397246174,0.4250648287542189,0.8398067611030475,0.3116898721386973
-158.53743312497278,-116.03956967209041,0.5511351847198868,394,929,396,1594,0.582810539523212,0.43222418380135685,0.42517016414773023,0.821498927563984,0.30848758049014874
-110.71896274239431,-115.76596570221167,0.5595177237823612,610,753,614,1594,0.472396486825596,0.4003399887595021,0.4406358712330406,0.8467009863547411,0.3119497675050121
-96.89130343766303,-115.5505880035387,0.5596832940105623,629,742,646,1594,0.465495608531995,0.4025531539572432,0.4378861516127871,0.8428930224423841,0.32474472911356494
-101.42534598275812,-115.29008190376948,0.5517215530081143,558,805,569,1594,0.5050188205771644,0.4118968809507458,0.4735115292957821,0.8380159206306631,0.30642198053926006
-85.08731417629137,-115.08168819218469,0.548698353807493,667,706,676,1594,0.44291091593475534,0.40397673704635734,0.41708936275572095,0.8323380587953072,0.31609972887821325
-141.43377628269036,-115.23756872622315,0.5473836508618483,464,903,494,1594,0.5664993726474279,0.4375301536834162,0.4383707792914214,0.8424364043907108,0.3375833255971199
-105.6391478302923,-114.92692190689502,0.5351107104142792,568,796,590,1594,0.4993726474278545,0.3859850666457554,0.4383856439835062,0.8414245243076044,0.30755558904424407
-149.96939015822852,-115.27153553962991,0.5405742962260102,439,887,447,1594,0.5564617314930991,0.43098848442156173,0.4169662282131425,0.7941777274293287,0.2793243545031173
-143.16385165051454,-115.80674705537012,0.5420259245598893,439,888,440,1594,0.5570890840652447,0.42580102071578385,0.44206032200101336,0.8263493208185598,0.29814647275767286
-122.33470903787234,-115.59256115839956,0.5410541716115886,471,868,482,1594,0.5445420326223338,0.37140957177051015,0.45179553882282725,0.8066646375211194,0.3029366350357498
-112.7284715340571,-115.70739853577386,0.5419772543198839,554,828,557,1594,0.5194479297365119,0.3704817065988449,0.43100441834914577,0.8618620674874379,0.3354050027827052
-100.49911122936824,-115.5619789627801,0.5351305096033745,630,755,655,1594,0.4736511919698871,0.40201191033999567,0.4463261232258918,0.8367319346795008,0.3125568283419083
-90.22398942939047,-115.46164658983368,0.5326948174297994,668,704,673,1594,0.44165621079046424,0.3734575932776589,0.438194470703437,0.8322765393848188,0.3184667759632436
-118.58202580662596,-115.69232618182315,0.5325512020528049,554,804,564,1594,0.5043914680050188,0.4118115487849272,0.4626099778158433,0.8338255433633286,0.3079008151322341
-133.54630709741417,-116.09250637463511,0.5303658515335831,502,855,514,1594,0.5363864491844417,0.42599827201695734,0.42378208423832797,0.8317027331476693,0.3082827236651374
-108.70741453959388,-116.21928464795674,0.5258867008340306,532,827,534,1594,0.5188205771643664,0.38029717840397415,0.43413666296427755,0.8142735027671358,0.2957073605549731
-119.012319943516,-116.38187723365427,0.525153856253683,474,838,474,1594,0.5257214554579673,0.3735279649073041,0.44114109833859316,0.8525853333090736,0.3122938784341576
-130.57155190349982,-116.58854969888039,0.5429812055062675,476,886,494,1594,0.5558343789209536,0.37583512794017904,0.4195023928459332,0.837596686011774,0.2977540153551304
-117.63806292878384,-116.72969517928084,0.5537061431485537,506,864,514,1594,0.5420326223337516,0.379610297989067,0.42861858360546656,0.8255670395719877,0.3107108705877742
-95.85842933999675,-116.47168878422139,0.5577124709550001,582,782,587,1594,0.4905897114178168,0.35073558109018127,0.40821669705783326,0.8620613946997815,0.315133813651347
-101.74628336895445,-116.22138482945704,0.5478008998028265,590,795,601,1594,0.4987452948557089,0.35434367912350995,0.42543050728877685,0.8546582016231598,0.3279680520123358
-114.00033448996102,-116.18707885026502,0.5466600340362056,536,837,546,1594,0.5250941028858218,0.4056426307542789,0.4386369150343992,0.8559157777522128,0.32261337748956626
-103.34833106068285,-116.1862154674157,0.5422078969151475,611,762,611,1594,0.4780426599749059,0.37949333492092435,0.39567943785693305,0.836895855091497,0.32404156906400916
-91.9863603841331,-115.75200075937293,0.5453528981371709,677,706,679,1594,0.44291091593475534,0.41820662321218777,0.4113383183750496,0.8457021173740494,0.3142024248858171
-122.30499100222042,-115.58944445612924,0.5531451540796454,500,838,537,1594,0.5257214554579673,0.40650430166308504,0.4737231302344179,0.842915875215516,0.3124764648930671
-139.80638339693803,-116.06444299292325,0.5503546842661389,412,898,412,1594,0.5633626097867002,0.3853993126420989,0.4591576409524311,0.8557471736923867,0.31322038361098475
-163.20484560443887,-116.53416820589969,0.5597287046114424,335,978,335,1594,0.6135508155583438,0.3945686914831335,0.4687808378294267,0.8685605935543093,0.34198186691154353
-129.030686440708,-116.86613186115854,0.5663900886333498,410,917,410,1594,0.5752823086574655,0.35587799879875653,0.4569830428182104,0.786388694746983,0.295679818319122
-112.6015721808495,-117.2854258425933,0.5686933136751547,527,831,538,1594,0.5213299874529486,0.37336822956341076,0.42801716521029187,0.8301233464777121,0.3140828183507633
-117.04011063032239,-117.13214962848147,0.56747373208922,528,808,552,1594,0.506900878293601,0.413632076970601,0.42926170274180336,0.8596333760769066,0.32792792002391835
-105.70709636507844,-117.05431349961866,0.572428052968961,549,812,571,1594,0.5094102885821832,0.41200678697212934,0.42950549981061,0.8391877737841207,0.32321110263444025
-126.38252593311043,-117.27619803862758,0.5792785549194885,521,865,522,1594,0.5426599749058971,0.3920479022252203,0.4347457073757526,0.8181953524828983,0.3205663107259366
-137.82954815976666,-117.73564635930622,0.5848704641440022,470,872,482,1594,0.5470514429109159,0.41108852265400203,0.43836022365723915,0.8505175261023071,0.3223983663149185
-118.1076848054641,-117.61155698008469,0.5877106803571099,506,848,530,1594,0.5319949811794228,0.37120403505983957,0.43306557773521503,0.8477229378486713,0.30098848917779697
-120.71704168914886,-117.81921881039737,0.5895198375430537,484,879,513,1594,0.5514429109159348,0.3718313609734359,0.4384452515305772,0.8297578228598871,0.322342160074379
-82.99850463324017,-117.48065197903544,0.5961336619877325,608,773,614,1594,0.4849435382685069,0.3784332551561271,0.41619743234033785,0.8125707392197602,0.30804116572813495
-126.54639108993179,-117.93574890018095,0.5723606107817065,466,884,492,1594,0.5545796737766625,0.3847643372661961,0.4105701148934154,0.8036378069624149,0.2800305338260991
-134.1547506931233,-118.3332536986907,0.5667004261505806,416,903,416,1594,0.5664993726474279,0.39218874152628497,0.4361630174072749,0.8489525875193938,0.3401840838796586
-116.63658559254561,-118.39184079458539,0.5753371796909695,505,857,532,1594,0.5376411543287327,0.40399989670526365,0.4123652605997249,0.8273586954382894,0.3062981340724971
-158.8457649687082,-118.9374075095195,0.5728001846039679,387,952,388,1594,0.5972396486825596,0.41646616875403675,0.4101390777013396,0.8501463838431723,0.3397389699585008
-114.6709666529007,-118.91564388315807,0.5733713965796841,532,819,535,1594,0.513801756587202,0.4006622989778617,0.4217060375318189,0.8190991870733174,0.2983416969580431
-137.76760453852322,-119.10730890638425,0.5717336229476694,439,895,463,1594,0.5614805520702635,0.40678208033414626,0.45112997495228424,0.8350857455322234,0.3140829538657491
-142.13705245963385,-119.21904476766454,0.5830090006643698,440,924,462,1594,0.5796737766624843,0.4197010444392611,0.4467604277927487,0.8189679796466316,0.3030035584275937
-101.37326495307968,-119.26423669518653,0.5818619262382017,549,774,559,1594,0.48557089084065247,0.3831696381729289,0.4344877466424851,0.8230999313787416,0.29872548849126185
-150.0954000300901,-119.54909195777901,0.5946526779221847,403,946,407,1594,0.5934755332496863,0.40356955281287343,0.457246845525465,0.8048082506863429,0.2920616407106416
-119.4003752689417,-119.55208984018414,0.5917724170562475,514,858,515,1594,0.5382685069008782,0.39845913627733776,0.4314674102196378,0.8341659210008752,0.30671644414520455
-142.9751334965233,-119.87706655518618,0.5923414153014314,474,889,481,1594,0.5577164366373902,0.424822490959127,0.42197474536866514,0.8530072072020035,0.3341530401108314
-107.70423300010974,-119.67798675119465,0.5858453331652945,557,810,563,1594,0.5081555834378921,0.39690678609463653,0.39258516184986175,0.8167971694354446,0.3011754186117472
-154.9629239929137,-119.94822645161813,0.5870817571323469,411,920,411,1594,0.5771643663739021,0.4346824866118354,0.41392412299832015,0.8458958850522812,0.3244990088035564
-101.07280618490827,-119.52757512583689,0.5890043559657528,542,819,564,1594,0.513801756587202,0.3532914120273463,0.43124489605689054,0.8451760211964331,0.31234836588984566
-92.27272604351732,-119.34926508925088,0.589004358200927,596,780,597,1594,0.4893350062735257,0.33449943869674076,0.40295146835588674,0.8690479836044703,0.33591053414248156
-124.68492890633618,-119.63898001657554,0.6085174450385733,464,893,474,1594,0.5602258469259724,0.3784789000034487,0.42863712724135944,0.8339462319629926,0.33129475354215093
-104.41408610996433,-119.77747273654006,0.6061081079502255,586,795,617,1594,0.4987452948557089,0.3836340832803188,0.43881021579466933,0.8325527405473546,0.3064546309698011
-121.5057542520496,-119.31721283223995,0.6189184648783284,523,843,535,1594,0.5288582183186951,0.41829261771745485,0.42422095427878603,0.8112695472385982,0.2876899042538153
-110.01013468981107,-119.16836859721387,0.6190746137981994,560,812,575,1594,0.5094102885821832,0.39455816233107627,0.44169782744141206,0.8569239935554315,0.33679558926081593
-159.6525644196622,-119.52906242495196,0.6192853555137169,426,922,427,1594,0.5784190715181933,0.4305210395221983,0.4714340278228244,0.7684369548175988,0.27509815641426405
-108.13789643574418,-119.02782515517876,0.6123575236272507,520,817,529,1594,0.5125470514429109,0.3557034838994755,0.4510498285429735,0.8097449168655376,0.3052089767450039
-99.32530145942465,-119.05605547191328,0.626315390325512,496,862,503,1594,0.5407779171894604,0.331609796544445,0.41623304809060857,0.8152080301188788,0.32419884033018365
-123.00205759901944,-119.33117141226172,0.6361277064850324,468,887,468,1594,0.5564617314930991,0.3550809598260746,0.43037067137110857,0.8100534757721026,0.3038741823796311
-128.3192290683361,-119.67405241128006,0.6359148026821054,434,896,445,1594,0.562107904642409,0.3751108475998024,0.41859571054892264,0.8525284566786769,0.3238171076255661
-140.42398342249749,-119.95896336491822,0.6343547772638679,416,957,420,1594,0.6003764115432874,0.37902728306117467,0.40945309379446615,0.8330463010294409,0.3102411678100913
-132.25801113911442,-120.50547362205965,0.6317614182803297,465,897,465,1594,0.5627352572145545,0.41316649190005367,0.4599052800056935,0.8496769140792654,0.307832950745608
-146.6550839395099,-120.58078292609108,0.6311016197198652,395,947,395,1594,0.5941028858218319,0.40204327974798876,0.4119797750692519,0.8314186210962536,0.3275057908568598
-128.19087273643026,-120.99650360900112,0.6296543224222687,451,906,459,1594,0.5683814303638645,0.3826094343434562,0.4370440090197753,0.841884184045736,0.32382345021659986
-144.00328579651145,-121.03989479673322,0.6490728024656769,398,921,409,1594,0.5777917189460476,0.4239095398406333,0.4484125964366987,0.8125111085222277,0.2827510628567485
-127.45611007626883,-121.07865812355845,0.64826061217702,491,865,492,1594,0.5426599749058971,0.38899412313200094,0.4233866824427144,0.8394065843386845,0.3228102389579563
-111.2302118296118,-121.46997232219486,0.6578153181141942,555,820,580,1594,0.5144291091593476,0.3879005053680847,0.4525591810412647,0.8389149210385267,0.3049743628247436
-125.11082886257893,-121.5999764735074,0.6622152835563163,487,861,497,1594,0.5401505646173149,0.4085499733544398,0.4332580210367085,0.8341126392915466,0.33464412860592674
-126.39189010742852,-121.52516707131032,0.6614455630297723,508,866,553,1594,0.5432873274780426,0.4205057435611107,0.41056489235470306,0.8554225813012822,0.3203564744023019
-88.11164789380679,-121.3436005554065,0.6616558804897475,622,766,634,1594,0.48055207026348806,0.3576463083583759,0.40370384438003776,0.8500394385027729,0.3203519837701408
-114.55187884179985,-121.44202440596254,0.661769232414364,479,866,482,1594,0.5432873274780426,0.35778644357056244,0.40477443793837126,0.8232191429458325,0.31241959985140566
-120.05095484278422,-121.63216215746667,0.6603773047332847,480,871,496,1594,0.5464240903387704,0.35060148670182567,0.41304566701417306,0.854108124205406,0.2974444211178077
-127.28315393532152,-121.32729143252294,0.6604962119959552,441,923,463,1594,0.5790464240903388,0.37166872120026195,0.44879386271808636,0.7769270344817935,0.2737408349462435
-123.17000969824146,-121.12935380284287,0.6678973442525052,508,857,519,1594,0.5376411543287327,0.4235966033063523,0.43164766996431503,0.8236766532503682,0.31118020800533314
-115.76098127696048,-121.26619215287667,0.6720495085175713,517,836,518,1594,0.5244667503136763,0.4143276164866423,0.4162684513490492,0.8428098281075856,0.3246885352434707
-111.92628539765177,-121.12640467906073,0.6732632069060688,594,794,596,1594,0.4981179422835634,0.3948279159086412,0.4225384616868377,0.8635812472242237,0.3309538154822966
-73.52257361726456,-120.491314165845,0.6762351629193522,683,683,684,1594,0.42848180677540776,0.3606343483789075,0.4108248074676317,0.8298145505778026,0.3056772857719708
-112.34950918391944,-120.53689878027932,0.6823744268932708,541,818,566,1594,0.5131744040150564,0.3748099240054166,0.40844182693125825,0.8516601877226538,0.31501431460774976
-134.204171227547,-120.46972960326468,0.6801225863770703,526,837,534,1594,0.5250941028858218,0.4238014505356115,0.4056531808223313,0.8374889685262493,0.31321117606740007
-100.65469147570563,-120.22682343334378,0.6711388784185588,545,803,556,1594,0.5037641154328732,0.3995332272713419,0.42780551601485184,0.8370736949520348,0.3283447105747198
-116.87449042258207,-120.52874870252668,0.6742700313458702,505,831,517,1594,0.5213299874529486,0.3745150775327897,0.4416743389415947,0.813966956411934,0.2869864866571797
-118.62308550880353,-120.38867138943658,0.6677844087350366,511,829,520,1594,0.5200752823086575,0.3824415377832685,0.4832224716391023,0.8331810277390036,0.286800188138539
-110.9540947427986,-120.26859786043806,0.6615115315842682,478,885,483,1594,0.555207026348808,0.36559399637701895,0.4353692094460923,0.7915818378430964,0.26803964034915806
-108.54717407362281,-120.09265496135177,0.6502176297860448,587,774,587,1594,0.48557089084065247,0.38334141628043006,0.4479295110383355,0.8553185784453999,0.3113472689977396
-106.31926003444619,-120.07212094574908,0.6547279786298479,509,848,531,1594,0.5319949811794228,0.3540624970290867,0.46431489272987425,0.8433953277931744,0.3013723380207658
-154.2064978358685,-120.57538386251855,0.6542494825914842,358,976,392,1594,0.6122961104140527,0.4196748781681201,0.4166173920617894,0.8075846902550619,0.26810248621699106
-102.68175393531794,-120.0055030384674,0.655555892681007,567,767,580,1594,0.48117942283563364,0.40038933677004485,0.4427902505127843,0.8394030052021706,0.3305176739599982
-136.50966822486853,-120.23431330289321,0.659215936175226,444,877,447,1594,0.5501882057716436,0.4191990371066691,0.45658457401871233,0.8073520845015113,0.2932774567870488
-131.9728089660801,-120.26959033184754,0.6618452057059726,433,907,463,1594,0.56900878293601,0.39654648861997893,0.4284587539835064,0.7991053091770285,0.2948201806260255
-105.59647569604826,-120.39159916045786,0.6673751318534529,573,781,607,1594,0.48996235884567124,0.3906952620868315,0.43581287759865134,0.8265470081920038,0.3095805390693024
-127.9859655205839,-120.34110746784145,0.6657736899719435,465,896,470,1594,0.562107904642409,0.3873431676804432,0.417850963091099,0.7849979733915843,0.306153261786357
-94.73949672591247,-120.08394214968828,0.6636821203059523,550,810,550,1594,0.5081555834378921,0.34289156257476316,0.4112763650636557,0.8090577133950204,0.28865653094202415
-128.49475626439997,-120.22564687199988,0.6607968028295973,500,865,509,1594,0.5426599749058971,0.3898499229111169,0.40273167204394583,0.8525031141477065,0.31529796039832125
-155.19327530273296,-120.24991995833442,0.6592094630449149,378,936,378,1594,0.5872020075282308,0.41141932644967816,0.44614930515350304,0.8607023787447989,0.32560122797698066
-124.96029536933754,-120.05592384064722,0.6629473681842407,501,866,515,1594,0.5432873274780426,0.4039892270200971,0.40275202713571306,0.8082727819932539,0.32283201181073556
-119.60191768490567,-120.21304047297413,0.6708515077126479,496,857,502,1594,0.5376411543287327,0.3802673058698787,0.41024072320269067,0.8510082956359492,0.312092246187643
-96.10680126993933,-119.74234771796942,0.6724886916892143,566,814,575,1594,0.5106649937264742,0.35867418022061054,0.4234095484131826,0.8153334415689786,0.31262141005802085
-134.14761612328832,-119.97072702523268,0.6791551529432033,457,871,464,1594,0.5464240903387704,0.4167263799655669,0.44216529223142637,0.8374719342613309,0.3175330322202692
-134.30838859290967,-120.19052979201182,0.6842178408401429,450,887,450,1594,0.5564617314930991,0.4142795742147515,0.401213771099188,0.8150283051642452,0.3150747098520396
-92.30062000186739,-120.12479727824008,0.6964244919716233,608,782,608,1594,0.4905897114178168,0.38594964925696196,0.41460984304721266,0.8417855734264115,0.30579150896033275
-128.54872001710115,-119.82491014716135,0.6936680013158997,460,905,499,1594,0.5677540777917189,0.39106463129959995,0.4287047971471129,0.8539538657589132,0.32949047585112484
-141.86975804737713,-120.13641810021119,0.6932713191168497,437,917,447,1594,0.5752823086574655,0.41355157487718536,0.42559040555227096,0.810386448723948,0.30218636978744856
-155.6254499791332,-120.72375956562588,0.6955271384497044,399,922,404,1594,0.5784190715181933,0.419796279761544,0.4441923757431919,0.8149204689570689,0.29842556497716527
-131.66180104184724,-121.02612411621678,0.6989134723118837,561,830,569,1594,0.520702634880803,0.4213949315658984,0.42994443932920406,0.8643328542589005,0.3182122006879174
-137.5044934005037,-121.5502959084589,0.697293871470464,512,853,515,1594,0.5351317440401505,0.43387242735152154,0.4293682123679548,0.8281574620875874,0.3187013499992735
-140.137301063305,-121.53733115626507,0.6970984909840418,452,894,458,1594,0.560853199498118,0.40825262936092427,0.44476179109287184,0.8442516226888824,0.3182209842400198
-127.42642355358723,-121.75520391349801,0.7027216387294658,555,813,561,1594,0.5100376411543287,0.4242201604584805,0.42914987109827923,0.8363676975434733,0.3066000596135164
-109.1346526203515,-121.34685653811921,0.6998811281688149,538,820,544,1594,0.5144291091593476,0.38901368355567145,0.4333384822475588,0.8709638095817628,0.3348670010380895
-93.84110639333655,-120.85362908554744,0.7104114590333067,629,761,631,1594,0.47741530740276034,0.3965528117063717,0.43734293749470105,0.8292493948775196,0.32478579119917933
-113.56946803077885,-120.76597667547648,0.7067606504595767,512,834,512,1594,0.5232120451693852,0.37124635178378845,0.40772794962606396,0.8376041508805541,0.31676633931141923
-121.89671863652721,-120.85765914650119,0.7068112916121246,520,829,530,1594,0.5200752823086575,0.38949291548280235,0.4518200996797754,0.8637429108338172,0.343672822989189
-116.39181760064955,-121.01658621021403,0.7092045281805136,499,878,502,1594,0.5508155583437893,0.37884123498567773,0.4315268677071161,0.8224554719833884,0.3170829076039819
-123.23042218535817,-121.3466505377737,0.7090037080388016,485,868,507,1594,0.5445420326223338,0.4010317410238553,0.46092472417236774,0.8456071265569949,0.3237604276004657
-133.98956368550915,-121.50072591656254,0.7294110616192286,505,835,508,1594,0.5238393977415308,0.40607777796706546,0.44862462601791536,0.784256497122521,0.2955322255064797
-123.57796242556758,-121.40104246984407,0.7297597300137741,497,868,502,1594,0.5445420326223338,0.4172221865198715,0.44503895969892543,0.8466892272993474,0.33845439520368337
-110.69751750590278,-121.42094349950716,0.7233322875662015,550,808,552,1594,0.506900878293601,0.40498740156078683,0.44664908289264804,0.7956024862495731,0.2980656578848384
-106.76057541471285,-121.29842605421912,0.7202323364700963,575,778,579,1594,0.4880803011292346,0.39066159560189057,0.43450078010957527,0.814338673343646,0.31793572463442027
-130.90396658066584,-121.3017502009908,0.7019205923132206,490,838,503,1594,0.5257214554579673,0.40375248490581406,0.4360913301855035,0.8067411296017406,0.29038293309621976
-96.48490126698891,-121.09021858437286,0.6945562374823345,540,826,542,1594,0.5181932245922208,0.3837624820072627,0.4368791330682238,0.8163703498999126,0.30062785625108357
-163.47724562138927,-121.76640674718674,0.6879138889342724,413,942,437,1594,0.5909661229611042,0.4274886212342458,0.4646639968441236,0.8175429229403255,0.29482077813565727
-121.28906757327837,-121.96183458922998,0.6790810854077262,489,862,492,1594,0.5407779171894604,0.39198023644491325,0.41645340574581763,0.8259342309609979,0.30514487306946986
-78.50934652165016,-121.60692470954689,0.6794562265061407,677,701,682,1594,0.4397741530740276,0.383739398341843,0.4296395680988917,0.8274852828985475,0.2892002760292332
-121.68833825149208,-121.79032478145497,0.6938437692283869,510,849,536,1594,0.5326223337515684,0.3829840831151907,0.4162011810985669,0.8484055772761323,0.3180078607422246
-126.07635520284299,-122.13122472964208,0.6944343060923489,449,870,452,1594,0.5457967377666249,0.3965370549297223,0.40098654616475454,0.8219464976028531,0.321905475872835
-166.27476062024704,-122.57092242582236,0.685926637287933,345,973,352,1594,0.6104140526976161,0.4239168907162661,0.45226803671800736,0.8117111302902921,0.2879734553597486
-124.11481594561177,-122.41400675130907,0.6872071843568951,477,879,477,1594,0.5514429109159348,0.3843362089738938,0.42743465199725983,0.7876904085764754,0.2977037874053268
-165.17501213083364,-122.43370841657303,0.7347684082707218,339,980,356,1594,0.6148055207026348,0.43768470728624403,0.45425097285089316,0.8052164694630659,0.317078738982811
-120.09597283014298,-122.34436128046738,0.7315793230955387,493,878,511,1594,0.5508155583437893,0.3952404155647019,0.43153138047190875,0.8257182224921521,0.3148672375437947
-119.78237698349861,-122.41616932849387,0.7213307354821663,497,869,498,1594,0.5451693851944793,0.399686232208455,0.42725404002826706,0.8148937856953485,0.2971748915707398
-128.85730395406105,-122.53434126173126,0.7315642256657451,477,881,500,1594,0.5526976160602258,0.39913386329968814,0.46445740065606156,0.8516088178408331,0.33019882480679613
-107.45982488932638,-122.55186854697375,0.7273712107046388,522,841,552,1594,0.527603513174404,0.38905636242554764,0.43602397331234793,0.8283325554750154,0.3073297807318293
-139.73227620427576,-122.6853660496854,0.7205677320421525,481,858,488,1594,0.5382685069008782,0.42225067979947173,0.39513304066935995,0.815338191955032,0.2950307862375958
-90.17939907283524,-122.20886455881607,0.7232237093969203,604,748,619,1594,0.46925972396486826,0.3688308220164197,0.3977072941397027,0.8182552471131666,0.29725958553646653
-106.06746524240339,-122.08846236318549,0.7211483777549736,581,770,581,1594,0.48306148055207027,0.38697857939081814,0.41670627875991617,0.8403236029882142,0.30558813688019176
-111.26043848494655,-121.99389633114346,0.7174689586908269,510,823,510,1594,0.5163111668757842,0.40013318684317417,0.4263238330505402,0.8575303142867029,0.3208688101812202
-144.60277354699545,-122.60993902028103,0.7172618662189906,422,936,451,1594,0.5872020075282308,0.41032092728604863,0.3977759992334437,0.8230630102837826,0.2891490321404013
-101.35521388156504,-122.35802724819736,0.7193367475927457,522,813,534,1594,0.5100376411543287,0.3705081457695736,0.4491416962203371,0.8123094145391271,0.2976575643860873
-113.53112054534483,-122.15179094671957,0.7266470423593551,567,816,567,1594,0.5119196988707654,0.3804225881362692,0.426540120764755,0.849048702640379,0.33000587704074036
-98.60972758161097,-121.97152236661023,0.7149489084915731,566,795,566,1594,0.4987452948557089,0.37433056316423646,0.41719787387622953,0.8296512419023019,0.31054032610397087
-138.14525776602036,-121.76451729458334,0.7205038764789896,438,886,445,1594,0.5558343789209536,0.4093184047886702,0.4093019656041161,0.8192516190648789,0.3119497956630303
-122.10256916628722,-121.8388333197172,0.7160793045916978,539,832,553,1594,0.5219573400250941,0.38016837258527303,0.4511008150754707,0.8782187808709317,0.3232943401824338
-116.93815793281696,-121.63053885366013,0.7142348131520485,521,846,527,1594,0.5307402760351317,0.4092656600155109,0.4560885802301364,0.8234562300016771,0.3154527771609472
-123.09312075167375,-121.4400995365805,0.7009829363723515,559,798,577,1594,0.5006273525721455,0.4113824491304589,0.4058205536167488,0.8356553530442858,0.31353849839934533
-111.03179640532805,-121.536684851103,0.705302893661406,523,840,574,1594,0.5269761606022585,0.4085450289460731,0.4234618890308522,0.8249187369871155,0.30645832476067475
-133.89585870510092,-121.3746894378531,0.696625879053195,502,883,516,1594,0.553952321204517,0.4072937522484511,0.4312193384532294,0.8450857081082046,0.3206860802778012
-111.39432062818115,-121.2946288914455,0.6931985473587905,542,832,545,1594,0.5219573400250941,0.3787128567907019,0.44693573964200706,0.8424437824849015,0.3062587580906405
-145.7554713193811,-121.32243226967408,0.6949386695092814,446,900,449,1594,0.5646173149309912,0.4284905677154637,0.39400567956673155,0.8219442889190464,0.3081975174239579
-122.05033584148106,-121.46589329808779,0.6935744126968812,505,849,518,1594,0.5326223337515684,0.3863249204997664,0.41849045068116614,0.841821512562261,0.2942537619341923
-153.82853989685287,-121.4545494571272,0.7067905548535185,334,996,352,1594,0.6248431618569636,0.3898398080181628,0.43851056664834753,0.7910691665690018,0.3003810988593134
-98.02923904398043,-121.42411378571792,0.7048679569141822,541,826,567,1594,0.5181932245922208,0.35884839860116624,0.44122531445846075,0.8345357711655376,0.29792284717945816
-85.9320468971948,-121.36070699425468,0.7082657233672522,589,791,589,1594,0.49623588456712675,0.34368376335013523,0.4196232615621138,0.8351736150319731,0.33265266026071244
-150.99338708851775,-121.62379157607651,0.7041523492029088,404,959,404,1594,0.6016311166875784,0.3979064379433719,0.45210028521062406,0.8234178595497559,0.32803876857907527
-109.4361378147651,-121.67401209312452,0.7001957296137529,531,827,531,1594,0.5188205771643664,0.3636052433539477,0.4727278754318154,0.8261353506933119,0.30008802856519035
-120.4197923240734,-121.66315247384476,0.6834804831306776,489,879,489,1594,0.5514429109159348,0.37897473861053593,0.4235758520906962,0.7933200670890783,0.26097667397296287
-118.76245305051543,-121.7506756574518,0.6758818169589402,475,866,504,1594,0.5432873274780426,0.3770121500239141,0.43912138263325284,0.8017466882298537,0.3017800583962941
-135.66875818319136,-121.51083759508712,0.687028451734269,471,899,472,1594,0.5639899623588457,0.3983419440439507,0.46267443062978614,0.8425989695331095,0.3276134338016307
-92.58366450116658,-121.35529527574131,0.6884298194992269,604,761,605,1594,0.47741530740276034,0.3616159653233429,0.45039798768981326,0.8490172812725673,0.3209695033370383
-102.97683140002403,-121.39181057514733,0.6779152313117639,553,813,567,1594,0.5100376411543287,0.3599329082172922,0.37749847279099036,0.8460028740207534,0.3037182045248412
-108.94916386505331,-121.25128163780764,0.6730458754090114,511,864,516,1594,0.5420326223337516,0.3658184975245012,0.4418994287596158,0.8466643026795541,0.33328845784856714
-107.12170717762254,-121.03930641890051,0.6706841342484356,560,771,570,1594,0.4836888331242158,0.36760329038782813,0.4489871786233409,0.8157663403360519,0.31295272099928323
-141.33522493455652,-121.0484188340211,0.6850757329481428,452,903,472,1594,0.5664993726474279,0.3878714555509314,0.4200795976388403,0.8382301917266766,0.33001136154076016
-86.80843811449265,-120.59392310377488,0.6919978695023766,620,766,630,1594,0.48055207026348806,0.35708222318130256,0.45414144437363124,0.8442650535880395,0.30202046932783805
-116.60529073559835,-120.29342517173578,0.6897747381226245,493,869,504,1594,0.5451693851944793,0.36713712626772876,0.41946436913975643,0.82823805279815,0.28936561356834956
-135.91220679353884,-120.37063851230687,0.6889668872518903,443,920,453,1594,0.5771643663739021,0.3927451387483062,0.42927799070735023,0.8289935939138015,0.31486533370371506
-109.07678424114216,-120.02137349675317,0.6708209740523376,496,846,521,1594,0.5307402760351317,0.36696274291581626,0.39122389428112464,0.7986773224208235,0.28198514206387376
-168.11893295543237,-120.4280017255448,0.6699769722863995,351,966,357,1594,0.6060225846925973,0.42962214658693687,0.45109020712698095,0.8154346118625693,0.2985478169088162
-131.89243966219485,-120.63462400387063,0.6671553165343083,504,854,506,1594,0.5357590966122961,0.42032774290433983,0.4384852664899311,0.825108170883308,0.31172733207127457
-100.70169650947214,-120.39053268033956,0.6601202386336175,575,799,584,1594,0.501254705144291,0.3800710711785382,0.40683325139391435,0.8341432106013197,0.3179482333758316
-154.56980703062965,-120.67231184957156,0.6698757093061678,390,960,419,1594,0.6022584692597239,0.4214293757580696,0.4364453462375384,0.8251284072294213,0.3063919338480386
-102.74705308886759,-120.81866590152218,0.6690421653785932,514,847,522,1594,0.5313676286072773,0.3589800759949747,0.4287005983817733,0.8598705364725858,0.3089724745631681
-103.00191696354301,-120.7031662827396,0.6706429965969936,578,807,583,1594,0.5062735257214555,0.3564615626736981,0.472032652611913,0.8280147135939675,0.3165273812352254
-104.84620280162038,-120.55111876232799,0.6733812305240694,569,791,582,1594,0.49623588456712675,0.37846570559624726,0.45819154415033503,0.8598152146790167,0.3416063593536833
-114.05080826649954,-120.41879530563976,0.6701237116670576,496,883,504,1594,0.553952321204517,0.37600384229220896,0.41770537137547487,0.8269518073190888,0.312701558209163
-105.86695589259953,-120.24576476758334,0.6807076272388111,521,862,523,1594,0.5407779171894604,0.3588533123447712,0.41278590389162245,0.8373546064454986,0.30141108275626344
-134.6004596015982,-120.4341595508297,0.6772696662928019,463,860,464,1594,0.5395232120451694,0.3751174074182367,0.4222140642856515,0.8445383176345372,0.3246664213721889
-122.97592092018188,-120.54465590605501,0.6760840901972096,480,876,493,1594,0.5495608531994981,0.3638126548910245,0.44659544523268335,0.8656700219309396,0.33444525912769985
-133.61322494090888,-121.14556241929144,0.675623715885705,485,875,500,1594,0.5489335006273526,0.40724328336303817,0.42545956863945184,0.8339746019725894,0.30078351348773724
-162.6369499327055,-121.6484368267793,0.6814477455004905,387,984,391,1594,0.617314930991217,0.4428760815617608,0.4347688614165908,0.8010299556386812,0.3135224896022939
-108.35671205422703,-121.3899622350461,0.6875865899620376,543,810,574,1594,0.5081555834378921,0.3606183763985815,0.41431914520300805,0.86031774347687,0.3173719328942817
-93.1349248023225,-121.31476456831227,0.6977872871065663,605,758,611,1594,0.4755332496863237,0.3561599591562826,0.4486420153230251,0.8408173285239088,0.31774441615264015
-103.64999231530977,-121.18251958723953,0.6992695690563329,552,814,552,1594,0.5106649937264742,0.36007642807289036,0.41298324675263914,0.8455625949989236,0.3254618529536437
-140.06478537421538,-121.39693658589367,0.6994188139472567,470,887,473,1594,0.5564617314930991,0.3958112714640304,0.4573808116131966,0.8358191520636877,0.2971682557863388
-153.82020513501817,-121.82559768981587,0.7020379773018592,425,939,445,1594,0.5890840652446675,0.4243341801983292,0.43245868779752034,0.8420916941460429,0.32018849207644345
-108.99235101760011,-121.83004945925565,0.7004439455658061,577,800,579,1594,0.5018820577164367,0.38174219889087097,0.4453490500469814,0.8399210929980088,0.30865876676519105
-86.66376514132925,-121.63349451032447,0.6949902228680754,637,742,647,1594,0.465495608531995,0.37513596084961404,0.44680000528953234,0.8312286196416281,0.30391229882543525
-139.63300148416786,-121.48775954680747,0.691804537649742,453,887,460,1594,0.5564617314930991,0.4124084698613148,0.43892442613235527,0.8302676183965726,0.2983652426394618
-107.5663416055418,-121.5366054235097,0.7088757806550283,515,836,541,1594,0.5244667503136763,0.3841166937668476,0.4456923566475181,0.828507214827582,0.3050889897903014
-124.68862701537765,-121.4183950114148,0.7091382133021846,473,897,475,1594,0.5627352572145545,0.40528866841692235,0.4680758707974609,0.813412452851877,0.3188206236558339
-121.04228812499794,-121.30908980300397,0.7223223241025453,511,881,536,1594,0.5526976160602258,0.3868649132361718,0.4387579713709844,0.8378871473333427,0.30643198163335433
-108.11119274734534,-121.33423697351692,0.7176066647185502,514,819,561,1594,0.513801756587202,0.3790518929225879,0.42649340273812775,0.815844698041304,0.3058554243661574
-99.40056221949602,-121.04838294050607,0.719947464714123,608,770,610,1594,0.48306148055207027,0.38600437028685125,0.4425045691597762,0.8109209069643083,0.30365808689789725
-99.88069931707948,-121.09979496641776,0.7242257636244187,572,796,572,1594,0.4993726474278545,0.3663038729185398,0.45020014454011287,0.8328173037474113,0.31546938765915017
-91.0762112061211,-120.72560951583495,0.7250779632407303,592,762,594,1594,0.4780426599749059,0.36399801370392476,0.4402522777624766,0.8326435212737113,0.30928038850407774
-102.1988374152153,-120.19566513695978,0.7276142982005015,543,793,558,1594,0.4974905897114178,0.3771400918325175,0.47222236530208606,0.8483859434395652,0.32197067728573986
-110.94264017421898,-120.05548858500859,0.7219725875361658,523,809,542,1594,0.5075282308657465,0.4112255794554554,0.4180787950405833,0.8238230071641616,0.2990859844069575
-98.05250232201728,-119.83999443137971,0.7140029228391614,571,801,601,1594,0.5025094102885822,0.37494258079919357,0.4068079375746496,0.8252965327898587,0.3151544874407686
-91.00262436294044,-119.78895266230971,0.7137645211504287,554,788,560,1594,0.49435382685069007,0.3467013612147714,0.424236670452871,0.8582036904378901,0.3166841953173461
-115.5913131473157,-119.60338963254999,0.7090900219990343,491,829,491,1594,0.5200752823086575,0.35191704201263785,0.42180847492893836,0.8536491103371887,0.33295437433457514
-101.19365263258878,-119.27224227294678,0.7007781807296907,485,866,515,1594,0.5432873274780426,0.35235207661304757,0.43259532428592007,0.8236974739391462,0.3036695833765461
-131.42906609950077,-119.66352673392312,0.6895722673924761,485,898,496,1594,0.5633626097867002,0.382934487170632,0.42616886760718886,0.8402486592443782,0.33221439724931656
-135.37950212101939,-119.73183455496229,0.6960319612203812,458,883,463,1594,0.553952321204517,0.42655252389402665,0.43183066051719393,0.8559489250107317,0.3097605780499993
-82.45106346796385,-119.13764760916818,0.6856141048556819,644,738,667,1594,0.4629861982434128,0.3786317273601262,0.46454044136246625,0.8668097188189262,0.326796230496804
-84.45773979536348,-118.42597050733048,0.6786441001244075,667,710,678,1594,0.4454203262233375,0.3761432113187113,0.46555898333717793,0.8586362178697285,0.33093874623629715
-122.34996830356602,-118.33285217994766,0.6762411592141753,517,834,520,1594,0.5232120451693852,0.40167303443398894,0.44571028995947926,0.8412973376990284,0.3182482404757611
-124.41043790300571,-118.2019116249727,0.6787791095240463,547,808,548,1594,0.506900878293601,0.3983566925196946,0.4382719657681501,0.8100137616816961,0.29337626128673505
-121.55901882410726,-118.0161288025807,0.6810890850051458,456,872,478,1594,0.5470514429109159,0.3951655352404839,0.42537025685926133,0.8095731287985041,0.2885560714826543
-130.95468254497698,-118.05141139249459,0.6786774166197485,534,802,551,1594,0.5031367628607277,0.4331530143298093,0.4586825782507125,0.8726698309734441,0.31912672327594493
-116.35637737942636,-118.12362864008533,0.6778967876219528,578,779,596,1594,0.4887076537013802,0.41850822388028436,0.43017296744816513,0.8414635422438419,0.3227323290130485
-122.66457835866713,-118.41186335973866,0.6727876043302381,510,858,523,1594,0.5382685069008782,0.41550083062037974,0.41763826075123595,0.827812847269243,0.29496272716491906
-126.15260063895774,-118.53769468582041,0.675007453385793,522,837,538,1594,0.5250941028858218,0.39838770498706255,0.4304437496100377,0.8369954949003909,0.3035067043010609
-139.17866151137014,-118.71051411456888,0.6735491442185879,440,888,465,1594,0.5570890840652447,0.3988258323231876,0.4288611160698339,0.856050860456981,0.3114521484369961
-100.74944927267094,-118.55409043128908,0.6734697988976974,583,782,597,1594,0.4905897114178168,0.3890540833049106,0.44919253303247797,0.8357855971948881,0.31384074514989785
-97.05696978874833,-118.29235590732299,0.6695157479455426,616,758,620,1594,0.4755332496863237,0.373149480911937,0.4382214311204182,0.8402318966750061,0.3182379576708934
-133.63099542265527,-118.28877022469442,0.6528015169456647,540,840,545,1594,0.5269761606022585,0.43020793197307516,0.4521098981371874,0.8589102063748255,0.3242983888101712
-120.53696108103567,-118.25836021124911,0.64705648192884,532,844,540,1594,0.5294855708908407,0.39397590085973794,0.419472818093354,0.8260033514184717,0.31265300703195986
-149.47417253640242,-118.6461267615541,0.6549815363868943,440,901,476,1594,0.5652446675031367,0.4204363644939723,0.43356214327261894,0.8107517243651085,0.28137048811351245
-66.24589192770142,-118.24097992668399,0.6567995318899917,684,719,692,1594,0.4510664993726474,0.3472360345575629,0.4297360840473195,0.8531050686988365,0.31349549399928966
-95.37667248260352,-117.88570698570338,0.6564280487885255,615,776,634,1594,0.4868255959849435,0.39298523949722164,0.41364660834784817,0.8434370710189625,0.3281308703294132
-96.98914700825928,-117.89074944311608,0.6512016776067397,562,782,583,1594,0.4905897114178168,0.39760743356368045,0.4318327172846133,0.835289617619806,0.321165274627576
-118.76095411583725,-117.44358652806056,0.6717918528026233,487,873,487,1594,0.5476787954830615,0.40425939035797837,0.44603235131195446,0.8172954456499797,0.30493780582337265
-140.1842179849148,-117.63253803217694,0.6737064311988147,439,924,448,1594,0.5796737766624843,0.38060314927673383,0.4687504129166601,0.8203869941497165,0.301548270136664
-124.622283969299,-118.09366740665342,0.6771439741411394,497,870,498,1594,0.5457967377666249,0.3911410352010521,0.41643689723013727,0.8360389052545661,0.308388916930189
-132.7249024303555,-118.20403304844207,0.6629310861249571,490,878,490,1594,0.5508155583437893,0.3826072833210132,0.3920778424719138,0.8406039260878666,0.3178126284831972
-133.97044788736875,-118.28297397528729,0.6680880031711018,402,940,403,1594,0.589711417816813,0.3967393919902458,0.41438411988510965,0.8210782951415537,0.32468813869995466
-149.7630041958756,-118.11785641104359,0.6688380363416232,418,903,418,1594,0.5664993726474279,0.4097775023017186,0.4316733475341307,0.7984011103068176,0.2761896593308146
-115.1157794407319,-118.0278660459948,0.6696863683737801,554,817,556,1594,0.5125470514429109,0.3928462600966175,0.4568725586792222,0.8452050179815633,0.32640164911750796
-119.50033240885654,-117.57111924877503,0.6079674680195183,503,867,505,1594,0.5439146800501882,0.3800680816741758,0.4479130754988702,0.8618699459353393,0.3325537808190208
-125.90456099470502,-117.62920513042064,0.6122295140617229,497,873,513,1594,0.5476787954830615,0.3869647083466426,0.4093411759288665,0.8424641988442553,0.3366670480069513
-100.14346384625655,-117.43281599904822,0.611698438452472,551,825,552,1594,0.5175658720200753,0.3757434348534582,0.4511331268178676,0.8337932087263601,0.31713111380667447
-99.4352202242312,-117.13859516174993,0.6031656199276961,530,819,552,1594,0.513801756587202,0.3724307533337876,0.40535968134425815,0.8096800580786948,0.2912793171915199
-98.430567492217,-117.04830258777884,0.6027029491826229,563,790,567,1594,0.49560853199498117,0.3675426755022087,0.4465360703275946,0.8058570971957434,0.2966668013479028
-144.46485637082392,-117.0956283894443,0.6102126566967403,439,917,459,1594,0.5752823086574655,0.40873081139559253,0.41242737451514294,0.8150753328009716,0.3240771170635693
-132.05636074531,-117.51439800616907,0.6050529329463887,496,857,499,1594,0.5376411543287327,0.39747350235755935,0.4605773521924285,0.8230337290594982,0.314844779741066
-97.91295198551828,-117.43285287360021,0.607209690019352,589,767,596,1594,0.48117942283563364,0.37297153216096646,0.4357733211046724,0.8457131349512087,0.3181153241250077
-121.59708737169531,-117.53621936246769,0.6134150648754055,495,863,507,1594,0.541405269761606,0.3806809384496474,0.4607332006548243,0.8366562775970618,0.3169557328379003
-108.67631173998059,-117.17695474439755,0.6145741862645028,553,830,577,1594,0.520702634880803,0.36619831711900935,0.41504171495150444,0.8603944459878807,0.32905802432253667
-109.48613307253495,-117.25826393630724,0.6150159526910408,547,816,561,1594,0.5119196988707654,0.3762652024374509,0.41021032077221437,0.860462199421479,0.33648199362951114
-116.85978270989243,-117.29155055795275,0.6091968844491435,544,825,547,1594,0.5175658720200753,0.39507266911196826,0.42384431105095044,0.8368981004127166,0.30591632170940924
-124.101930742135,-117.54647258955798,0.6120388500546203,490,862,501,1594,0.5407779171894604,0.38193674208155703,0.40466442223476634,0.8066899544153645,0.2795594719143979
-85.11391715873829,-117.01615918348514,0.6108183951533455,618,765,620,1594,0.47992471769134254,0.3597021478114677,0.42972405047696116,0.8286646999111551,0.3275039697019506
-115.58613865184553,-116.95099487834075,0.6162770657597122,509,840,519,1594,0.5269761606022585,0.38843417460097623,0.4016569378666087,0.8333784235534618,0.30779274929893863
-145.54770255885046,-117.23709032460107,0.6199786072346959,428,911,439,1594,0.5715181932245922,0.41468217164094345,0.44483727986067756,0.8051112080235842,0.3044736915793871
-124.4105279360455,-117.25026439644478,0.6210867730881181,492,850,506,1594,0.533249686323714,0.39515163728906527,0.48053170197407014,0.8273360295473132,0.3106117122950952
-110.06950526179762,-117.24064148500948,0.6183692856538585,527,815,566,1594,0.5112923462986199,0.3816656638401726,0.4530593854448178,0.8383618245482568,0.31641592069475666
-134.5059000326772,-117.24674189828522,0.6264294797784785,444,898,461,1594,0.5633626097867002,0.3954826251321414,0.4200661250439785,0.8243200414233915,0.3223215677983524
-101.83038770634552,-117.15110256906686,0.6246127187567994,568,793,573,1594,0.4974905897114178,0.3838388626712697,0.43780436755021607,0.8205293084724969,0.3150236617219215
-135.57710402483724,-117.04931889612143,0.6251805590817976,445,886,450,1594,0.5558343789209536,0.42031203458821986,0.41826687708643484,0.7873368160911688,0.3056713949012763
-123.68794338265583,-117.06569497153319,0.6285322167804425,460,884,465,1594,0.5545796737766625,0.38852606959772795,0.42262051360713165,0.8335235838468796,0.32684896872991864
-96.59783978822321,-116.49338797044692,0.61434678325262,568,803,573,1594,0.5037641154328732,0.36686156321995106,0.42589459974361243,0.8434227893189302,0.3160990348933627
-112.87321581317812,-116.64182773813887,0.6182269129331674,496,863,496,1594,0.541405269761606,0.3784201899337131,0.4360688005364912,0.8491047310211082,0.3112355996177914
-122.56263531835805,-117.0081336223505,0.6170611602347461,472,886,478,1594,0.5558343789209536,0.3524199642749901,0.45150465941429957,0.8525850614344951,0.322291155909994
-96.48169583224086,-116.46301670978774,0.6090062492660103,583,767,606,1594,0.48117942283563364,0.368891991288941,0.43455640770212517,0.8236652351267,0.3046824123596862
-112.07430497488568,-116.48939838138897,0.6140351032622704,607,761,618,1594,0.47741530740276034,0.3787171403563488,0.4191564494426682,0.8614073119107188,0.31828158523573064
-115.49562929438946,-116.4401567510921,0.6179232824509084,560,781,560,1594,0.48996235884567124,0.4063640318925787,0.4213635389784729,0.8483221358475257,0.31568065615307533
-129.884261785101,-116.55137483843797,0.6196430043613771,483,904,484,1594,0.5671267252195734,0.37972439175135847,0.36817203245757074,0.8259075962151723,0.3080470038373382
-141.71615850038788,-116.61184884160994,0.6096895762277493,482,875,501,1594,0.5489335006273526,0.4169104249656587,0.4592171026532186,0.8323840033081739,0.31530631183588514
-119.03254665066473,-116.87633766310493,0.5989906185865695,560,816,560,1594,0.5119196988707654,0.40150033443643557,0.4206872888132281,0.869579920003452,0.3257238246075254
-121.23048543581505,-117.05887420346284,0.5945174334305476,528,851,529,1594,0.5338770388958595,0.3853963686909013,0.3966173479800911,0.8582905151024393,0.3254459123544093
-110.90245818891486,-117.07840714670147,0.5949597303279348,563,782,563,1594,0.4905897114178168,0.4122346531941623,0.4624048967831989,0.8272172901773759,0.2833435587643342
-110.72584359262247,-117.11444851085145,0.5940194624103623,549,798,554,1594,0.5006273525721455,0.3861683392160775,0.45698097087922296,0.8401508228861833,0.29629009623880564
-114.75659331772437,-116.84866219468314,0.5881865804016251,564,809,574,1594,0.5075282308657465,0.39222556186217666,0.4442089328951665,0.8316211646011444,0.31964220113745084
-142.27272473198795,-117.40330506085807,0.5949315816800649,391,931,391,1594,0.5840652446675031,0.39219661109759996,0.4361610927853076,0.7971861811907659,0.3190116113186497
-106.19460546314417,-117.29919820813353,0.5951669744638842,506,835,508,1594,0.5238393977415308,0.35297400408983043,0.4166892342919093,0.8208520130041291,0.30183697587425057
-96.12081260671357,-116.90128426626526,0.5935058664808366,548,813,556,1594,0.5100376411543287,0.3498678224503097,0.4618174249697779,0.8506558253991439,0.31644361673923344
-124.3967075054484,-117.05448349890834,0.5995090507932912,496,869,514,1594,0.5451693851944793,0.3995735273782265,0.4317289126120043,0.8266987307709077,0.3196912989409681
-91.32611095635063,-116.28655527891752,0.6017819027243898,628,753,638,1594,0.472396486825596,0.3927914517154151,0.4146762218285934,0.835445952233302,0.3080820140513806
-104.63735290145623,-116.01400441131013,0.5987434977627291,559,808,563,1594,0.506900878293601,0.40892809249098633,0.44452586482693285,0.8343757674660431,0.3260104120240953
-124.11542673964966,-116.24814171361191,0.5940588177473944,502,889,515,1594,0.5577164366373902,0.38187469028538706,0.439253528251275,0.8160025404404845,0.29245778572795733
-108.60704920299779,-115.78851413533559,0.5832680833462064,517,829,525,1594,0.5200752823086575,0.3808403085153371,0.4049131686621009,0.7794572095387484,0.27721779095779364
-89.07020517571316,-115.65174565620406,0.584709597624127,609,767,611,1594,0.48117942283563364,0.3672002558684161,0.425490086229813,0.8105761920841944,0.2914832313024584
-128.95321849929127,-115.91125867156154,0.5876961457012183,471,861,484,1594,0.5401505646173149,0.36759615024128567,0.41839824918666046,0.8419988819557962,0.30644553457671314
-93.74268366323598,-115.80022348017768,0.5883741298104413,555,807,561,1594,0.5062735257214555,0.3693985534697973,0.42574554922102803,0.814221862248019,0.30633126685874174
-133.49409330734346,-115.99465633058611,0.5867556126428368,471,882,471,1594,0.5533249686323714,0.4108417336841869,0.4537915081560263,0.8390725374244757,0.30555665211012345
-152.6087083960478,-116.46207385562062,0.5815194612393142,362,970,388,1594,0.6085319949811794,0.41368506960845847,0.4792946432803477,0.8321343924574337,0.34049650967009176
-128.638912501023,-116.40245838461486,0.5837342608315332,462,866,487,1594,0.5432873274780426,0.41253689606872074,0.40363142258594203,0.8054077205205888,0.27510067267733185
-98.22756103826777,-116.15497478579572,0.5876745624413483,623,740,632,1594,0.4642409033877039,0.4128946985345531,0.43443084214812705,0.8427967823885258,0.32129077544683654
-145.13193808759078,-116.27016191726254,0.5894014230826632,454,885,465,1594,0.555207026348808,0.4458731465801249,0.43600647773722034,0.7927916398181835,0.2808477595473573
-82.4000093642967,-115.46779251157842,0.579543456894508,586,779,615,1594,0.4887076537013802,0.3575302552866131,0.4433949753171665,0.8228964994731358,0.30689497070064714
-104.61790506326388,-115.4304044416688,0.5646559630967735,556,812,558,1594,0.5094102885821832,0.3555665880437474,0.4493151677177957,0.845112943116419,0.32689993877482576
-98.16075092199235,-115.4806627028655,0.557528132067529,523,822,568,1594,0.5156838143036386,0.3674414814703755,0.4222363253405903,0.8224800205617276,0.3020766612330885
-127.01260010808281,-115.71428878079323,0.5549297783374739,487,865,491,1594,0.5426599749058971,0.37005705066845673,0.4558491587060958,0.8218576999344159,0.30263375736084813
-99.84215640392665,-115.31206249109034,0.5562473448931311,577,789,578,1594,0.49498117942283565,0.37872688287642314,0.4389466557580822,0.8356140418064433,0.305560581852465
-113.60556344375703,-114.90991607417774,0.5509243627539676,558,824,563,1594,0.5169385194479298,0.3952757102997081,0.44866272786975714,0.8287590174506653,0.31684282157529253
-89.0065149767541,-114.71005771376927,0.5557957368256092,589,788,618,1594,0.49435382685069007,0.3680672850707293,0.42947909334273743,0.8313098568890057,0.3109455406653512
-127.0014184646867,-115.11343424700286,0.5619663519284742,508,852,508,1594,0.534504391468005,0.4035726579492151,0.38998749177001624,0.8083321984137989,0.296482160494935
-81.05465218622108,-114.52765075402338,0.5652940965056008,606,754,620,1594,0.4730238393977415,0.3689159113800817,0.4567108150229372,0.7958862707406417,0.3095220466063267
-75.62333003637906,-114.20822063833175,0.556238787590878,635,752,650,1594,0.47176913425345046,0.34981544436042383,0.4351680321308344,0.8046386962439139,0.289378910423242
-93.93216784965766,-113.90065604667456,0.5611359354001886,589,790,592,1594,0.49560853199498117,0.3584439304822905,0.43503950882493375,0.8362169028266236,0.31423299168257834
-123.28832688254128,-113.92311643424999,0.5470224090127137,527,820,527,1594,0.5144291091593476,0.37139090260636265,0.42853329764082215,0.8493629814112645,0.31317594403702637
-117.66427341047317,-114.01864724088128,0.5511860012911449,554,835,565,1594,0.5238393977415308,0.3939211560258821,0.4195244568483217,0.853137436287899,0.33009291961991777
-121.67531628148173,-114.24139478150113,0.5445897541758323,474,881,479,1594,0.5526976160602258,0.4018229597992298,0.40745479218612796,0.840966072409444,0.3245992359146905
-99.67867657008519,-114.2393745540312,0.5422412935246208,593,778,594,1594,0.4880803011292346,0.39242572028292505,0.41860388778047364,0.8373129594804102,0.30377479381616623
-125.93047946972813,-114.58791723666725,0.5411928039441009,520,848,538,1594,0.5319949811794228,0.4138554972646152,0.45282471055381746,0.8431641217984561,0.3392754263887188
-95.92862277571177,-114.52521509027221,0.5417965673559451,621,714,621,1594,0.4479297365119197,0.3979481399822407,0.4288412951027526,0.8412532495528708,0.3063987253243246
-131.6588788849834,-114.73237747737986,0.539000072017974,509,839,509,1594,0.526348808030113,0.4192287085798416,0.3905458749074062,0.8365237139407745,0.3110472329086313
-114.74070329720169,-114.89925948713172,0.535148018061272,531,844,548,1594,0.5294855708908407,0.3764786345276911,0.4421527434748254,0.8699961771466284,0.3362999080880003
-114.75651907806365,-115.13679843428295,0.536578403250905,512,831,512,1594,0.5213299874529486,0.3983007280173401,0.478870594027862,0.8240152454699902,0.3168315436448827
-146.7805867218472,-115.44869117002827,0.5454925426462754,407,950,407,1594,0.5959849435382685,0.42567632874574934,0.4507494724961286,0.8081153686135628,0.2992352566555443
-122.99890771974965,-115.66674372089989,0.5696519323619577,517,846,517,1594,0.5307402760351317,0.3786653167575669,0.41206144691552604,0.8157598510608265,0.2971045469327171
-127.00154169857764,-115.62246847689063,0.57138777046636,456,885,466,1594,0.555207026348808,0.3802763994694237,0.3994641924894361,0.8385261004415979,0.3448248643228486
-91.26856660764007,-115.18135912175683,0.5621982936419799,602,784,615,1594,0.4918444165621079,0.3524214454465926,0.42026753749804296,0.8569634439692814,0.32119766620685314
-104.7591150083172,-115.40443963716035,0.5678167678957527,545,840,550,1594,0.5269761606022585,0.38736555860291944,0.4134416252980028,0.8098805553325744,0.31642370017875615
-90.25767325882786,-115.46243897179502,0.5705800174438821,627,771,628,1594,0.4836888331242158,0.3643601691575133,0.43461875856264276,0.8415593344819182,0.31498590012352595
-129.75726300300613,-115.5365119187894,0.5724648669846512,470,876,487,1594,0.5495608531994981,0.39863833692655315,0.42891025007097394,0.8032555635795685,0.3111590865154794
-102.45421846151743,-115.31694972437452,0.5754105074732278,540,828,541,1594,0.5194479297365119,0.35854633879905357,0.45599378883854375,0.8352848852675892,0.3158132079174945
-79.98872175799947,-114.90124675371344,0.5769676181507123,611,759,611,1594,0.47616060225846923,0.36165479032218456,0.40031277894281264,0.8316595027755938,0.3135486773806435
-99.75618622516791,-114.58926179051535,0.5808825869498407,590,764,603,1594,0.479297365119197,0.38028124367149363,0.42428771007775234,0.8488403055133679,0.3238052850275425
-110.52458428003821,-114.53094385952147,0.5803408481999132,582,778,588,1594,0.4880803011292346,0.3883056306305873,0.42268085857715765,0.8434387957922783,0.3165260665360839
-126.5205320827741,-114.56950339676254,0.5780108650396594,510,840,511,1594,0.5269761606022585,0.40950318992529866,0.43276229209483613,0.8362132249645451,0.30053906292170607
-112.86221415620105,-114.43659953193497,0.5813973231705751,558,798,575,1594,0.5006273525721455,0.401424143395037,0.4649045937623032,0.847792592009491,0.3343003932080895
-136.6405670143205,-114.41121858696448,0.5835601492170696,476,862,476,1594,0.5407779171894604,0.41556043480559063,0.43880790456095853,0.8237390755951989,0.2961650588590981
-105.68947000411733,-114.46061879427896,0.580555119609398,555,804,555,1594,0.5043914680050188,0.3820991236290136,0.4596075423985879,0.8314598984398788,0.3097187144134295
-155.06651448297248,-115.04071424122121,0.586994015691608,404,962,421,1594,0.6035131744040151,0.4300121822162634,0.4727740562629962,0.8132886278535777,0.28734070363111713
-103.282163834848,-114.73722592534315,0.5780387180802414,544,817,547,1594,0.5125470514429109,0.364756242114044,0.4304253739655213,0.8273862207762445,0.3091035867328076
-117.51907399148133,-114.7070470544476,0.5835056492263887,507,861,516,1594,0.5401505646173149,0.39069246021056003,0.4575902991185746,0.8345984948271776,0.3116445684143687
-112.54596802509431,-114.33776500933453,0.5779216945683053,508,860,527,1594,0.5395232120451694,0.3689708252099879,0.4300768560068291,0.8200779706279313,0.31715326557680906
-104.2306135582136,-114.71761222563964,0.5761002498103164,592,772,617,1594,0.48431618569636137,0.368472456646359,0.4412971699890647,0.8540875384588867,0.3160567115712263
-107.57411432350693,-114.83958664404867,0.5834205043001909,541,815,546,1594,0.5112923462986199,0.3758617918806897,0.43596642321703316,0.8101829130834358,0.30471693402477706
-89.45161275984105,-114.76421130156449,0.5823995443752177,624,750,638,1594,0.47051442910915936,0.36774368438202715,0.4092099000423603,0.8399178332302215,0.31571075208744676
-131.0943483712115,-114.88754524411819,0.5667399297817314,518,857,528,1594,0.5376411543287327,0.4144594803882161,0.452044003836774,0.8728720636123332,0.32699582763926754
-128.59394794194392,-114.77164254368849,0.5781014523281458,558,807,572,1594,0.5062735257214555,0.4217391135000206,0.4219802956634433,0.8717556687907014,0.33575390575389313
-100.34379332261817,-114.52885763722168,0.5735176298375666,571,780,579,1594,0.4893350062735257,0.41662814378941965,0.4366579749185532,0.8414869888257485,0.31911328856599225
-124.19798487476805,-114.4435884616658,0.5840036700173211,432,908,456,1594,0.5696361355081556,0.3752888992496337,0.46574713812516605,0.8359272539145285,0.3221964519679243
-121.84539860023828,-114.32233796879451,0.5762859986842013,524,836,525,1594,0.5244667503136763,0.3653659901596867,0.39350467974890196,0.8439401025056572,0.3086905504004605
-130.21130512924094,-114.1268209781282,0.5777225472353984,454,885,455,1594,0.555207026348808,0.3872141693210576,0.43063195972399365,0.8141979958904463,0.31588535553823766
-124.44450569836042,-114.22010824070449,0.5810124458109529,507,859,518,1594,0.5388958594730239,0.3922576731767483,0.4220998243268287,0.8513829097227923,0.3161697568143765
-106.60143925851212,-114.09111930920103,0.5853705508690863,526,838,529,1594,0.5257214554579673,0.3743291115264304,0.42869479074035666,0.821661584401121,0.3126994533205392
-134.81560479184128,-114.1802297471724,0.5816117930541034,428,903,432,1594,0.5664993726474279,0.3974474141164865,0.43550487461279597,0.8370462009248318,0.3286928572504629
-151.57575543339254,-114.69455266304374,0.5825434829968049,370,962,370,1594,0.6035131744040151,0.4308075914134071,0.46408111793645423,0.822970190937056,0.3218873454246684
-113.07626263128323,-114.83096308711427,0.5846017181610441,557,813,572,1594,0.5100376411543287,0.39973800833458867,0.42083085570896644,0.833375315082272,0.31208735427955564
-115.6772863601568,-115.00343027579363,0.5864025493899263,537,817,549,1594,0.5125470514429109,0.4161314421399309,0.4112416461182227,0.8268226459483173,0.3079950625390261
-103.87389638552514,-114.59752067594064,0.5786529405267404,531,825,548,1594,0.5175658720200753,0.38472722683553967,0.4153292443044259,0.8271003415135175,0.29766584965681653
-118.72231766019019,-114.46418024508947,0.5764366995015484,468,853,502,1594,0.5351317440401505,0.380544322684855,0.458667647197677,0.8652886366146278,0.33703474775600956
-111.39336776511577,-114.59898440288543,0.5755082576383477,514,852,516,1594,0.534504391468005,0.37494168690662744,0.428944821151562,0.8325144355858343,0.3141088696616719
-121.41845792165428,-114.59719810838504,0.5735210112108959,436,892,455,1594,0.5595984943538268,0.37330342318146276,0.4341587630291834,0.8188224744729856,0.2879387345241902
-93.24293290944865,-114.44286432007972,0.5699481143626405,585,778,602,1594,0.4880803011292346,0.35461721751583525,0.4247508321673601,0.8445173200916386,0.3159883079145897
-119.09997081239175,-114.53900269747827,0.5719418765674836,523,812,545,1594,0.5094102885821832,0.3993465716348961,0.4315465440195168,0.8473363173564151,0.33475336927841676
-127.05157562573774,-114.64092062663673,0.5794499765134403,499,853,506,1594,0.5351317440401505,0.40625984305445495,0.4443553914836295,0.8546868928520291,0.32305468276647836
-114.3383056169367,-114.54328437538474,0.575856539392933,529,811,550,1594,0.5087829360100377,0.39399651424312193,0.4220178576325928,0.8020576608960418,0.2941815539876619
-119.27046202768199,-114.88484982407417,0.5714813494279398,521,851,531,1594,0.5338770388958595,0.38257752948772233,0.4367942840221706,0.8570361311194284,0.3079693827032693
-130.92868631226875,-115.03827530067842,0.5659035872157779,462,918,479,1594,0.5759096612296111,0.4077323822378777,0.38950070321253033,0.8527010514082303,0.30343165943805256
-126.15553736644388,-114.84435364875435,0.5705409445854083,508,845,508,1594,0.5301129234629862,0.41865766098322477,0.46259953488611305,0.8397631848749371,0.3137446427053526
-128.2932903639984,-114.88318127303388,0.5856700530465792,457,872,461,1594,0.5470514429109159,0.38465738532232513,0.413859009331824,0.825121130408767,0.306851940610749
-127.66394413888226,-115.0591256618047,0.5862738636337885,499,837,502,1594,0.5250941028858218,0.3922265030391947,0.4487386311760437,0.832845987297473,0.3264609007368499
-127.27765339727424,-114.98684319545067,0.5652203770040084,503,866,513,1594,0.5432873274780426,0.3942709510284553,0.4671350981911074,0.8063653350059484,0.29801912416958354
-95.90751513348228,-114.92761446972204,0.5649846551881239,566,783,588,1594,0.49121706398996234,0.3699530598248462,0.42720307029948945,0.8249897342779126,0.2939413015689909
-119.66421277991306,-114.76848555727281,0.5612827579586943,445,894,445,1594,0.560853199498118,0.389111897881138,0.4353245296372373,0.7969450328375135,0.3055219458269237
-80.14158778084499,-114.3330220012547,0.5582444360441372,603,774,624,1594,0.48557089084065247,0.3544272408047564,0.44345756500730277,0.8304789311225981,0.30243481251530424
-104.82353266263188,-114.4152789299988,0.5629840872274156,554,821,561,1594,0.5150564617314931,0.3923357836115779,0.42499938720909264,0.840451762752886,0.33021993917223025
-128.72912214066076,-114.57383799327364,0.5670678260315146,514,850,514,1594,0.533249686323714,0.41770072760764637,0.3939354589384101,0.8415099161156133,0.3191387585470405
-135.50634837216563,-114.70327512381172,0.5712194888659841,490,871,512,1594,0.5464240903387704,0.4146981964681907,0.4473635086984029,0.8527256917385033,0.34415088080176287
