-138.21235125167945,-138.21235125167945,11.647233144248634,242,1090,243,1594,0.6838143036386449,0.24336680123210636,0.42994309508420825,nan,nan
-126.08832465284283,-132.15033795226114,7.362193810811237,323,1001,324,1594,0.6279799247176914,0.29932779794420783,0.43746367873470304,0.7503470487293002,0.2768890589832846
-119.03442111546407,-127.77836567332878,6.166455985988752,392,961,392,1594,0.6028858218318696,0.31315520552989584,0.4709022441689358,0.7659713433136851,0.31797342839636455
-153.09577570902474,-134.10771818225277,5.298264468775849,377,982,387,1594,0.616060225846926,0.5026511697396172,0.46138857864469396,0.7629359244643469,0.29281964760461193
-162.4853234794098,-139.78323924168416,5.038903636940343,522,860,522,1594,0.5395232120451694,0.7387955113553657,0.4478426558625887,0.7458895827450709,0.27692499986668323
-97.8504493410511,-132.79444092491198,4.786836031339624,736,681,737,1594,0.4272271016311167,0.5844251976260403,0.4388550027919416,0.8121284354107617,0.29665733530920496
-160.73399587382045,-136.7858059176132,4.774022443015871,563,821,565,1594,0.5150564617314931,0.6490904399410944,0.4154175727010201,0.7956379189126831,0.3051039395243117
-182.112820965323,-142.45168279857694,4.594214344423728,460,911,462,1594,0.5715181932245922,0.7151035373305648,0.44257876872509133,0.7850752851789004,0.29224267413857835
-127.98691561159438,-140.84448644446778,4.935895937100893,628,762,628,1594,0.4780426599749059,0.6206536636897871,0.4561481254299288,0.7563605099426178,0.2710552111895271
-168.8544164828294,-143.64547944830394,5.084238646910359,506,842,507,1594,0.5282308657465495,0.736508934182091,0.46351926223877077,0.7748772297639764,0.2803435295838583
-195.9151198192144,-148.39726493656852,5.058837162574528,421,913,421,1594,0.5727728983688833,0.7224786833694878,0.41681585319128467,0.7563690186499122,0.2803107823368823
-133.2448292354118,-147.13456196147214,5.2347730866783815,543,832,543,1594,0.5219573400250941,0.5058896664884791,0.4406521836339064,0.8049825763437289,0.30923236039442986
-99.65327423474031,-143.482155213262,5.291062042778458,654,747,673,1594,0.46863237139272274,0.4631253113740281,0.4454753162010926,0.809066726217968,0.2959618782451838
-134.45365010808698,-142.83726199146378,5.2528319817193445,545,856,545,1594,0.5370138017565872,0.4970968883385526,0.4232561059521309,0.8089340561066377,0.30711898591914555
-119.34942268731974,-141.2714060378542,5.192420383767588,515,861,539,1594,0.5401505646173149,0.45635818526200117,0.437671685059147,0.7963078581526837,0.3241663772906556
-142.61995657516766,-141.35569044643626,5.207671160454716,488,886,489,1594,0.5558343789209536,0.515309606381987,0.40329018793965105,0.8166974055843407,0.3216568023630439
-131.6326148790805,-140.7837448248271,5.128688206053729,472,895,474,1594,0.5614805520702635,0.4847131986208877,0.4292609825631435,0.804564310425803,0.3121512270296874
-124.21043821941267,-139.86300556897072,5.1029077852139935,583,800,584,1594,0.5018820577164367,0.555740654911925,0.4332817737690889,0.8047110442386217,0.31582183024478555
-134.99725780063181,-139.6069135811634,5.140599302554115,522,842,524,1594,0.5282308657465495,0.6201578906380898,0.42015406030606084,0.7892143158733612,0.3024268367599361
-183.10877655561626,-141.78200672988606,5.18862742767557,394,924,394,1594,0.5796737766624843,0.6246704519621645,0.4520008493802808,0.7823540268536867,0.30077272518555737
-158.46055430341204,-142.57622328100635,5.149876160936876,481,859,484,1594,0.5388958594730239,0.5746173919478675,0.42341549731192973,0.7937745246487543,0.29989839178842437
-114.03998462051473,-141.27912152371127,5.037482310078175,607,790,615,1594,0.49560853199498117,0.5306686292478879,0.4432117846581505,0.8160293067973535,0.31992957294267105
-96.62088855797565,-139.3374592208532,4.933787148556373,671,711,671,1594,0.44604767879548307,0.5021013489403345,0.4514968403668413,0.8327280813994798,0.29510436649731414
-145.09277800806433,-139.57726417032032,4.8709625212717595,464,864,465,1594,0.5420326223337516,0.5436865963922882,0.429701673066757,0.8093467717733042,0.29623172977155515
-115.3103167515957,-138.60658627357134,4.7819171485935446,612,785,614,1594,0.49247176913425345,0.5114085037432836,0.4561637942837247,0.8043805027676308,0.28662513526201294
-125.05899491801485,-138.0855250675884,4.661112835769654,579,796,590,1594,0.4993726474278545,0.5134774905290856,0.41967019498611363,0.8115961457836933,0.2974057256409634
-117.8940806416822,-137.33769379255483,4.531123892888938,497,889,498,1594,0.5577164366373902,0.4198188209183035,0.4117441746079676,0.8106404084323006,0.32140623527764983
-146.4193306521322,-137.66203796611117,4.415995957442976,488,876,490,1594,0.5495608531994981,0.5091324675221931,0.44545648748377753,0.8265221024773745,0.327799234519742
-126.51439791574518,-137.27763658506404,4.296599423828914,518,849,526,1594,0.5326223337515684,0.43861961395841526,0.45704706616732027,0.7807604358946078,0.27808337545257383
-145.45340146094398,-137.55016208092673,4.188555565433246,444,919,449,1594,0.5765370138017566,0.4597560349211977,0.4502266938585836,0.7869650580880801,0.30121280604959016
-160.4546383975114,-138.28901615565525,4.090213719738791,396,942,396,1594,0.5909661229611042,0.5060223009208576,0.43920695137634663,0.8176237459517205,0.3163669359821077
-134.33970353826248,-138.16560013636177,3.991786946581946,479,881,482,1594,0.5526976160602258,0.4828881158908506,0.42529913033720285,0.8014096832562757,0.2868807814365069
-136.42790902638203,-138.11294282999873,3.928825552810417,449,922,449,1594,0.5784190715181933,0.4187527867808582,0.41192936417437914,0.8125003108620493,0.2958545708349993
-157.51507607295449,-138.68359380773273,3.880644649801578,384,940,385,1594,0.589711417816813,0.4701003327927966,0.4307100470934899,0.8180802644472598,0.31507499489853025
-138.69978268547808,-138.68405634709688,3.8045976044179626,530,841,532,1594,0.527603513174404,0.46674071140115225,0.4266529435645751,0.8348813056219941,0.34492383021750045
-131.97001138854398,-138.4975550982482,3.738534413518718,477,890,478,1594,0.5583437892095358,0.42482291132332706,0.4160220813107142,0.8129727532406994,0.2919250590934534
-127.03662256498458,-138.18780016491675,3.663160712309397,492,874,495,1594,0.548306148055207,0.4112292083477336,0.41995905791321375,0.806182920149669,0.306716146253381
-158.53182693457433,-138.72316929043404,3.5909211539892962,372,957,375,1594,0.6003764115432874,0.4796104180447892,0.4190470128588721,0.7813675134408103,0.30016660791016875
-127.94880673343222,-138.44690358384426,3.5203898161688105,501,860,502,1594,0.5395232120451694,0.45900780532962515,0.48927994922195445,0.8165305512114395,0.29991355324619423
-147.36673978795935,-138.66989948894712,3.4552313326020134,360,959,367,1594,0.6016311166875784,0.4155203396954816,0.43276318299685695,0.7530659288714151,0.2690318919135293
-148.215205868004,-138.90271183965584,3.4099042282017846,430,905,430,1594,0.5677540777917189,0.4680423401719772,0.4504140181724419,0.8064948408444362,0.3031205169984691
-170.35646714046644,-139.65161077538943,3.3940934616392164,338,974,338,1594,0.6110414052697616,0.4345971765015277,0.4451806181393168,0.8159300541701447,0.27417087828044334
-118.38172482046895,-139.15696226480986,3.3745296305835826,565,792,569,1594,0.4968632371392723,0.4888239518839605,0.42289454102708546,0.81767059586563,0.2903204545618981
-147.18007135162344,-139.33930565314654,3.3496743363597172,398,915,398,1594,0.5740276035131744,0.4206010123197112,0.3888580984663487,0.8030412002984902,0.29873970097592967
-136.77654745994775,-139.28235547107545,3.3372032775787344,353,960,362,1594,0.6022584692597239,0.376176598027383,0.39748647836950535,0.8020715988048791,0.29265962652002436
-114.46707691810934,-138.74289289383705,3.2887122019888357,468,855,469,1594,0.5363864491844417,0.35493036510445325,0.4336331343920302,0.8199925468454451,0.30586463924725044
-152.97635337517664,-139.0457324785464,3.2962003541571594,267,1072,267,1594,0.6725219573400251,0.3399496215575285,0.46723748997244013,0.7475922955482762,0.249678985620006
-123.19636948449748,-138.7155374161704,3.250686620467384,537,804,543,1594,0.5043914680050188,0.40846018846840104,0.458174903410645,0.8455984001411166,0.3263764345956223
-140.15142281682046,-138.74484119985715,3.2933552942384803,390,933,403,1594,0.5853199498117942,0.3613828489796086,0.4150757776493364,0.7940838091508181,0.2864163909676338
-130.04411225393082,-138.57082662093862,3.258059032937466,386,961,388,1594,0.6028858218318696,0.32709631351256857,0.4708940546614603,0.8264236427701698,0.3220891652216958
-122.26765056688822,-138.25115650223174,3.2097568278387203,370,959,386,1594,0.6016311166875784,0.3218833936783642,0.4322567197855606,0.7472850857821575,0.2645109484803682
-140.96933753342597,-138.3034292143701,3.2260821585136634,344,973,346,1594,0.6104140526976161,0.3662212942350518,0.433068288386263,0.7782376889064864,0.29986399747058706
-160.467029039118,-138.72161034313893,3.2090219443474837,314,997,316,1594,0.6254705144291092,0.4254676168699226,0.3866852156412707,0.7937248008583438,0.30391150479180834
-97.40829344989807,-137.95654891919003,3.1883988339276153,521,840,521,1594,0.5269761606022585,0.3253451131607537,0.4523479664399689,0.8184510137898755,0.31566431266189193
-128.49841564175807,-137.78458285960033,3.153775070631893,352,968,352,1594,0.6072772898368883,0.2951658945406574,0.4392894939462909,0.850037979345787,0.31337487848328
-150.1616300194538,-138.00560155888346,3.1139327522621847,371,962,371,1594,0.6035131744040151,0.3973766960874662,0.45239618818571015,0.8143104651227312,0.3076104918397516
-121.71324902107001,-137.71977081260601,3.100584879631655,476,864,476,1594,0.5420326223337516,0.39690874883005556,0.395173372740788,0.7857344199769433,0.2859829499587913
-140.26629444213688,-137.7636763924255,3.0714599465479338,471,873,473,1594,0.5476787954830615,0.4149639109556128,0.4586744475241434,0.8408755061216953,0.3086460282022902
-110.75162130259166,-137.30584495022495,3.028789849572536,541,813,563,1594,0.5100376411543287,0.4196082470879344,0.4169054934044294,0.776936528229624,0.2745854462038486
-127.9682322894327,-137.15021807254507,2.9983355099971183,451,884,451,1594,0.5545796737766625,0.39020129528901415,0.42212564297470034,0.8123411330480304,0.3251819991848212
-109.69864146405818,-136.7001922265043,2.986906849334078,515,859,517,1594,0.5388958594730239,0.3511768802645254,0.4546320124297089,0.8241150336756813,0.2990497841975405
-104.89407600415417,-136.18719035195028,2.9551305012255535,578,796,578,1594,0.4993726474278545,0.39817464467174946,0.4270704492888092,0.7950497763681189,0.29377733691542346
-116.65733446114734,-135.87719263939786,2.934473019775483,458,881,490,1594,0.5526976160602258,0.36455200842976215,0.4157626635852335,0.8052814106840422,0.2942404983745941
-154.00935471753638,-136.16050767186874,2.904233783526241,324,993,324,1594,0.622961104140527,0.3694543888141619,0.43019141362875984,0.7807218620802647,0.28654386097017664
-133.15914035191076,-136.11433279002324,2.8745625679482103,424,926,431,1594,0.5809284818067754,0.36793921713785277,0.43563597102547275,0.7906178512905488,0.2833174835048011
-114.3746378113861,-135.7849434721651,2.8491149407119827,509,856,523,1594,0.5370138017565872,0.36971428228029973,0.44152671985385283,0.8149250390270716,0.3000620349188978
-129.1575786890738,-135.68602757988015,2.8128073075880113,434,911,435,1594,0.5715181932245922,0.42377739722320323,0.4081196367579176,0.7853729083762265,0.2984026346027262
-140.89193594917867,-135.76258505589925,2.795069308700595,444,894,446,1594,0.560853199498118,0.41909875244987693,0.4504261553886709,0.809998276788237,0.29759978971286044
-130.53849369135804,-135.68687358684792,2.7766162905941614,419,931,419,1594,0.5840652446675031,0.37899234151212907,0.4299342137776487,0.7919207523634002,0.2918742122150742
-109.35635188399603,-135.31072327680718,2.7430019144487927,488,888,491,1594,0.5570890840652447,0.38189344872349584,0.42421029769303525,0.812575466533493,0.31894380491406044
-140.85412321072224,-135.38879933221443,2.7343488142780155,319,1017,319,1594,0.6380175658720201,0.35527158316578694,0.4712609399039306,0.7496984106183809,0.2932479329726072
-117.3066967661522,-135.1376590187969,2.7092025657725407,422,922,423,1594,0.5784190715181933,0.32320490316558825,0.42527125820597494,0.8109675011682008,0.3154911493328023
-121.32269100537425,-134.94841288162675,2.677079488263129,439,897,444,1594,0.5627352572145545,0.3441460748199821,0.46313744777138,0.8189578339130366,0.2986715721349355
-100.93623206490578,-134.4887888165359,2.64779030789266,491,867,495,1594,0.5439146800501882,0.3501459568239487,0.42968874239090576,0.8114157963886646,0.3152244127631776
-143.52585017520744,-134.60928296798485,2.6181322230877697,406,964,414,1594,0.6047678795483061,0.3765626790051482,0.4198943778605042,0.813750889813754,0.3053176180308197
-155.0918139654786,-134.878789954794,2.6049139248051283,318,1015,323,1594,0.636762860727729,0.37358223649353167,0.4185404816249319,0.8052104885008591,0.2973942135684495
-108.15580217375788,-134.53173816542989,2.579486996828596,555,832,557,1594,0.5219573400250941,0.4213724802478403,0.4266737183839074,0.820205759779173,0.31290715640801686
-167.88196340062623,-134.95930515562472,2.5619044435748592,255,1072,256,1594,0.6725219573400251,0.3754823457263894,0.41226856255845634,0.7552023467260144,0.2966492747649984
-145.88566009208108,-135.0976134459596,2.550387759998435,369,948,369,1594,0.5947302383939774,0.39027115596294004,0.4255334560965568,0.7786692826538859,0.29060185512054154
-137.75018383804823,-135.1307705758607,2.5600301788681676,401,940,402,1594,0.589711417816813,0.3867679965727174,0.4408708506882097,0.8086485810384071,0.326303661666363
-115.84958356640193,-134.89273123006492,2.5356410555227415,512,878,515,1594,0.5508155583437893,0.351285883727008,0.42583635345505844,0.8293283574358394,0.3145860432903455
-135.6290084644817,-134.90171022072855,2.517969042204617,373,949,373,1594,0.595357590966123,0.3949624133916455,0.4421982157142142,0.7859714662299204,0.28811908471600123
-152.52136926406823,-135.1139952694435,2.5015766407316775,350,995,357,1594,0.624215809284818,0.3805642604436362,0.4063013851199865,0.8167827447506114,0.31010911825118176
-143.8194733969532,-135.21763191381862,2.489596119881758,329,982,331,1594,0.616060225846926,0.3454779504735361,0.42772747096960745,0.792179274316589,0.301017448236549
-137.3242840470047,-135.24241605656198,2.4783608772682992,393,941,393,1594,0.5903387703889585,0.38719365595093275,0.413117185482601,0.8255156973696912,0.32388745515088374
-156.69397102623608,-135.49185274225587,2.479115616504013,295,1010,295,1594,0.6336260978670013,0.38209282681259693,0.46167998422386236,0.7898024328061072,0.310260686946935
-123.43604279058411,-135.35328021407574,2.468310098684088,396,939,405,1594,0.5890840652446675,0.3499705895470914,0.43955130643249113,0.8064638808306298,0.32105302384630613
-131.3061087664009,-135.30728962944306,2.451783914131714,384,935,385,1594,0.5865746549560853,0.3550356035299945,0.422305042253886,0.7906538264865395,0.29079244868851667
-194.00028669083872,-135.96676150653738,2.4475408767041245,204,1111,223,1594,0.6969887076537014,0.4257171705953202,0.4237707470532631,0.7795508015837594,0.2873074865443183
-130.46980851350264,-135.9056842510592,2.4342130616027693,361,976,378,1594,0.6122961104140527,0.35869359685403784,0.4165889797451495,0.7697577759311008,0.2878216451759516
-84.33508405149948,-135.33897435875636,2.42383573959428,573,795,574,1594,0.4987452948557089,0.34213416889535103,0.41645464060125,0.8056097351310899,0.29467825111884255
-146.40931620977798,-135.45930416148485,2.4220665936991423,352,983,355,1594,0.6166875784190715,0.3669302014517362,0.4141095500700524,0.7990414369726468,0.2889201356295196
-129.17285911526795,-135.3917079781922,2.400008311636934,380,942,402,1594,0.5909661229611042,0.3358777978290674,0.45963382242833506,0.7965457607481827,0.28773222944103455
-90.72306815768229,-134.91650968222933,2.3804148679896637,517,818,537,1594,0.5131744040150564,0.3667138428828138,0.4290188360683747,0.7903180600493585,0.2813718215641856
-128.52890045311054,-134.84927169034387,2.3634025442887947,428,956,439,1594,0.5997490589711418,0.3733312593283664,0.41025398400036583,0.8080048409755515,0.3170556326507891
-135.33652882290258,-134.8543472854747,2.3518148951338795,341,975,351,1594,0.6116687578419071,0.3504994116330558,0.4284824489102935,0.7928208984998554,0.31340587964956723
-168.47767667326664,-135.2009795472045,2.3791297470554698,271,1047,292,1594,0.6568381430363864,0.380287686360217,0.45879516803905873,0.7777645811526753,0.2843245273072461
-103.13538137872706,-134.8737795658935,2.368886051203745,496,861,498,1594,0.5401505646173149,0.3612666714070429,0.4163986082366449,0.8091218877107771,0.30957183651961057
-147.82427626638105,-135.00459266387824,2.3600486982381956,351,973,356,1594,0.6104140526976161,0.4009432132800411,0.4751794658929079,0.7928969272408871,0.2959920134516976
-122.0023962333169,-134.87457069957262,2.350589481040728,457,898,464,1594,0.5633626097867002,0.352662467311694,0.4271334507272001,0.8254472097840825,0.29883441824576495
-136.7559447437886,-134.86000663449371,2.242617961919407,337,967,357,1594,0.6066499372647428,0.3569502752507321,0.41873465471661575,0.7708808470847993,0.2823461026763466
-125.57952764210857,-134.8549186643864,2.2232222658547016,425,938,433,1594,0.588456712672522,0.3721744737873858,0.3981474062969722,0.8134036204691606,0.32177083813353924
-132.75926027222707,-134.99216705595398,2.1886610727077063,337,976,346,1594,0.6122961104140527,0.32772308796684463,0.4554052264297489,0.8217598763298115,0.3052405890451884
-138.21499897167251,-134.84335928858047,2.1679227520090807,341,968,341,1594,0.6072772898368883,0.34147016394776303,0.4557497277020921,0.7502338029620925,0.27370672670831797
-104.99253529810453,-134.26843140676746,2.1360566714347,491,851,491,1594,0.5338770388958595,0.3900465828310235,0.4652020142134204,0.8187396496959601,0.2982618005346572
-117.60704277978866,-134.46599734115483,2.115609492831702,493,868,494,1594,0.5445420326223338,0.38838439609320763,0.4135384923235415,0.8123492283268692,0.29373853396102756
-128.43010739539872,-134.1429584563706,2.096961404493386,370,958,370,1594,0.6010037641154329,0.326776501261058,0.3935301662219457,0.799878366965987,0.27825502890409143
-108.62682848927894,-133.40809853161016,2.0705152924878836,428,916,442,1594,0.5746549560853199,0.32720252528816907,0.4362171313517758,0.7763715233231898,0.30048395762888463
-140.07762193055683,-133.5290055947998,2.0067936398987074,351,988,370,1594,0.6198243412797992,0.3608044400378372,0.4540831673799512,0.7640591065117114,0.2702513995390862
-115.75810434848195,-132.9980424734563,1.965381689070619,437,869,437,1594,0.5451693851944793,0.35787216388081367,0.44974220617148286,0.818395027780181,0.2991067256061358
-123.61658533257899,-132.27505712858994,1.9321649074717968,424,923,425,1594,0.5790464240903388,0.37988379996872684,0.4234811644206914,0.7881947550046539,0.3141297739242341
-134.25215190472758,-132.2851303552831,1.8677650119270737,372,955,372,1594,0.5991217063989962,0.3722867235237761,0.42484422036692354,0.8366712752823853,0.32425326867916454
-154.28208084420385,-132.83141842137775,1.819754912205857,279,1025,280,1594,0.6430363864491845,0.34929909421690775,0.4728970467762642,0.7941676812622976,0.28429921021972726
-145.7035259180562,-132.94391717947744,1.8000059139996474,388,960,388,1594,0.6022584692597239,0.42416928629712536,0.44851130933765765,0.7766184014627445,0.3078008451908446
-106.4453486273665,-132.81487643887786,1.780018266486187,458,901,465,1594,0.5652446675031367,0.31011802179403297,0.43445799759578596,0.8500881336584077,0.3080028013314622
-106.20357933880746,-132.45071266651428,1.7345074095706488,415,916,416,1594,0.5746549560853199,0.32593673263836664,0.4343853060281927,0.8059957718589369,0.30117454115909725
-123.01897630927533,-132.36457628081624,1.707797127312726,440,886,442,1594,0.5558343789209536,0.39110955612687637,0.43439817340551984,0.8039271736123533,0.32879908476615466
-90.07775149218651,-132.023249413544,1.679610360483771,586,768,588,1594,0.48180677540777916,0.36823833793706595,0.42215316888844834,0.8067872441638153,0.2885876132848479
-110.38502193055393,-131.7771270548432,1.650078521258568,492,863,494,1594,0.541405269761606,0.36135513996727625,0.459176299945673,0.8120963082749695,0.29944809681329215
-104.36060857107452,-130.9896453749978,1.5987885750293038,524,809,524,1594,0.5075282308657465,0.33909231861692984,0.44415771909167867,0.840716350244465,0.31598652531505245
-108.34582039275188,-130.48849803589115,1.566281998364424,425,906,426,1594,0.5683814303638645,0.32755305157327963,0.42850828013384734,0.7960432073064369,0.3142853875231819
-147.45413842600385,-130.82263957394608,1.55790343217547,387,963,401,1594,0.6041405269761606,0.37169038763960766,0.41624189420872915,0.8377574391237804,0.303943688439916
-95.1846694051498,-130.8082773824178,1.550168971451904,548,800,578,1594,0.5018820577164367,0.3346343202864667,0.4630758725682638,0.8325890581460856,0.3077585484633561
-104.48037987493323,-130.40215340108648,1.5260740201420453,511,874,516,1594,0.548306148055207,0.32831727116309545,0.46135205977891947,0.8137136430039997,0.3011567830233573
-127.41252339294032,-130.52317546749993,1.517380302728634,352,986,353,1594,0.6185696361355082,0.3001256433557081,0.44942313798040723,0.8330256893122657,0.34963760730091825
-137.720558004825,-130.64979109836804,1.535111565115391,317,984,317,1594,0.617314930991217,0.29838819952201356,0.4387799170778195,0.8108836285897607,0.3064510297956204
-89.44519488717225,-130.36530224082296,1.5539085936625368,512,837,536,1594,0.5250941028858218,0.29779181974369767,0.43409197925844645,0.805054529484983,0.3019931112015885
-111.72638224621785,-130.0183727567638,1.555796064162201,523,859,530,1594,0.5388958594730239,0.3521951841603511,0.41798240530505165,0.8261832206755448,0.311492956080231
-84.5962985362539,-129.59919176296887,1.5633463673043408,521,817,568,1594,0.5125470514429109,0.3435166985140203,0.4690587372723702,0.8036587346799134,0.30289789354423563
-116.61749437682268,-129.31083269212766,1.568161617164149,436,911,439,1594,0.5715181932245922,0.3374812536479559,0.4266124979526329,0.7862160021037147,0.2782081162888875
-89.0320055337097,-128.59660636348963,1.5762092407771877,515,840,527,1594,0.5269761606022585,0.3133467227621231,0.4467826310230568,0.8127335824513146,0.314898312006861
-73.77128945799612,-127.99092222268696,1.580757406578895,655,754,685,1594,0.4730238393977415,0.3376827679323068,0.4177351990106229,0.8292171364790085,0.3119844953414364
-119.41206157495154,-127.82076374817267,1.5742034477578166,448,888,449,1594,0.5570890840652447,0.32802387752910855,0.42036650718860924,0.8427907626042859,0.3345540102418935
-82.09257868051452,-127.06653877424827,1.5752611951932278,539,825,541,1594,0.5175658720200753,0.2852183478602297,0.43745596096349376,0.7870873600007672,0.2860211301577555
-94.64499961088781,-126.62599094350239,1.5746904981263108,593,788,594,1594,0.49435382685069007,0.37959345879309925,0.44584299347371636,0.7981755569025991,0.2854950931321028
-112.10972982984075,-126.42738812791535,1.58034741586956,454,891,466,1594,0.5589711417816813,0.33864353647107254,0.4468021872320853,0.8285420280223837,0.3207482803025677
-99.60583363640445,-126.15308023862956,1.5966956974802882,545,814,556,1594,0.5106649937264742,0.35165035513200243,0.4285251169348122,0.8156958753278255,0.31197431243533075
-89.07526464612081,-125.458514615745,1.6019759967306677,545,804,550,1594,0.5043914680050188,0.32917098477648515,0.45132692952453135,0.8125898677517438,0.29745734442265803
-128.79606934860965,-125.46698724189679,1.6057176850074384,388,932,391,1594,0.5846925972396487,0.3351677078177665,0.4573329909858542,0.830672266802273,0.3304468481535677
-112.54617649731054,-125.11878160899029,1.6282692028347703,443,903,454,1594,0.5664993726474279,0.332710892129218,0.38973978897964934,0.8140693804574096,0.3013747375005755
-108.78525952620238,-124.72448214557227,1.63116133218658,465,891,493,1594,0.5589711417816813,0.3058919095974883,0.4774693110122274,0.8168422363458716,0.2903549976323494
-116.26942981602492,-124.18361177232786,1.628916470489037,453,890,467,1594,0.5583437892095358,0.31411220661453787,0.44453206238582677,0.8096445050601951,0.2897436625239454
-124.86686231631452,-124.24846314728632,1.648873637208174,396,946,397,1594,0.5934755332496863,0.2939189129904849,0.45844850318438213,0.8291656285153136,0.2991515449824895
-110.35688957926682,-123.88023132956276,1.6605466261906345,484,884,497,1594,0.5545796737766625,0.3249268106907767,0.49123371117857995,0.8101417617123033,0.29944247778103744
-119.91872788224026,-123.71165313378567,1.6436520233170608,450,875,456,1594,0.5489335006273526,0.35378922246255223,0.42828111541197,0.8263279439080321,0.30600095066181937
-102.83624327127255,-123.59534479731734,1.6575773455471625,549,823,564,1594,0.5163111668757842,0.35907383549925165,0.43658466069754254,0.8484954112497874,0.31784755993158664
-117.82848588946895,-123.24386612246026,1.6405422863096646,456,891,464,1594,0.5589711417816813,0.35621646982944705,0.41390355777870663,0.8010563104926486,0.29214463078987823
-163.32471948524176,-123.64514962246768,1.656368980269406,305,1010,316,1594,0.6336260978670013,0.38363154582616293,0.46497608246089006,0.7364961151024234,0.2753098022996354
-81.43915961710313,-123.05802699047052,1.6210003333892002,596,783,596,1594,0.49121706398996234,0.2961487656312413,0.43315934681956025,0.7923707111553971,0.3094221736857319
-130.44799466044904,-123.06206581453571,1.6738070977795152,505,891,511,1594,0.5589711417816813,0.4009569581203457,0.3930922725359945,0.8248606325972035,0.3089514917674668
-100.51384901075035,-122.84452779897433,1.68050534309171,480,892,483,1594,0.5595984943538268,0.26512380951401787,0.4486159356710311,0.8289037394161983,0.30466380593338266
-130.99155954923825,-122.74475001913244,1.6904830839991818,399,971,407,1594,0.609159347553325,0.3237127128332972,0.43929318592474903,0.824602046229212,0.3069210753444807
-91.67374415312518,-122.05681717027255,1.6839091843949754,530,826,531,1594,0.5181932245922208,0.2672331620635655,0.44110686291311796,0.7944465755019419,0.297248519463907
-126.95268030738124,-122.35226103884736,1.7004761776597206,368,971,368,1594,0.609159347553325,0.2930708644999642,0.41756119652741375,0.7876492722524392,0.30417657535602066
-110.45401892281156,-122.1718170716579,1.7158336779296053,316,1023,319,1594,0.6417816813048933,0.2121677324559355,0.4510236360788766,0.8354770514046289,0.32819232640047086
-77.51336424890142,-121.44533441395237,1.723086908558823,591,781,597,1594,0.48996235884567124,0.29215761044305577,0.4245539217067668,0.8247002765412744,0.30671864449431996
-77.41014320783029,-121.00230335581996,1.7097300983936108,574,818,591,1594,0.5131744040150564,0.2641684909541813,0.436676232990025,0.8167054548486509,0.29434410202665795
-131.97345266769983,-120.91937493807559,1.7220667483174972,430,895,432,1594,0.5614805520702635,0.3540485302173182,0.4650398318726857,0.8095662876198292,0.28524992428362583
-139.7659552240913,-121.20951827729058,1.7400469172603967,413,969,413,1594,0.6079046424090339,0.32873672607035714,0.4437981588087513,0.8417268289945862,0.3148077127499013
-73.9605923770502,-120.66944187816677,1.7441728032665609,531,801,549,1594,0.5025094102885822,0.24917961880982709,0.45449992199661626,0.8063119977406433,0.28177982288008413
-131.48848078349215,-120.8873402713611,1.7427194159091965,382,980,384,1594,0.6148055207026348,0.2939974985599629,0.47961666355925087,0.8440847303954389,0.30694499582015533
-152.63515990672005,-121.36475111038676,1.7991301493493188,325,1035,325,1594,0.6493099121706399,0.3132200145932486,0.46542623919574044,0.7635628207197707,0.295486897224867
-91.4849638680333,-121.11302740445562,1.829068714751635,514,872,528,1594,0.5470514429109159,0.27606785303360803,0.44789730106767056,0.8290114424846519,0.3041598744579542
-127.37080379885361,-120.8466418952688,1.8312183918835603,417,919,429,1594,0.5765370138017566,0.33354068604725823,0.48755553093887943,0.8143788700562796,0.3068276970659081
-110.01432278370226,-120.61519371958671,1.8425671705976792,387,940,387,1594,0.589711417816813,0.2592547084799086,0.4444376395027932,0.7969652477247283,0.3009884545171033
-127.74909143707036,-120.74893825584356,1.8440169357092957,452,882,469,1594,0.5533249686323714,0.3735117069043853,0.4441475677209479,0.8534145880241987,0.3348507066351753
-133.8201562975402,-120.79556403192822,1.8454685991146846,368,952,368,1594,0.5972396486825596,0.3150695536540355,0.4577798376265619,0.8285689179799528,0.3254833466998419
-69.38412853668588,-120.08048595780329,1.8524299620777007,629,771,632,1594,0.4836888331242158,0.29901217406009795,0.4542918691924743,0.837591259889852,0.3357092345202051
-108.4227070480832,-119.85932809137053,1.8466003682400378,324,999,326,1594,0.6267252195734002,0.21011097319294417,0.4496151116933548,0.7651072629165886,0.31604171357402516
-89.79756311866686,-119.66374020371724,1.8509945251385316,551,779,556,1594,0.4887076537013802,0.32488984836640783,0.46794596958969603,0.8200976800106847,0.3047321196645264
-110.29339120935063,-119.3581328837035,1.844640921582872,500,867,511,1594,0.5439146800501882,0.3171330366834859,0.43656359157366065,0.8296250809105258,0.31268436927728555
-85.59660602208767,-119.04103197626287,1.8451153762456534,558,810,570,1594,0.5081555834378921,0.3291992999009438,0.43415533074959745,0.8337549006180435,0.3031839339564347
-97.37790436107328,-118.80158410981987,1.8494205563974728,514,836,529,1594,0.5244667503136763,0.34424154372632454,0.4410428816517138,0.8079019009792856,0.3052781688152704
-119.35803407188092,-118.98580212988963,1.8519299886312341,324,979,325,1594,0.6141781681304893,0.2708149297181826,0.43666016391776463,0.7676935343082477,0.3065863176274019
-102.49513481171815,-118.57549497625475,1.8622046062490765,517,837,532,1594,0.5250941028858218,0.3308425124610053,0.4726183473688812,0.81662812518439,0.3062832977010977
-125.67157314541966,-118.28129256805416,1.8659868770886825,325,996,325,1594,0.6248431618569636,0.2694760503778094,0.45120984851122925,0.8107276043984218,0.3253136820635585
-102.28054926880432,-118.2225400390046,1.8652100088167416,424,922,425,1594,0.5784190715181933,0.25089483094992265,0.4711347546091016,0.8310565645981676,0.30351860054801844
-103.20187112194573,-117.57573911621779,1.8611244169923236,493,851,504,1594,0.5338770388958595,0.3494493043086745,0.43186172370486003,0.82668556654644,0.31803107814915554
-126.25009118031655,-117.37938342710015,1.8521782551574766,446,892,452,1594,0.5595984943538268,0.36339575071257046,0.48950540718186075,0.8308373363681789,0.3146406100902521
-94.72664045542952,-116.94914799327397,1.8253694506594602,442,912,449,1594,0.5721455457967378,0.2661449310070204,0.4507837151591111,0.7876592606123208,0.2999931821652477
-70.55211516527976,-116.49617330926274,1.8217991568268863,584,780,591,1594,0.4893350062735257,0.28544243378955414,0.43256301768348543,0.8088804207806625,0.29033282462717347
-98.31134031919089,-116.12299662780983,1.8175270139401434,511,848,533,1594,0.5319949811794228,0.3306068716577447,0.46602247913181694,0.843717091779746,0.3157303398847846
-117.84383435984097,-115.77622127876755,1.8108500684145759,365,949,370,1594,0.595357590966123,0.26692662179543364,0.40496765216992836,0.8673760192621413,0.3070262579004111
-89.36034527510212,-115.23162999754902,1.7986117653635163,561,797,561,1594,0.5,0.3001155143193414,0.47283830791626696,0.8095235749747633,0.3013793336848038
-101.34983583916225,-114.87188551547062,1.7844321359755795,485,869,491,1594,0.5451693851944793,0.32004584172357087,0.44514347083476263,0.8406106807767281,0.3067144073104639
-112.87284353076367,-114.43367424051588,1.7661001763338853,555,786,556,1594,0.493099121706399,0.3952236115756432,0.4306178719839627,0.8350063990637991,0.3069316769837036
-99.04002121688342,-114.1897140247789,1.7565389475830926,505,857,544,1594,0.5376411543287327,0.30940336547608605,0.46773739439870443,0.8209094913396943,0.3068395506452558
-100.25597768300874,-113.879212713945,1.7524979280881872,468,861,470,1594,0.5401505646173149,0.30506011558387874,0.4681375554010803,0.7940459962895442,0.2956564786739557
-117.04181218251846,-113.10962796886179,1.7350785365482424,405,932,422,1594,0.5846925972396487,0.3037018707571084,0.4412104837139117,0.8159837526603827,0.3091709598786246
-126.83724092343763,-113.07330229296115,1.7225981613724204,464,889,466,1594,0.5577164366373902,0.32702879918032385,0.4138738371598613,0.8255856714916813,0.31526377960842084
-109.58836713339792,-113.32583512378012,1.709109251269724,437,904,444,1594,0.5671267252195734,0.3081199775937143,0.46507837991168127,0.787550817316288,0.2852049308958418
-117.33532104872913,-113.03509517216963,1.7055502955440291,474,856,476,1594,0.5370138017565872,0.3374967716312871,0.4418065600849726,0.83526152279829,0.3014585232257932
-88.24019469312638,-112.6257685279482,1.7018438319248914,456,874,482,1594,0.548306148055207,0.2654641840253654,0.46785148194110016,0.7746924575423014,0.28330656827788053
-82.08792974340446,-112.53941714380542,1.701887068094073,582,772,617,1594,0.48431618569636137,0.3337456875778944,0.45202007136930183,0.8338277713362171,0.29871499821249703
-109.66448528591111,-112.35077299213343,1.6975609570024341,523,843,554,1594,0.5288582183186951,0.34807760294481277,0.4407926490211822,0.8428801393872863,0.2971013142857875
-82.93248762331179,-111.8267325801375,1.6896115260870834,616,751,640,1594,0.4711417816813049,0.3375410108402631,0.44006486225030983,0.8160833156649671,0.2915781106094389
-129.77318232427916,-111.43968763664765,1.6418870651341968,348,995,348,1594,0.624215809284818,0.31868814430848325,0.46681528895171726,0.7529735187642027,0.3000317058068831
-116.43560563281403,-111.57268987918853,1.6377345803612717,495,856,514,1594,0.5370138017565872,0.3842447880899142,0.45076422951872186,0.7751236886175438,0.288436319934874
-98.5493612507942,-111.07994072903266,1.6251864223231924,540,818,547,1594,0.5131744040150564,0.33801964963309666,0.42042543202556193,0.8196673934101835,0.30475270857447234
-82.91812367026903,-110.68909800340218,1.6114164340851167,574,772,579,1594,0.48431618569636137,0.36576595280573293,0.447483533170898,0.7639822086690488,0.25414617672306333
-81.4944570246388,-110.13648312621068,1.605129752134651,571,786,599,1594,0.493099121706399,0.3335827864843145,0.42862824068760974,0.8001126238935615,0.2799626322520133
-115.76598507733665,-110.03834770056295,1.5953119225230554,516,830,518,1594,0.520702634880803,0.3725670421760831,0.48290251955613583,0.8562977545267497,0.302365164162784
-122.00345956995156,-109.93078969354019,1.596462498224752,512,815,522,1594,0.5112923462986199,0.41311929970719635,0.42026750665277995,0.7892503836022206,0.2807263199608739
-132.55226775314011,-109.87416238135488,1.5908778364769267,423,916,423,1594,0.5746549560853199,0.3623001127631459,0.4565234639980031,0.7609472155294106,0.2869384306390471
-83.32267363308085,-109.65746376470464,1.5914747979246515,569,773,575,1594,0.4849435382685069,0.33260706673520996,0.4466508019816458,0.8205818665783139,0.2992002293704475
-104.5384146254495,-109.52677748316124,1.5825379365189178,447,911,451,1594,0.5715181932245922,0.28185346915291487,0.44562747285781645,0.808733567732669,0.2894048330274257
-85.63395933697079,-109.09881600257697,1.5547802846741519,522,820,525,1594,0.5144291091593476,0.2844891678063295,0.47320952787298354,0.8242769960600209,0.2908459357961929
-124.97802027324835,-109.26232792041667,1.5496421221096268,428,940,448,1594,0.589711417816813,0.33143367634071735,0.45329951068694324,0.8564198750132571,0.3426331463710564
-96.96172363087743,-108.83116893741986,1.5431133073447063,553,809,554,1594,0.5075282308657465,0.3258281231759088,0.4334877331734205,0.8295977704219597,0.32012578974619826
-95.43447116903299,-108.62793260562539,1.5230382599427998,469,881,470,1594,0.5526976160602258,0.2557673347743208,0.41722980479521227,0.8224893129812241,0.30939165040675515
-137.80952881234336,-108.76986204042304,1.5143543346722905,366,958,367,1594,0.6010037641154329,0.3511263686037165,0.43616774026230926,0.8019507332647976,0.32377726516328525
-96.37129714849793,-108.39105349286073,1.5126704095551842,496,859,496,1594,0.5388958594730239,0.2918294932380058,0.46919575578271666,0.8123713932509596,0.31783503645446626
-90.07840973802497,-107.74901678179896,1.509444735563894,539,801,539,1594,0.5025094102885822,0.3302557771437132,0.44057626123396565,0.8155218395829745,0.30228489634868433
-154.00161984134544,-107.83199772103185,1.4835909201667752,210,1096,210,1594,0.6875784190715182,0.2786058499509624,0.47879953436641604,0.8051335500151845,0.3155206409855064
-100.35837050333863,-107.77112793979155,1.4634932256377524,431,892,435,1594,0.5595984943538268,0.25263244145397334,0.49941857240448134,0.8429791235970794,0.31670598570677877
-109.54110587671433,-107.80450320517062,1.4557338143171967,525,837,535,1594,0.5250941028858218,0.3311871884357075,0.46499164847626456,0.865916738628285,0.3497084769182619
-110.55476249489229,-107.67986106702678,1.4461210665260489,529,813,529,1594,0.5100376411543287,0.37108170970879806,0.44155482102584453,0.7775725641461864,0.2835794117040668
-113.38745149029121,-107.91295806700784,1.4321628270996734,509,827,518,1594,0.5188205771643664,0.3752430163350878,0.4665115578317276,0.8218757523239626,0.314664885991113
-91.75127433654141,-107.7266205910677,1.4065476667977768,544,804,551,1594,0.5043914680050188,0.33534828416757645,0.41844256937449925,0.8387696149135145,0.3096183699494291
-149.79035932050454,-108.180918098562,1.399072473115327,354,984,363,1594,0.617314930991217,0.3379334007776995,0.43641386138103627,0.8404057189743769,0.340235160076303
-108.90130535169708,-108.18647294815145,1.396381968239601,520,852,528,1594,0.534504391468005,0.3340060032752568,0.45913160142278575,0.8282162782403047,0.32653708490863564
-130.38691569432785,-108.01580072083469,1.378249871578869,341,984,341,1594,0.617314930991217,0.3155893568827434,0.41989331524611717,0.7647181351242803,0.2943488974855726
-117.49181979056384,-108.23887222468883,1.3886335227173052,359,983,373,1594,0.6166875784190715,0.28348659586570535,0.4769735479705743,0.8095178354340243,0.2833578465510687
-88.08648792615217,-108.07493330520103,1.382416539899573,499,832,501,1594,0.5219573400250941,0.2519688112697426,0.44231858516729905,0.8126858422388185,0.29469907916915145
-152.46510325492187,-108.32545910382086,1.3664891419272585,293,1016,294,1594,0.6373902132998746,0.31091208101600704,0.47876298444286697,0.7775855000264743,0.2835995287349456
-103.86741575360725,-107.98692768130869,1.3405629868589621,505,842,512,1594,0.5282308657465495,0.30486968434440914,0.4216845811744165,0.8425867254076764,0.3082659188227917
-119.41081003231103,-108.28658383276007,1.3265906658084874,446,891,448,1594,0.5589711417816813,0.34136680830394095,0.46576844811863694,0.7874932432968894,0.29217006374263654
-101.29053486024587,-108.18222535890035,1.3151286013313137,486,853,504,1594,0.5351317440401505,0.29197745596632574,0.4636662703873022,0.835099891500076,0.3065045414139824
-118.73481840871226,-108.52361055762492,1.2981821447774695,483,885,502,1594,0.555207026348808,0.36833880696524096,0.43474328058381484,0.8105298919392837,0.30653380809093705
-85.02911318803518,-108.20772674573703,1.2932321154274085,527,814,527,1594,0.5106649937264742,0.2559719225128982,0.45331169757764145,0.8009497601030785,0.2834578860775399
-152.10772095481397,-108.83848389994806,1.2776427401789427,354,985,363,1594,0.6179422835633626,0.37336298358877423,0.4661120032296161,0.7904834361111656,0.2801257800840948
-123.112812918585,-109.33189913455396,1.2660943500474087,405,947,414,1594,0.5941028858218319,0.3062813109994543,0.4349113285494064,0.8435322157486462,0.3026935413954101
-112.56716669754617,-109.26345018577993,1.2580577397422066,434,913,450,1594,0.5727728983688833,0.3004119460749941,0.481605832725937,0.79113979050376,0.2777654084174403
-117.01762912674052,-109.61270069024218,1.2351163506838443,389,945,391,1594,0.5928481806775407,0.30116273342188726,0.46533235891580105,0.791502075466432,0.31078004794071545
-108.57239960135962,-109.7519746901469,1.224410112096735,509,841,510,1594,0.527603513174404,0.3202130579294372,0.4576962650911804,0.8602997218657156,0.3347562152371009
-115.00187846415085,-109.78089617648999,1.2086906203480055,511,818,520,1594,0.5131744040150564,0.3485359836641565,0.44118423948686897,0.818429630685667,0.29452263921649174
-124.41274625125997,-110.02896530263855,1.1874643013708401,442,918,455,1594,0.5759096612296111,0.31457876509377286,0.4648289726075287,0.8379035989307897,0.30431864078494303
-140.98426999175763,-110.54805535609492,1.2343823731589685,376,964,392,1594,0.6047678795483061,0.3472483679957594,0.4629760130996277,0.8296669870583386,0.3085498129554994
-114.6851179229521,-110.40694584183834,1.230548994560899,472,845,475,1594,0.5301129234629862,0.3294839363449808,0.4521469394741912,0.8376021881161667,0.29597353968752843
-105.01261289523761,-110.33161020581764,1.205676020801168,555,796,557,1594,0.4993726474278545,0.3406904213266428,0.4254763471143662,0.850427516782908,0.3157771336495643
-117.96084178456921,-110.42336602840129,1.1876114336824508,431,907,431,1594,0.56900878293601,0.30285320953743466,0.4598073609288245,0.7557141567013351,0.26290328362358123
-118.133951665201,-110.44201124689303,1.1668775282274113,442,900,455,1594,0.5646173149309912,0.3109441050184668,0.44475189762138667,0.8338678367264493,0.31513448481944156
-115.46744093184458,-110.34801703304832,1.1350057188682372,436,916,438,1594,0.5746549560853199,0.314123550163916,0.4721262734297241,0.810347028562561,0.30737623363700944
-86.58920666016567,-110.11034020385733,1.1088353742089443,632,734,633,1594,0.4604767879548306,0.36987245591051915,0.4667430839360377,0.8579690212904517,0.324082911935796
-124.66518715973054,-110.15780479663225,1.1013981270937057,462,879,462,1594,0.5514429109159348,0.3620881952032355,0.44419876051233737,0.8189023362032758,0.30704164289279656
-105.78470333050407,-110.18728939722457,1.077056373657726,496,829,502,1594,0.5200752823086575,0.329659033314045,0.46832276702786485,0.8153650995935587,0.27931367012458164
-112.332392111402,-110.13232845944391,1.0594946159109793,419,917,446,1594,0.5752823086574655,0.31777297026956003,0.4432245125302291,0.8255370254764413,0.32423534318295383
-107.2312860877335,-109.57139412546881,1.033870758591302,479,867,492,1594,0.5439146800501882,0.3087640405184064,0.4461905327032768,0.8669520920348694,0.34016307898578574
-121.18145551322756,-109.96881708443007,1.0199792718531087,417,922,417,1594,0.5784190715181933,0.31159864467400095,0.4342237722392128,0.8261227518680118,0.32212442700051086
-80.21810381169401,-109.46651817594251,0.9658478712116577,500,832,509,1594,0.5219573400250941,0.26300840325239677,0.42410835833841193,0.8428554902278407,0.31303367407424526
-153.38410069825244,-109.99522069281753,0.9583549598032499,382,956,396,1594,0.5997490589711418,0.3675637306192028,0.46104476748968126,0.8505088847397987,0.3156368071747751
-135.73777347647945,-110.04268283208994,0.9085318746780109,367,975,369,1594,0.6116687578419071,0.3439199604668642,0.4204398172734144,0.8269168022976964,0.31101172313142583
-95.96832438984482,-110.08562863445715,0.8919712588306116,542,804,546,1594,0.5043914680050188,0.30731671518120096,0.46197782655485375,0.8097706904241493,0.29777191566163097
-117.54034153388577,-109.99150524672218,0.8555936664678699,475,875,475,1594,0.5489335006273526,0.3332579516932221,0.46194293222685356,0.8381020869936088,0.31012291367290495
-119.97353710277451,-110.08670042852182,0.8445138437010687,379,953,385,1594,0.5978670012547052,0.27013319857294776,0.4706021744033766,0.8477955593700455,0.3358388311554504
-132.6299151394982,-110.63786593742776,0.8282525926842933,375,949,378,1594,0.595357590966123,0.30190884026344306,0.47270990572696225,0.8334847835129903,0.3098272814780392
-97.14990534743671,-110.83526355882383,0.8219349698001069,453,872,475,1594,0.5470514429109159,0.30514371165208115,0.4841875823074076,0.8318223090469511,0.3122248180021982
-82.28226607448762,-110.3383516928917,0.802383884975078,538,833,541,1594,0.5225846925972396,0.277352752748863,0.45615973009991667,0.8094326280964862,0.2993340515673263
-138.14024648472434,-110.32209460549804,0.7996792992577885,454,890,466,1594,0.5583437892095358,0.41793278184588495,0.42748314146869226,0.8256949047949093,0.3249844357769214
-99.1268117528461,-110.573756799256,0.7878864596816839,498,844,521,1594,0.5294855708908407,0.3218498536801157,0.46195615998711065,0.8253829566575052,0.3138662229533449
-147.29745417153322,-110.73184653313642,0.7800437096366497,338,983,338,1594,0.6166875784190715,0.33613661017782454,0.45023631550647686,0.8215268449147549,0.2525095144639324
-125.27175572592851,-110.45821249132852,0.8167002027180714,501,866,510,1594,0.5432873274780426,0.3656493445864123,0.43414408109946606,0.8566578245455855,0.30821436117609236
-113.96461354676713,-110.68300898811586,0.7720729449987238,533,820,542,1594,0.5144291091593476,0.39993631053004725,0.48288601474591103,0.839275758816692,0.3030699624937172
-100.18540369440738,-110.41115498707138,0.766909521377223,486,858,486,1594,0.5382685069008782,0.29482077191797695,0.47282659525685916,0.8071735730171881,0.2955235508354616
-83.98790106857678,-110.15089076992011,0.750365957079111,583,809,597,1594,0.5075282308657465,0.2869747943976401,0.45883103498442207,0.8476787371813076,0.32320085084854044
-115.00952181720197,-110.02349507372145,0.7400754890051817,447,881,465,1594,0.5526976160602258,0.3246944632440494,0.47478580857702807,0.8230397915610074,0.29784108350687943
-114.99089366974201,-109.83520244744346,0.7388686179415952,498,824,519,1594,0.5169385194479298,0.3821510795095038,0.43071664223071743,0.8402641269247922,0.3082825620622132
-116.80529692377527,-110.30941413131436,0.7193562812919011,459,884,469,1594,0.5545796737766625,0.3206711061689166,0.4445983633871933,0.8364944322229385,0.29163790604360385
-88.5495037338537,-110.11068209817205,0.7150463945506982,504,833,508,1594,0.5225846925972396,0.26463633710475926,0.4596371918375896,0.8396201441588484,0.3083682547131366
-143.39736518615854,-110.64668011884696,0.7089458651478047,346,977,363,1594,0.6129234629861983,0.33788941754536794,0.4391335658993331,0.8508945335987615,0.33557030598212717
-112.66320487501176,-110.67037825550358,0.7006607403194549,433,905,433,1594,0.5677540777917189,0.279975595118543,0.47452909115369474,0.8218564927130446,0.30363138870576317
-114.00143773616762,-110.95442657264437,0.6924557670413323,513,836,515,1594,0.5244667503136763,0.35501205242427963,0.4503081960251519,0.8169241544259535,0.30750312384889633
-117.01875115169886,-111.15083504055065,0.685985751145163,498,819,501,1594,0.513801756587202,0.3610307906082318,0.45426749283689755,0.8361202699237887,0.3280584798201853
-155.33576882837,-111.51061238811555,0.6945087721487071,380,949,389,1594,0.595357590966123,0.37992625942480823,0.4402572787641709,0.8324682225861434,0.3204403619498573
-105.78829104605994,-111.54354395045897,0.6803505002617116,478,856,492,1594,0.5370138017565872,0.34324341875518766,0.475580800857271,0.8344772967077714,0.31078913818170123
-133.3309702372009,-111.62013792137675,0.6620153374880097,408,920,417,1594,0.5771643663739021,0.3223133730171714,0.44932925794377965,0.7877710325687883,0.28094931156340464
-96.01337114684495,-111.55746614015717,0.6594125504090468,489,861,495,1594,0.5401505646173149,0.2922813978808503,0.4726602950760358,0.8094972918162463,0.2961233297412411
-108.66974792098175,-111.61214490814751,0.6557816451968373,497,840,498,1594,0.5269761606022585,0.31565167447519593,0.505707609305563,0.7837481318040246,0.27829115736884497
-120.76461765349485,-111.5572901728793,0.6962347092612201,429,929,440,1594,0.582810539523212,0.309389278118005,0.45574689121554557,0.8249180802208009,0.2934239226586665
-98.04077296773917,-111.5904314980024,0.6960444181148021,473,856,482,1594,0.5370138017565872,0.28649921579870563,0.47723652646371706,0.8060889147206259,0.29404518427450177
-137.97174601648572,-112.2646278065145,0.6942274519628638,355,955,355,1594,0.5991217063989962,0.3463475761030768,0.43508456012061697,0.8219493499265167,0.31982227422770626
-95.78798880108361,-112.2393942913334,0.6964220041278547,578,800,579,1594,0.5018820577164367,0.3463143093952611,0.46206406893197505,0.8406679238008827,0.32226422499739227
-114.79359086448643,-112.20889185637985,0.6931743269389316,500,841,509,1594,0.527603513174404,0.3515465933342761,0.4874345495820723,0.817533677866919,0.3163192875774559
-119.73366375017108,-112.51262504113055,0.7043494275267971,408,946,410,1594,0.5934755332496863,0.305280594247986,0.45025946359129476,0.7841923720248419,0.2802026463178748
-120.66371026995304,-112.70576378543845,0.7608077402811698,342,970,342,1594,0.6085319949811794,0.2767520454709634,0.4716983121196909,0.879478155925102,0.3284933983531217
-151.0998200994453,-113.08803355112526,0.7756611904000386,361,977,361,1594,0.6129234629861983,0.37234478597626564,0.4475472951679378,0.824425315551408,0.28928243761229344
-127.69200389934495,-113.37455337794987,0.7814512103756286,417,927,419,1594,0.581555834378921,0.3396135872940308,0.46973356235728025,0.8504811226236108,0.33733235578588094
-116.41571876912114,-113.53615078881101,0.7856523375634997,436,912,437,1594,0.5721455457967378,0.3161162886620874,0.495018030792963,0.8311217841226756,0.3243037167055473
-103.2003096915295,-113.39773576390111,0.7862111646251627,467,888,475,1594,0.5570890840652447,0.2862746038186883,0.4661242505639659,0.7934920036996705,0.293373248420745
-89.39687939475468,-113.02333214861429,0.7876697993946321,543,813,565,1594,0.5100376411543287,0.3244249604307058,0.45908219631800307,0.8222943489034487,0.3011921445261318
-118.13935335495941,-113.1088420108299,0.7906350723892592,432,908,439,1594,0.5696361355081556,0.3296030514484011,0.4473178104957577,0.8047188769624801,0.2933051084702624
-124.38794668606289,-113.17936826720324,0.7903786304907061,332,976,350,1594,0.6122961104140527,0.2889908833416211,0.45658974809357167,0.7995829158402792,0.2718961490977783
-123.41428506365989,-113.53110917090858,0.7943072643496281,416,924,432,1594,0.5796737766624843,0.33456163122079274,0.4523360898722615,0.8321256949393193,0.3149406574562131
-104.09796175411878,-113.75120949101573,0.7944480138763557,425,918,426,1594,0.5759096612296111,0.2604281655476585,0.4328953423647276,0.8120150361686633,0.32051749224949205
-136.48708908061832,-114.01943552896279,0.7986943984828649,404,923,406,1594,0.5790464240903388,0.3363412624616987,0.4446912656610521,0.841074373499438,0.32334552699991387
-110.54114552541668,-114.29552210798381,0.8006683140033691,466,866,491,1594,0.5432873274780426,0.31759536805791183,0.428804602765395,0.8434363665984542,0.3199214423933482
-105.25459206916318,-114.05033620543264,0.8024675737300114,462,894,466,1594,0.560853199498118,0.3000016648017324,0.45426259485200887,0.8431514514080679,0.32877225686289635
-96.96509002467018,-113.85563104935122,0.7962958915532632,518,811,530,1594,0.5087829360100377,0.3356140150779358,0.4351204909737715,0.8018966470812147,0.29545909977800494
-132.00790891406461,-114.19021652598394,0.8061342743709591,360,965,366,1594,0.6053952321204517,0.2757469097205779,0.4694251779037948,0.8474316161195814,0.2962975440635236
-114.66241934153473,-114.50765948269662,0.8074435734796009,449,895,468,1594,0.5614805520702635,0.34189679155883096,0.46514967372188915,0.8441978882639044,0.3519294008071843
-116.5745812552038,-114.85846072500226,0.8280391888368871,446,867,448,1594,0.5439146800501882,0.3404019201543318,0.42860152395664447,0.8272256919539597,0.3017234645362962
-101.96952922383598,-114.72049616646724,0.8327619087052512,469,889,470,1594,0.5577164366373902,0.26561050619252036,0.4248396360719605,0.8404522675217238,0.2869204442694602
-101.72395193549242,-114.51770109012264,0.8330321326494282,498,847,499,1594,0.5313676286072773,0.30887595181785105,0.45552068739536683,0.8011107353233756,0.29672842614615985
-116.56203709896637,-114.3577987835809,0.8341289568919867,447,910,447,1594,0.5708908406524467,0.2951839860497927,0.48616985387506134,0.8261813058782422,0.2974271893006842
-126.19672968908286,-114.78653934414095,0.8809303790347025,373,959,373,1594,0.6016311166875784,0.2975354953328097,0.43031736938298376,0.8413548708777888,0.31544437235756134
-112.98941351015112,-114.87104933298795,0.8770065784655438,374,934,379,1594,0.5859473023839398,0.267272405427935,0.4338985921316277,0.8241573819768567,0.28316530298068915
-119.11929213431216,-115.20590266096139,0.8807695148405716,421,930,421,1594,0.5834378920953576,0.2948525275003821,0.48116957684262973,0.8082453358950542,0.31988182466930887
-107.29936359296727,-115.02911609415857,0.883708495432108,405,922,405,1594,0.5784190715181933,0.2739512154293049,0.44435191336985863,0.7821115617518478,0.2707061841463407
-108.80304181352135,-115.147529275985,0.8931102569118033,396,925,396,1594,0.5803011292346298,0.2703978158746205,0.48683714922410865,0.8492147532721437,0.31751255360713804
-124.35164799936086,-115.43670104428826,0.893078426795405,383,949,399,1594,0.595357590966123,0.30223553816608156,0.47972409916289743,0.8464636104017093,0.3085190421789011
-106.79649482183784,-115.12657070438323,0.8920424533137897,484,901,498,1594,0.5652446675031367,0.30763235228891533,0.44920877466559017,0.8641786164727838,0.3194256822580105
-148.39322302168895,-115.64678996311514,0.8963073719065084,306,1021,309,1594,0.6405269761606023,0.3097227547727589,0.45672750171903675,0.8209548814006958,0.3176083780496805
-134.2367846004409,-116.0883737117393,0.8909737060726561,441,898,446,1594,0.5633626097867002,0.3586386216038628,0.47629600857301185,0.8462348656659074,0.3391088403806571
-109.01553855779244,-115.63851289890377,0.9008043959358675,446,881,456,1594,0.5526976160602258,0.26625184028145293,0.4860818624097051,0.8601856560207759,0.3175079842166176
-154.83958710212735,-116.18332506489165,0.9009750353573793,354,1007,355,1594,0.6317440401505646,0.3563102877085317,0.42340569047256904,0.8519527039367644,0.3206840040503614
-118.18840287405934,-116.2697980348651,0.9104386985626491,468,884,472,1594,0.5545796737766625,0.3366970826522276,0.4579802801454003,0.854843354953659,0.32396798338753646
-131.39887145386248,-116.47823912445479,0.9144841996211825,396,944,404,1594,0.5922208281053952,0.31261997614415193,0.4706770473468657,0.8532953037687756,0.32121799933282974
-122.96596941190435,-116.57402430367092,0.9228025832628706,356,950,389,1594,0.5959849435382685,0.2980769144664467,0.48358080856499147,0.8114299869038426,0.3090455188864965
-84.0692561271781,-116.49720412157728,0.9265345173489546,522,818,531,1594,0.5131744040150564,0.24887279891578462,0.5071142010309748,0.8230660892078627,0.30280787638450263
-118.1533836663967,-116.1808343650362,0.964514102885517,395,925,395,1594,0.5803011292346298,0.2788207848675605,0.4444092106749075,0.7905235995835196,0.2695826794107123
-150.16942016826542,-116.59351551320191,1.048920277085907,279,1026,280,1594,0.64366373902133,0.3085269110761364,0.46307074264997966,0.8038325168602981,0.289696828296142
-117.50348423489741,-116.4646811986076,1.0543447351849355,423,904,423,1594,0.5671267252195734,0.3391644918459061,0.4842921888996511,0.7811216627405129,0.29200051019956114
-121.71686216948066,-116.50693162239675,1.0426511498484734,452,876,455,1594,0.5495608531994981,0.3228076047813167,0.4499459085333275,0.8407842276035242,0.29925344787963315
-103.7663536652892,-116.66373027978813,1.048485907820021,416,898,434,1594,0.5633626097867002,0.297701930937399,0.42596025675230814,0.8298441683344481,0.2770264277807034
-88.9586154450257,-116.02866540168915,1.0584423014978694,539,796,542,1594,0.4993726474278545,0.30427861261116645,0.4905306555993553,0.8326079003534317,0.3075631661360508
-77.53050120664427,-115.76529625621951,1.0544566852453048,571,790,579,1594,0.49560853199498117,0.2995245122480894,0.4360647417669896,0.8125338258378433,0.3044181136889826
-99.82872990728258,-115.56947545496925,1.0908173076465917,491,841,496,1594,0.527603513174404,0.31247777604946614,0.4813575829378244,0.8251527445270735,0.268728225252312
-125.38646807353095,-115.8104347871021,1.1186884695997619,396,919,398,1594,0.5765370138017566,0.3046186209879737,0.4670278360240104,0.8034775275616246,0.27633107065326606
-128.93669735505432,-115.91245357656553,1.1228008672256686,371,955,378,1594,0.5991217063989962,0.3119853434254249,0.44631641707202285,0.8251183509695492,0.25919429232883007
-121.50627442745076,-116.27722518895969,1.1135332741067783,400,921,408,1594,0.5777917189460476,0.3081581785194011,0.4603629317084409,0.834239443579354,0.30024654749658386
-124.57801275602824,-116.00192810697185,1.1228587709060438,415,939,417,1594,0.5890840652446675,0.3101918243576083,0.4571880279378838,0.8007499493777509,0.2684648265097577
-125.40950856129265,-116.02489506339893,1.1254711865232152,458,883,465,1594,0.553952321204517,0.35672837394933166,0.4346608868933203,0.8124313016596787,0.2960359335491131
-139.25570767124017,-116.29178047313584,1.122082354970726,334,1018,352,1594,0.6386449184441656,0.30471236479140157,0.4368924572146339,0.835849249808892,0.29094715899171336
-102.67018649415434,-116.14830604680999,1.1896406477327783,459,884,466,1594,0.5545796737766625,0.29413986447888635,0.4571947264523118,0.8531598842066792,0.3227406654447151
-132.84121038294612,-116.39099415462586,1.2187928813272388,387,952,390,1594,0.5972396486825596,0.3283536298379278,0.4509054525090004,0.8149741703535304,0.29069007751100673
-136.74608201164475,-116.6084361901008,1.2270018053705065,334,988,341,1594,0.6198243412797992,0.31380828904444746,0.45737747478067065,0.8422744287445724,0.34112035978710775
-114.17423842762524,-116.50605111186445,1.2258330323004956,462,884,478,1594,0.5545796737766625,0.3324367777750886,0.47954113826672606,0.8562048049615845,0.3252615500191332
-99.16998495049202,-116.08790826145177,1.1817825155317319,470,894,482,1594,0.560853199498118,0.3219244100524238,0.4589174022786686,0.8318217419781034,0.3218193497727802
-94.41712594090075,-115.88522834163126,1.1883734180461676,509,862,520,1594,0.5407779171894604,0.2925435207189929,0.44628406257430364,0.8080498528763216,0.2978326340991088
-88.80320783228349,-115.72313429100173,1.188154545254205,532,803,590,1594,0.5037641154328732,0.31944739450248827,0.4490982812256201,0.8005477336453147,0.2964659876910556
-123.56916319622775,-115.77921750511831,1.193340237270424,397,928,399,1594,0.5821831869510665,0.28012095027408823,0.4461663123056643,0.8196255963096534,0.3064068118325096
-80.03081868437646,-115.39818617531006,1.1916561446039975,489,829,499,1594,0.5200752823086575,0.2538106424922391,0.43506296709268943,0.7923632320453228,0.287580264754338
-139.49949848886519,-115.63850675088024,1.184975360271855,356,953,358,1594,0.5978670012547052,0.30286822553340065,0.42000810543224887,0.8046875237670328,0.31286624368967236
-126.34964442558616,-116.03611112853449,1.1850294412696933,487,892,487,1594,0.5595984943538268,0.3199237553162899,0.4655875164026904,0.8531716613974304,0.31955518272869393
-121.49260233237547,-116.00438528026092,1.1884878047952554,372,948,372,1594,0.5947302383939774,0.2794731106079348,0.47723880702194227,0.8187007638629368,0.29390930686077416
-96.25166843583386,-115.90905493131424,1.1898677176197316,524,797,524,1594,0.5,0.31300154206591985,0.47626022268281387,0.8405508750591392,0.31781073598835796
-106.88046406870464,-115.85453565088727,1.1914402567701474,478,896,491,1594,0.562107904642409,0.29420370170372606,0.4420452809817625,0.8419800705917013,0.32917323178487295
-89.23596709722422,-115.67458246098215,1.1954946167369356,550,803,561,1594,0.5037641154328732,0.3229198332107678,0.47019060603563495,0.8152115392796205,0.29621010506220424
-119.9254410554007,-115.66202231640389,1.2034780451518268,470,868,482,1594,0.5445420326223338,0.36132395403595013,0.4732605941668973,0.8330280479693305,0.3093687198011208
-120.68719417736062,-116.06671322006055,1.2024410466862658,412,923,416,1594,0.5790464240903388,0.30752634888555996,0.4700753748828758,0.8292241086133311,0.3210197582681917
-101.12061239637941,-115.54407833704181,1.1997090303702806,458,871,458,1594,0.5464240903387704,0.279547326213395,0.40917644915746076,0.8531737298376266,0.3389267914459226
-120.142463021039,-115.3881252324874,1.2067053960691532,381,929,382,1594,0.582810539523212,0.2982630058008337,0.44763811417082944,0.7936814550584792,0.2739656856566856
-150.7331295671342,-115.93577328426028,1.4297660040742641,331,968,336,1594,0.6072772898368883,0.3792183369530338,0.4356414911292808,0.8372211745539518,0.33803977680909053
-117.21125490029821,-115.93248241792442,1.430644419182009,501,852,514,1594,0.534504391468005,0.34711777617648326,0.4698722415542929,0.8713061383755192,0.3382646039165556
-92.10884894830721,-115.65383553637972,1.4282569926724573,483,875,489,1594,0.5489335006273526,0.27173880297041203,0.4287465147938209,0.8480030018373615,0.31324210276001224
-97.05622176827012,-115.29809860266747,1.4306545462228555,485,859,497,1594,0.5388958594730239,0.2836088282640648,0.4641622284355088,0.8332738167747263,0.30206198963143455
-96.54780559062634,-115.29207760509937,1.435171465769974,484,867,484,1594,0.5439146800501882,0.29444062342452076,0.45478858089859886,0.7902676001559253,0.29352319883492667
-154.24098121495481,-116.01166475650405,1.4403095674780702,202,1093,202,1594,0.6856963613550816,0.2639420914313091,0.47410783085777214,0.7516846473829316,0.26817950927217016
-99.70986442046622,-115.62736093586147,1.4491544172190163,467,856,468,1594,0.5370138017565872,0.29500607502251164,0.48754778394069015,0.8287289448927702,0.29589864199591803
-96.5825972163249,-115.60191879049627,1.446560721217553,454,889,455,1594,0.5577164366373902,0.24950442988519625,0.43787540816148157,0.800521928916884,0.32180690109592286
-87.31706700504188,-115.00211491883138,1.4419729898832594,530,799,570,1594,0.501254705144291,0.29434716399235844,0.440261573811236,0.8166885788935829,0.2920189703080396
-109.66258559609005,-114.84602321753299,1.3582397544218077,428,898,433,1594,0.5633626097867002,0.29200151945149844,0.43869535115186503,0.8204477773606222,0.2845973356630514
-110.34437303076378,-114.80982081237295,1.373087299494808,405,964,434,1594,0.6047678795483061,0.26814592536670745,0.493880099811753,0.8137664655246007,0.31227532080889203
-118.08301521529054,-114.98879692758177,1.3723919642171074,422,921,437,1594,0.5777917189460476,0.3093924884369953,0.45536483413956946,0.826963741586249,0.321012467110351
-113.19009704434328,-115.28081888733945,1.3750583712592148,442,893,442,1594,0.5602258469259724,0.29192783875991185,0.4976683114310328,0.8730063565942708,0.3457998488599053
-107.53539045607529,-115.20607757372818,1.3782014485366694,478,886,488,1594,0.5558343789209536,0.31433274763209573,0.4438777448691321,0.8300042686302285,0.3164272666203126
-128.64717936061865,-115.34264043063693,1.3876121475493528,343,968,347,1594,0.6072772898368883,0.28865096678071817,0.47570074329715184,0.8424566751388948,0.3002172462594686
-116.7625740564586,-115.34221320196377,1.4144438510778141,390,933,393,1594,0.5853199498117942,0.2834376395596494,0.45902983600745073,0.8355518209023608,0.33568628376802373
-150.45119825802513,-115.96123014720546,1.6063270070887286,306,1010,306,1594,0.6336260978670013,0.3204732734123386,0.4495747042420148,0.7838089365234676,0.2871159174544177
-127.697793383899,-115.80423442918286,1.6115692168113003,394,952,424,1594,0.5972396486825596,0.30251691416328436,0.514407163979952,0.8377928468424684,0.33024472659319637
-107.25571492120456,-115.75015952964479,1.6185423656065128,473,887,474,1594,0.5564617314930991,0.3022485402039646,0.4459929597471701,0.8198275537758878,0.29991973524997945
-84.45318729747628,-115.45467702525788,1.62403604642626,537,801,539,1594,0.5025094102885822,0.27794633688642406,0.4394046720212434,0.8359268788252733,0.3221869352120402
-122.56531619708092,-115.5101426757117,1.6706135249334166,438,912,462,1594,0.5721455457967378,0.33187216997821345,0.44393839137914826,0.8728063498715661,0.3445514015951967
-111.33464647517559,-115.07013145217975,1.6603368873163518,449,901,452,1594,0.5652446675031367,0.2884211359678556,0.4703567833927608,0.8553387728074848,0.316267747572315
-169.3159835368796,-115.70540837708795,1.6646863147385815,228,1082,228,1594,0.6787954830614805,0.3154911842427104,0.4428983043668767,0.7651391804452881,0.23622578838590094
-119.32972560881856,-115.56539593080413,1.67090606536652,342,964,342,1594,0.6047678795483061,0.2717655453202769,0.48787383126301753,0.7896580721998259,0.27200170608379753
-98.43618145871213,-115.5896240339228,1.6713949848066338,501,845,502,1594,0.5301129234629862,0.2903471193974726,0.4376601770933343,0.822183844265597,0.30960312703845366
-139.3249136621082,-115.89617569133408,1.679597223139182,329,980,333,1594,0.6148055207026348,0.2948953582834775,0.4886837065064678,0.8217982066805728,0.290479130039575
-113.25171031445724,-115.82104661794371,1.632485433492044,425,904,461,1594,0.5671267252195734,0.31800266384464104,0.44143459688264836,0.8110651089719677,0.28684813999644626
-120.99134411143557,-116.05055232938065,1.6445915923252867,387,961,388,1594,0.6028858218318696,0.2994382222564269,0.4440637541789751,0.8150923468090832,0.2999855827380253
-113.75499151213383,-115.80838478433712,1.6492618725911066,461,884,474,1594,0.5545796737766625,0.3175556206940848,0.418458733201558,0.8516855073647759,0.31281916648540387
-95.67433466154282,-115.80724824294171,1.648435500081006,558,803,570,1594,0.5037641154328732,0.3141921835919148,0.4655327051105246,0.8041574320268543,0.2947652625113296
-137.35887589989272,-116.03290109329576,1.6832618396855494,308,1005,316,1594,0.6304893350062736,0.304977570951618,0.46052339715493035,0.8505089680654154,0.32962771065560575
-93.58529050437683,-115.77141736083784,1.6733524233094146,511,856,511,1594,0.5370138017565872,0.27768913700410114,0.47709157617378894,0.8266975739421567,0.3139171334130147
-98.08767050527766,-115.54565696319109,1.6220818560216592,489,849,489,1594,0.5326223337515684,0.29545655432824364,0.48014246750649664,0.8406368043000905,0.32813769922644426
-117.32204467470349,-115.20787920894368,1.6067290477962712,424,899,425,1594,0.5639899623588457,0.30649268077312286,0.4810417298232448,0.8266474478445124,0.3214964068389123
-138.97558139294466,-115.3207149838797,1.617360658556665,362,996,366,1594,0.6248431618569636,0.2572172490567386,0.5038242804707842,0.8396931393267627,0.3185457096001973
-129.3280490990548,-115.449838287179,1.6275203083582253,384,972,389,1594,0.6097867001254705,0.27415155873125363,0.45509540887535566,0.8400009307156737,0.30518520609717376
-99.7705477434867,-115.4155406676986,1.6340288679598087,487,859,488,1594,0.5388958594730239,0.2880875589307792,0.440693858324581,0.8380012682049349,0.2959966331460842
-107.81114453717734,-115.59968331912279,1.6380953889650212,427,893,437,1594,0.5602258469259724,0.27888851668396386,0.4569881360035788,0.8128277484389702,0.2909645269974552
-101.30948242701471,-115.43138460984339,1.6444759612320397,481,850,482,1594,0.533249686323714,0.2547333294567456,0.44016886922141124,0.8520471390453311,0.3181866786867626
-110.00138403350394,-115.28751898331778,1.628691231626135,422,912,443,1594,0.5721455457967378,0.2876757734602626,0.44035326755403065,0.8447598660386243,0.327803343060273
-120.86386702536664,-115.26201480293484,1.6376364976732496,460,911,466,1594,0.5715181932245922,0.2620415696365497,0.4832845105140884,0.8506799799846597,0.30326136805492393
-134.37824548271234,-115.5648176402208,1.6344905942834203,368,945,405,1594,0.5928481806775407,0.3612554523683851,0.46806010461205916,0.8121787758927056,0.3098061867829594
-89.03566102219764,-115.09030335963656,1.6333831632892548,464,873,481,1594,0.5476787954830615,0.2703028653265575,0.4659968905546395,0.823418692488375,0.3030187586503124
-123.20121192287901,-115.21690402361119,1.6387692776534988,389,950,405,1594,0.5959849435382685,0.2746050683152358,0.4179105692337153,0.8501390316067705,0.3348991009301845
-125.100488863467,-115.41536299155422,1.6377135405796854,390,950,399,1594,0.5959849435382685,0.2885108949356547,0.45276819254223993,0.870260233398891,0.33019308655965207
-132.35797305730833,-115.76929182188063,1.637935115279491,387,947,387,1594,0.5941028858218319,0.31024140291546487,0.4911278835183209,0.8566240877627757,0.3447806057971212
-131.89078226828954,-115.76812055542288,1.637328026813433,365,959,368,1594,0.6016311166875784,0.2967554532868515,0.4587464622592399,0.834520263651453,0.3333698617835612
-142.24466644021194,-116.04394302640966,1.6390348618408959,380,979,383,1594,0.6141781681304893,0.3179081519584474,0.47841988033523236,0.8344177226183068,0.30957736160051125
-103.7643080115543,-115.91584029397316,1.6245064485699614,462,880,478,1594,0.5520702634880803,0.2813254362388776,0.42132209680904886,0.8370575813280188,0.3258147349065403
-127.67976508911865,-116.17294265262599,1.6327456736507926,355,957,356,1594,0.6003764115432874,0.2832521640861196,0.4913249178012774,0.8012306847733384,0.29863851892604953
-128.56552820382205,-116.44135841530928,1.6338144590882677,345,990,363,1594,0.6210790464240903,0.26803033204529736,0.402094018703558,0.8262824702838412,0.3030795620074242
-130.03073296084372,-116.57604537392804,1.657779723575553,353,984,384,1594,0.617314930991217,0.30952617484635025,0.409504984285467,0.8243104250212823,0.2854627827404331
-130.23517070454974,-116.6164297840827,1.6382467532139642,302,1004,331,1594,0.6298619824341279,0.2876763908734025,0.44599036717398405,0.8108690381849916,0.3083738865861017
-112.60351922008569,-116.61257084118206,1.6418736437183379,410,939,410,1594,0.5890840652446675,0.2839731945462986,0.4581386426959325,0.805657279858464,0.3272980567680954
-99.37054439723002,-116.41508336381122,1.639664678581458,439,889,453,1594,0.5577164366373902,0.2846093493088739,0.5017878668884588,0.8212594561827528,0.3100175779638905
-129.4953977420236,-116.63704370530176,1.6579125553875003,385,971,388,1594,0.609159347553325,0.3064046560643196,0.45237229667832995,0.8176229313751268,0.31340047268464777
-108.96987817171562,-116.63871206888372,1.6522183064982983,465,895,495,1594,0.5614805520702635,0.297858848446337,0.4463446063905599,0.8224762222791194,0.29911997112010674
-100.21590725970069,-116.39735466148713,1.6616428251822617,510,864,534,1594,0.5420326223337516,0.2878255790688843,0.4753219663673506,0.8096104501247967,0.327506627454103
-107.0441349439001,-116.39983106270776,1.6592171009860615,438,914,454,1594,0.5734002509410289,0.28277836682996266,0.4448714809639754,0.8495496404691346,0.3138237129842531
-111.56501118832317,-116.03154894437412,1.6522987872143895,442,892,443,1594,0.5595984943538268,0.29269928244782234,0.4890516026718385,0.8390670883860002,0.3307073982508372
-132.52369918548155,-116.01441809022452,1.6673346632755766,324,993,355,1594,0.622961104140527,0.29591913676068254,0.4756534270291033,0.8122252682264183,0.3007891954343847
-108.09589081137383,-116.00522161276032,1.6775234429834989,450,925,464,1594,0.5803011292346298,0.300906623154815,0.4766587365187179,0.8115968183989501,0.3151939904830039
-122.7449471485948,-115.68427521322499,1.6804803006646514,322,986,327,1594,0.6185696361355082,0.25735427517964954,0.508532123593698,0.8043438383682316,0.2832506863169474
-118.46207129279667,-115.68701189741238,1.6929987962949553,372,963,376,1594,0.6041405269761606,0.2707500390122616,0.4994156038460655,0.7801807421271412,0.2984155183766714
-100.60095206548543,-115.3790327035286,1.6924406604086815,432,894,432,1594,0.560853199498118,0.25003344554312734,0.4818492297939173,0.8633932081107966,0.309157294708006
-151.99287150543324,-115.6693017244639,1.6936787471343586,246,1051,260,1594,0.6593475533249686,0.28192716640313253,0.4868624767903646,0.8168976955502671,0.3060115051026816
-113.59498456976142,-115.96455900888975,1.6909562530444058,408,905,409,1594,0.5677540777917189,0.28058371345098704,0.4549662460397782,0.8273542082411964,0.29470296615955743
-111.19189233948954,-115.89494409562067,1.6526831335812193,413,921,420,1594,0.5777917189460476,0.27212308940635266,0.45440677060257617,0.7773970880555092,0.2642327804798685
-129.81401333990863,-115.69139002733709,1.5797464896358848,297,1012,297,1594,0.6348808030112923,0.2439329081088947,0.44816273134866885,0.8339312595136058,0.2909199933679156
-109.38056376998455,-115.61016082268796,1.5871480319712206,406,921,416,1594,0.5777917189460476,0.266939026979208,0.47798741405497375,0.8611316156384555,0.32891035309987976
-133.1815632480126,-115.72480783347326,1.5903595003355295,311,989,311,1594,0.6204516938519448,0.2864643102987307,0.4651939324867434,0.8302175552968208,0.3383981590580025
-127.18536201982758,-115.95899791701866,1.585053372874189,426,923,427,1594,0.5790464240903388,0.2982395948466312,0.4699828793040823,0.8426669513771888,0.31600192660168064
-124.17777673583915,-116.31118952992679,1.5774272158703866,429,927,433,1594,0.581555834378921,0.3042496717513537,0.4945720998372518,0.8461524614214162,0.3068974172607574
-101.8975721157419,-116.55486023901776,1.5733717906813387,427,922,428,1594,0.5784190715181933,0.2595271055854177,0.4617635013745073,0.7782323990183574,0.2851778056460133
-150.13372222158665,-117.05791016216081,1.522304145288374,226,1070,238,1594,0.671267252195734,0.26242119482074416,0.48785437376681656,0.7360035822226217,0.24778083288265199
-136.7360876266845,-117.17140635769238,1.4927821064284552,240,1047,244,1594,0.6568381430363864,0.2469477114622473,0.4525290642862219,0.7743648683914947,0.26166807716998974
-145.16417106997346,-117.33368109484154,1.5065554154241942,246,1064,257,1594,0.6675031367628608,0.2650583151567859,0.45829257790164984,0.7092594106958569,0.21091714632635186
-138.565602743212,-117.50427437799917,1.5441011343476754,318,1007,318,1594,0.6317440401505646,0.30239227191935314,0.4624350800058545,0.8408869685260657,0.31722313972867483
-130.1467165800086,-117.55996141623895,1.578906127521167,358,957,358,1594,0.6003764115432874,0.2831698646076488,0.4858916238721862,0.8477568527182018,0.3152539819185569
-148.8522382089893,-117.79438871271591,1.5776595216564697,304,1027,312,1594,0.6442910915934755,0.3008207465811363,0.48537804687569036,0.8520646004292791,0.358405805617396
-114.45680249160556,-117.54639966091958,1.5830965096727787,410,931,417,1594,0.5840652446675031,0.25809378099842606,0.4962811049720029,0.8585705803220688,0.3103214922895211
-144.98658892241332,-117.96956368520216,1.5163053252542,293,1028,298,1594,0.644918444165621,0.29111639653367355,0.4462519830460937,0.8298951976293331,0.2994829295544562
-147.510577843896,-118.11625735981164,1.4973789243422837,242,1054,246,1594,0.6612296110414053,0.2583483596281768,0.4916112141759113,0.7688822334748506,0.25350230741407476
-123.39167595453831,-117.9827132992406,1.57146806309876,409,937,409,1594,0.5878293601003765,0.302486247617126,0.46213029979126974,0.8515601973697065,0.3075435405585132
-93.2226296924525,-117.77319721188887,1.5698075375004654,451,867,462,1594,0.5439146800501882,0.2588852231845404,0.41751040340148393,0.8151746615817793,0.28731545745096193
-146.36410682900836,-118.24513843067405,1.5570348483483591,350,992,362,1594,0.6223337515683814,0.30882764444461636,0.45361438204415283,0.8391419191195754,0.2938616700905705
-152.4039513996704,-118.82500668526174,1.5436069596890016,245,1084,245,1594,0.6800501882057717,0.26654551538111276,0.4760294743158235,0.7946803591838995,0.29061935619462315
-113.69146400448156,-119.07388924698373,1.5722366197759263,409,939,423,1594,0.5890840652446675,0.28661047566292214,0.479506509576226,0.814017902051911,0.3223742882864617
-129.22635352644724,-119.1304611502859,1.5722777188021382,362,990,363,1594,0.6210790464240903,0.27413151486255716,0.5007898970597494,0.8313511799970098,0.3071203251209081
-133.0906302670851,-119.66105926611299,1.5817806093429367,305,1012,323,1594,0.6348808030112923,0.2500297163677319,0.47057018047242083,0.8157292232261121,0.3085543528982613
-147.7190435427559,-119.7432547166519,1.5795733946867683,254,1088,261,1594,0.6825595984943539,0.25194120983307555,0.46864992308641185,0.8134485486809203,0.30528389466946265
-141.47298766404538,-119.89448814903648,1.6154314174914768,253,1039,260,1594,0.651819322459222,0.2773009905308205,0.4766431156862102,0.7932463737726554,0.30355934223639874
-114.99052494125425,-119.82946737512528,1.6104279886830954,432,911,439,1594,0.5715181932245922,0.29957343369451583,0.4790157965404967,0.8222765616653076,0.3033344974525986
-111.15570198517067,-119.97850771061866,1.6272381976686705,419,910,428,1594,0.5708908406524467,0.3144359890317121,0.48092598467542763,0.8385524282513609,0.30932548776761515
-120.39809139704806,-120.11368398390206,1.634078160361753,403,933,411,1594,0.5853199498117942,0.3026665063766566,0.4590088219717398,0.8358583407013348,0.3173225736358387
-112.23100295364495,-120.34363434246629,1.669076015733001,453,904,469,1594,0.5671267252195734,0.2893007454618917,0.4768116047556867,0.8096905136353275,0.306325733887115
-113.87877489664618,-120.28316768087875,1.6610952704016555,394,945,408,1594,0.5928481806775407,0.2575894066794686,0.42316933273731017,0.8141428745372999,0.30673522607162
-112.13088676041143,-120.19760460670926,1.6493817675436195,392,926,399,1594,0.5809284818067754,0.25079724475581355,0.4672261143416103,0.8096332941386793,0.30489157955998886
-133.86822925697473,-120.52508077531522,1.6468548427392777,349,983,350,1594,0.6166875784190715,0.2723996832720778,0.4735268240919785,0.7760642571632163,0.2731853303797505
-135.32679315701048,-120.67692407667491,1.6636724294589806,360,984,362,1594,0.617314930991217,0.3008528872663097,0.45730052193778786,0.8718618417718192,0.3546163594852489
-119.6547270424468,-120.36614005142805,1.4424513859665593,386,974,386,1594,0.6110414052697616,0.28238012593795947,0.48521455241682254,0.806824934896108,0.3061841172419364
-125.68347041409605,-120.45086220656601,1.4875281861187017,333,992,334,1594,0.6223337515683814,0.27363116910745794,0.4918210273217292,0.8233916262415953,0.3074925285689145
-144.93920161941938,-120.97916573327716,1.478408506764162,245,1045,245,1594,0.6555834378920954,0.26581861633172094,0.4561380409005256,0.8202572618894951,0.28775667792490683
-131.49489228493496,-121.3235524384438,1.5484686454610772,307,1030,319,1594,0.6461731493099122,0.255446895782207,0.4607806610762467,0.8154995190621364,0.31138138660430476
-121.17444315641379,-121.56981881410165,1.5435330956411688,394,932,409,1594,0.5846925972396487,0.288421944953174,0.4364802603860904,0.8547969968080288,0.31903496760354816
-138.98851583712593,-121.41729416032337,1.566733744480754,294,1056,294,1594,0.6624843161856964,0.2907200115163439,0.4459802260812337,0.7807516899910979,0.3014293744215169
-127.59335136838959,-121.69612902980259,1.569897567793264,374,958,386,1594,0.6010037641154329,0.28175948400643314,0.46215182520454356,0.8384488883407872,0.3229754788852191
-151.1567135221997,-122.24187019286136,1.5723943638418985,230,1083,244,1594,0.679422835633626,0.27180804816786897,0.44107610334262254,0.8270492095768143,0.2903682879260713
-129.49121769829384,-122.66361169979389,1.5663980126732011,381,978,393,1594,0.6135508155583438,0.2800508140503546,0.4900846829018187,0.822897969209578,0.3168040146425078
-153.4939480154665,-123.10192532398767,1.5792529988824346,250,1072,258,1594,0.6725219573400251,0.285248344996095,0.4759445778663594,0.8549925054132806,0.3411189278446751
-144.93671868567247,-123.44784878053675,1.6113319079774684,309,1018,309,1594,0.6386449184441656,0.29948998260079074,0.4652056657528539,0.8039357769167711,0.3239495802712406
-132.47585987099174,-123.59177722709376,1.6059183258684908,329,1021,340,1594,0.6405269761606023,0.2574308284597188,0.4357903243838106,0.7688867113405858,0.25726598736003514
-130.22278469918894,-123.76210410364222,1.6542264103617312,367,980,370,1594,0.6148055207026348,0.2887682127030145,0.47343962897569664,0.8265854059318823,0.3263957977905933
-144.25272020607042,-124.12927740114215,1.64848950653339,305,1033,315,1594,0.6480552070263488,0.28497843416166213,0.44570362129633423,0.8274561506393203,0.3251532285439084
-120.5978996649932,-124.04878460418591,1.635958361220566,385,966,393,1594,0.6060225846925973,0.28371376607609206,0.4308498272395036,0.8187220607283342,0.30062587758517306
-142.64492787436188,-124.30760814236493,1.6062006541143512,284,1017,285,1594,0.6380175658720201,0.2782481282990461,0.49000195202545427,0.8235861482050292,0.30583833418010276
-124.94005850988783,-124.05249674488357,1.4092388680887362,355,992,366,1594,0.6223337515683814,0.27700596553352386,0.48190618026998017,0.8437164154577684,0.3434293997251876
-150.19391970231405,-124.27745800806774,1.4495501329141376,248,1049,258,1594,0.6580928481806776,0.27909473722649625,0.4626783055877327,0.7384268467284268,0.22358589830856987
-104.24532497852863,-124.24735410864098,1.4450957632618004,401,943,409,1594,0.5915934755332497,0.2450435301161151,0.493628010273927,0.8346494416944849,0.3223386579816145
-109.83954616447417,-124.50121769731093,1.475283011197981,443,894,450,1594,0.560853199498118,0.27861661289502865,0.4657659350239304,0.7871684874544318,0.29452854541214546
-140.73992772999594,-124.68296381264008,1.4377654387658092,267,1063,268,1594,0.6668757841907151,0.2629183444099992,0.427142600986275,0.7577079297773501,0.28503948732375317
-149.04439390757219,-125.06006128696404,1.4319128217370842,261,1066,276,1594,0.6687578419071518,0.2884220858131516,0.4263205412980041,0.8128488038139912,0.30830894010415066
-128.86728116505859,-124.65557426324584,1.4643989105706015,313,1014,338,1594,0.6361355081555834,0.2753553059637883,0.49552811969130406,0.8066572215614846,0.2992966729381697
-136.5284989799158,-124.82756199695682,1.5181511753608183,341,1011,353,1594,0.6342534504391468,0.3083551952197541,0.46154716413801394,0.8832547993431014,0.3469289316859659
-130.54086397256455,-125.14860882209535,1.5169110401795358,356,975,361,1594,0.6116687578419071,0.288565512703908,0.4508272024900027,0.8313433061000843,0.31246271827627065
-141.8679521112079,-125.17403920658634,1.5061134036258472,326,1014,337,1594,0.6361355081555834,0.2884386628792577,0.4448085519713007,0.8181865015103708,0.26970656787873387
-126.74605708857638,-125.30898267432752,1.5090675980692663,375,978,381,1594,0.6135508155583438,0.27164730778116897,0.45376071503996734,0.8371443463983086,0.3264714570452537
-154.23631349691718,-125.64143236818232,1.6615353047937367,190,1137,191,1594,0.7132998745294856,0.255481806620231,0.44787605279386755,0.8522847054181004,0.32965388522416916
-155.4224904878676,-126.05810735793966,1.660340550675059,268,1032,268,1594,0.6474278544542033,0.3052228566405543,0.504741601424436,0.835722020391985,0.2933157399468418
-136.24703210421322,-126.46383433236637,1.6557219416677247,317,1045,331,1594,0.6555834378920954,0.258920672940003,0.4710691145426753,0.803220068371302,0.31243765123762374
-125.50360435828226,-126.34528161695029,1.6436426659524508,390,949,391,1594,0.595357590966123,0.2736162957454268,0.45810926001963226,0.813540897443869,0.31063306591514
-112.34529737205906,-126.53288168562713,1.657610581200564,392,953,409,1594,0.5978670012547052,0.2677389793691146,0.4961433521781701,0.773446908439528,0.277512252950651
-130.8981097602742,-126.86098607817706,1.6620879766039698,299,1042,312,1594,0.6537013801756587,0.27689654580295336,0.40187551841209684,0.827199579131868,0.3009059768306081
-153.94769770687844,-127.22724260849881,1.6868614544328147,258,1044,258,1594,0.6549560853199499,0.27779830944812794,0.4411918312069958,0.7671983580182132,0.2815200831665487
-124.50618917183249,-127.0825486862877,1.6760452400919763,382,941,418,1594,0.5903387703889585,0.2645213934944597,0.46045937941300663,0.8344585166024466,0.3309772738536201
-134.766910795579,-127.13693730325295,1.6774759255253686,331,985,334,1594,0.6179422835633626,0.2786852360055151,0.46457405602725693,0.8309114279879323,0.310868570905873
-111.29649816699349,-127.25219680748802,1.6996155790382,418,943,423,1594,0.5915934755332497,0.24394339797814635,0.4654117142181607,0.8150411307957836,0.3069609239737097
-143.1185642094213,-127.60527100421045,1.926723801355823,249,1046,252,1594,0.6562107904642409,0.2703349524292614,0.4856674509583482,0.8228077345516541,0.2822379732299338
-121.08143497587332,-127.80299052969902,1.9171067019191634,367,966,370,1594,0.6060225846925973,0.2581898688688814,0.46088043498760417,0.8558014533047617,0.30024020345855945
-132.74394992848457,-128.03041618864881,1.9763390433736117,389,972,390,1594,0.6097867001254705,0.2859196721648062,0.4547498401239876,0.8614624084394382,0.31798224344788156
-133.7583942540756,-128.1593614609359,1.9700785065241413,354,1005,356,1594,0.6304893350062736,0.2809055949674659,0.44424747518206503,0.8234805936594597,0.2918626400066518
-123.10384684680152,-128.0466174745768,1.9940432694012413,415,948,420,1594,0.5947302383939774,0.27443381246129095,0.4785217582140951,0.8421312826544932,0.3244480913165661
-110.43116945103222,-128.26057255886516,1.9948368093608997,409,932,431,1594,0.5846925972396487,0.2761888196365851,0.44098836492520166,0.8373017430440224,0.33705483995855245
-134.76852838652542,-128.3762457235016,1.9829163281373328,320,1019,349,1594,0.6392722710163111,0.254624112881623,0.4646336787020793,0.761883915362331,0.2808728270497805
-136.3288348593497,-128.48852918346046,2.0144051633650806,293,1006,303,1594,0.6311166875784191,0.2759351204180337,0.4771548269967222,0.7329439790327866,0.28879171376085644
-131.4031282177631,-128.478980735065,2.0167183870883476,324,994,331,1594,0.6235884567126725,0.2555037663208079,0.4531926820162502,0.7988344742300733,0.2667205119901568
-148.6783465840502,-128.64685637822262,2.017294182051624,279,1044,280,1594,0.6549560853199499,0.28561325825320427,0.44898908198961934,0.8238051281600308,0.3151623441207621
-132.94515621277222,-128.5538612759482,2.01446156775703,354,966,355,1594,0.6060225846925973,0.2745557052588434,0.4738382381478552,0.8233520791250061,0.31127808788017725
