-34.157789461051074,-34.157789461051074,26.683767512771897,633,139,792,912,0.1524122807017544,0.8197924029000153,0.4204706584194711,0.8880527263007897,0.6228480335349019
-30.097902389753852,-32.12784592540246,25.141757404631527,631,138,772,912,0.1513157894736842,0.8111124723956258,0.42219187273487674,0.8823084905407114,0.6321609340528035
-37.081845747286465,-33.779179199363796,24.889094107344977,628,139,778,912,0.1524122807017544,0.8207568396227253,0.4191638291299136,0.8945528720003232,0.6268766058362764
-45.60490462356633,-36.735610555414425,26.460764985736816,635,142,757,912,0.15570175438596492,0.8217212763454352,0.422202551268187,0.8807064500945737,0.6361454593551505
-40.40573144942664,-37.46963473421687,25.126963469515747,591,163,775,912,0.1787280701754386,0.8140057825637557,0.414348435725468,0.8834790568459673,0.6279105906848922
-39.288444044404635,-37.77276961924816,24.48909410734498,594,160,753,912,0.17543859649122806,0.8197924029000153,0.41262980892067547,0.8869961175241903,0.617242549686987
-32.51066442189997,-37.02104030534127,25.29061599150873,607,145,774,912,0.15899122807017543,0.8111124723956258,0.4242743772177319,0.8747626266556643,0.6311813714255122
-37.35163911879761,-37.06236515702332,24.878258668149073,610,148,775,912,0.16228070175438597,0.8130413458410457,0.4189938077817169,0.8892389463184602,0.6168872681824656
-45.44240469193722,-37.99348066090264,25.446425194424908,604,165,759,912,0.18092105263157895,0.8217212763454352,0.4240356410468671,0.8813029396012831,0.6199732698678555
-43.465003968446474,-38.54063299165703,26.06936043707365,628,144,767,912,0.15789473684210525,0.8246145865135651,0.4199514417369046,0.8749530994656577,0.6368672364861315
-42.98983110805865,-38.94510554769354,26.105581099980835,623,151,758,912,0.16557017543859648,0.8207568396227253,0.41832141142192153,0.8831567890267317,0.6175861473319101
-34.65901895916741,-38.587931665316354,26.338428283023365,604,157,765,912,0.17214912280701755,0.8091835989502061,0.41088558759969723,0.8710411982107092,0.6404263396327572
-42.39968834644346,-38.88114371771075,25.735452822520884,633,145,762,912,0.15899122807017543,0.8091835989502061,0.4185260062793808,0.8921494962391328,0.6134024996550088
-40.36133010372049,-38.98687131671144,25.41318597606011,622,143,774,912,0.15679824561403508,0.8149702192864656,0.42112857482673355,0.8926102611603556,0.6249300704795306
-41.431708567132134,-39.14986046673948,25.070692085716917,588,177,771,912,0.19407894736842105,0.8226857130681452,0.4230626665740466,0.8708378917719064,0.6191781803170212
-35.710409203698504,-38.93489476279943,25.29750803639031,597,162,764,912,0.17763157894736842,0.8168990927318855,0.4126714421689894,0.8726954952549404,0.6298317616925692
-44.097599635796165,-39.238583284740415,25.820699175698625,641,138,771,912,0.1513157894736842,0.8246145865135651,0.41653706173776817,0.8817185297634763,0.6348586105335678
-40.606139434844174,-39.31455862641285,26.102424632861567,610,158,762,912,0.17324561403508773,0.8140057825637558,0.42359493777219603,0.8711726084939299,0.6417842021762218
-36.79347368260521,-39.18186994515981,25.8285995098947,597,172,771,912,0.18859649122807018,0.811112472395626,0.41313650295637283,0.881485939928044,0.6269645932617087
-46.006323833716884,-39.52309263958767,26.0055589208526,604,156,768,912,0.17105263157894737,0.8159346560091756,0.4191378625314986,0.8754518759563918,0.6417188726153481
-35.73161023819897,-39.34254585856916,25.775949806182087,624,147,782,912,0.1611842105263158,0.812076909118336,0.41576080097685797,0.8930947888048347,0.6326032410313859
-31.187741598456213,-38.971872937654936,25.803941060657063,629,145,779,912,0.15899122807017543,0.8082191622274961,0.42480063623785647,0.8782541400592917,0.6349459573814974
-42.91488661724933,-39.143308315028605,25.964628288302027,612,145,775,912,0.15899122807017543,0.8168990927318857,0.42158149106651177,0.8847837356445227,0.6275130378252239
-40.67387704941348,-39.20708201229464,25.902925755988267,602,154,754,912,0.16885964912280702,0.8217212763454352,0.4054015480019656,0.8786218037040374,0.6279837969844689
-40.8035138083354,-39.27093928413627,25.762479021933995,602,164,760,912,0.17982456140350878,0.8197924029000153,0.4215293986093548,0.8775307078863815,0.6282579695506824
-43.18290622998651,-39.42139955128436,26.0671439638893,646,128,774,912,0.14035087719298245,0.826543459958985,0.4196174089165973,0.8899405368252357,0.6257205841530142
-39.3645413183779,-39.41929369080634,26.245537428662736,614,152,773,912,0.16666666666666666,0.8168990927318855,0.4200452532715845,0.8822106799354548,0.6330047056595602
-37.59389309289161,-39.35410081230939,26.23675920965661,601,166,761,912,0.18201754385964913,0.825579023236275,0.41762175851398087,0.8791553815787904,0.6310154026031044
-35.83343879107057,-39.232698673645984,25.925138109202628,572,178,766,912,0.19517543859649122,0.810148035672916,0.41348647528215515,0.8689247103151803,0.6305344630608111
-54.854417943693306,-39.753422649314224,26.190425755988272,642,148,769,912,0.16228070175438597,0.8188279661773055,0.4213572004025507,0.8856836068791555,0.6266796921222585
-41.94067108670532,-39.82397905052039,26.294209995741905,626,153,765,912,0.16776315789473684,0.8072547255047862,0.4098393070709317,0.8908389624821696,0.6304976523159218
-48.457385587574144,-40.09377300480332,26.31313303639032,584,175,751,912,0.19188596491228072,0.828472333404405,0.4224267936217319,0.854836908858582,0.63925703919807
-42.94594946910875,-40.18020259463075,26.5215761990643,627,142,760,912,0.15570175438596492,0.8313656435725347,0.41679309926444463,0.8803714756867578,0.630541527545064
-37.82447545452709,-40.11091650227476,26.62387534898862,619,149,773,912,0.16337719298245615,0.8226857130681452,0.4218521334876529,0.8933576915396712,0.6210215819172168
-47.985053447386335,-40.335891843563665,26.88032883320298,620,139,757,912,0.1524122807017544,0.8207568396227253,0.42193164571900516,0.8780092963544401,0.6365652235160412
-33.6905364494583,-40.151298638171845,26.789423509734867,569,182,765,912,0.19956140350877194,0.8178635294545955,0.4104850420865538,0.8854728112477986,0.6241456093818104
-37.36609970863622,-40.07602299142764,26.80300010148883,624,159,760,912,0.17434210526315788,0.8149702192864657,0.4160056354194933,0.8648539424330938,0.6382768995574563
-41.441798299751035,-40.11196444690984,26.973546612312074,631,144,758,912,0.15789473684210525,0.8130413458410457,0.4199205323442622,0.8855145937404374,0.6269762623092229
-39.343374428842814,-40.09225701054914,26.722526635400783,617,152,756,912,0.16666666666666666,0.8140057825637557,0.4216389021730718,0.8892390719968306,0.6215468316737774
-41.136145850244574,-40.11835423154153,26.949057657335068,626,142,777,912,0.15570175438596492,0.8149702192864657,0.42169996915086,0.8826071591991221,0.635689074118703
-38.06646711273927,-40.06830820425367,27.027953019662796,644,135,758,912,0.14802631578947367,0.8246145865135651,0.4233690143765244,0.891176235046706,0.6299921838385628
-39.75266814228381,-40.06079296468296,27.02890146512446,592,166,749,912,0.18201754385964913,0.809183598950206,0.41577028579801806,0.876363030725476,0.6225396530025277
-37.40197298201156,-39.99895994183014,27.260595789299046,644,140,763,912,0.15350877192982457,0.8217212763454352,0.4168610666123704,0.8909640718421964,0.6264312782375926
-38.88422702386173,-39.9736251027854,27.054667414462504,617,149,762,912,0.16337719298245615,0.8246145865135651,0.4122131386019047,0.8901715404818978,0.6270123486874274
-35.25151095955642,-39.868689232935864,27.00198074998049,621,150,784,912,0.16447368421052633,0.8197924029000153,0.42450098822919385,0.8817293519932777,0.6272464670110364
-37.655939920427606,-39.820585987011775,27.034540892295944,614,156,775,912,0.17105263157894737,0.8111124723956258,0.41882286764838283,0.8814116296041651,0.6297466803426094
-44.89820897181457,-39.92862051860332,26.93150294574989,596,167,759,912,0.18311403508771928,0.8188279661773055,0.4214784360130352,0.8859092517854235,0.6224031310219765
-30.76698656030346,-39.73775314447207,26.864008246976585,607,144,779,912,0.15789473684210525,0.807254725504786,0.4154302699527518,0.8860665049851576,0.6302758494851854
-37.94825174428255,-39.70123270773351,26.927513744403846,638,145,747,912,0.15899122807017543,0.828472333404405,0.42141755389947083,0.8953487779195958,0.6204398002818543
-37.52514827054592,-39.657711018989765,26.886798617608402,627,147,771,912,0.1611842105263158,0.8188279661773055,0.4230069303074825,0.883186869850911,0.6342883126606649
-45.74984387215509,-39.77716460434594,27.049484282219453,616,154,758,912,0.16885964912280702,0.8275078966816948,0.42270176451493824,0.8673231430452933,0.6351327872127311
-37.8315188114656,-39.73974833909824,27.03298953457353,618,145,768,912,0.15899122807017543,0.8120769091183357,0.4213663890920967,0.8874046339791034,0.6299583387750685
-42.321363973316565,-39.788458068045756,27.006097980871218,595,158,763,912,0.17324561403508773,0.8207568396227253,0.414383027494978,0.880531681460119,0.6189441795072462
-41.746453866551,-39.82471724949956,27.13605388811564,613,147,742,912,0.1611842105263158,0.8178635294545955,0.4240033563552115,0.8754561556048657,0.6275406291721363
-44.034016119480306,-39.90124995622648,27.298739590382123,607,149,760,912,0.16337719298245615,0.8217212763454352,0.42407412073075856,0.8860056056706509,0.6214199461529493
-43.699740076442154,-39.969080136944626,27.38090044227693,619,156,764,912,0.17105263157894737,0.8149702192864656,0.4210883443485252,0.8914201886597196,0.6278746159072738
-46.749816903310276,-40.08804043109139,27.426704950388416,622,146,746,912,0.1600877192982456,0.8197924029000153,0.4174743288103505,0.8881024003348933,0.6280210620209992
-42.88409595384717,-40.136248284932,27.50010258077434,638,137,760,912,0.15021929824561403,0.8149702192864656,0.41707071739823365,0.8777826360671833,0.6199177974388586
-44.334425809770245,-40.20740383620045,27.43541893555396,573,183,765,912,0.20065789473684212,0.8217212763454352,0.41528145890744433,0.8841029223680058,0.6317206510762517
-30.993897808051354,-40.05384540239797,27.38622474517426,607,147,781,912,0.1611842105263158,0.8140057825637557,0.41675019441731337,0.8862221885203825,0.6251170596241914
-43.47204484204629,-40.109881458785644,27.30559463015587,594,161,758,912,0.17653508771929824,0.8236501497908552,0.4263890930822535,0.8735112884860122,0.6300975939136361
-34.51629162855178,-40.01966226797542,27.22014531657837,596,166,765,912,0.18201754385964913,0.8082191622274961,0.4148256130511423,0.8783470541532653,0.6342797290573967
-39.024458943988854,-40.0038653898169,27.130932649592857,577,174,761,912,0.19078947368421054,0.8168990927318855,0.416840491626391,0.874341541325674,0.6306584165487324
-44.12417159319516,-40.06824517424469,27.11288335226972,625,150,765,912,0.16447368421052633,0.8178635294545955,0.42842051559790645,0.8878579847974738,0.6277004213608505
-45.45719966006833,-40.151152166334285,27.118835105257745,615,154,761,912,0.16885964912280702,0.8149702192864657,0.42190124898316805,0.8786402593438497,0.6292325491613652
-39.10351726883367,-40.13527891031154,27.157818776460374,621,135,768,912,0.14802631578947367,0.8207568396227253,0.4174872965385867,0.8846613450469257,0.6211650385972702
-43.17547318059409,-40.180654944196355,27.094026966554576,619,153,754,912,0.16776315789473684,0.8197924029000153,0.42261365342018126,0.886111311884768,0.6300885195781349
-40.02778632322627,-40.17840687624091,26.910170061232176,604,160,760,912,0.17543859649122806,0.8159346560091756,0.41770128728637923,0.88982273483367,0.6207450818568631
-29.856145083296138,-40.028808879241716,26.9850339389087,605,166,772,912,0.18201754385964913,0.812076909118336,0.41837942395159533,0.8657766832751804,0.6317898562079239
-41.54568667756493,-40.05047856207491,26.873701416990453,614,162,781,912,0.17763157894736842,0.8140057825637557,0.41679776022162307,0.8880572042949644,0.6197290865293168
-42.579360467880456,-40.086096617086255,26.965505022450188,587,178,775,912,0.19517543859649122,0.8130413458410457,0.422053870098928,0.8922666263607119,0.6191878471818524
-34.582561946670346,-40.0096586355527,26.92281408331382,600,165,767,912,0.18092105263157895,0.8140057825637557,0.42326883380931496,0.8780252757332073,0.6348410554877374
-35.48576872623824,-39.94768754090455,26.941566731551053,645,134,767,912,0.14692982456140352,0.8168990927318855,0.41492505159695287,0.8902615068660816,0.6315124030949208
-37.70782875183849,-39.91741917889014,26.915109985351332,608,153,756,912,0.16776315789473684,0.8178635294545955,0.4167226561285837,0.8854953533570219,0.6292680280299084
-35.70363544666711,-39.86123539579384,26.89335875238361,606,147,761,912,0.1611842105263158,0.826543459958985,0.4137042081622018,0.8799813362025074,0.6239622679130813
-41.50356608517969,-39.88284501012786,26.815390712602937,602,150,761,912,0.16447368421052633,0.8226857130681452,0.423751503647208,0.8872431838228324,0.6232429472935895
-44.62256621286823,-39.94439983094267,26.819291184909527,599,167,750,912,0.18311403508771928,0.8130413458410457,0.41250844939427983,0.8785542690367575,0.6306267151742576
-35.2014587373827,-39.88359289384575,26.812527931316218,591,158,763,912,0.17324561403508773,0.8188279661773055,0.414341905906472,0.8798999952995731,0.632623991134383
-35.96362390433281,-39.833973033219,26.741480075179194,591,171,763,912,0.1875,0.8140057825637557,0.42302628732503145,0.8676717821277443,0.6275846599357462
-48.530161395555474,-39.94267538774821,26.714708415445592,663,130,753,912,0.1425438596491228,0.812076909118336,0.41670548586392964,0.8872488703583016,0.6283074287221851
-43.94650347797593,-39.992105364170776,26.788696424987634,605,159,753,912,0.17434210526315788,0.8207568396227253,0.4173999667601464,0.8738822199984347,0.6186772951725616
-38.25838645737266,-39.970962450673234,26.7898558284972,610,148,768,912,0.16228070175438597,0.8197924029000153,0.417316835029329,0.8931001293493258,0.6246074946412683
-33.87237863590018,-39.89748553724223,26.69580657168123,626,143,762,912,0.15679824561403508,0.8130413458410457,0.4214625676885125,0.8814327137927576,0.6309814524223528
-41.66391047541623,-39.91851440555383,26.613615510168735,608,152,756,912,0.16666666666666666,0.8226857130681452,0.4228601088780094,0.877976643121186,0.625149555975055
-32.490659237455134,-39.83112787416443,26.589734945493475,592,154,773,912,0.16885964912280702,0.8101480356729158,0.41864983327108607,0.8692254368786901,0.6193502031101036
-40.00494009440857,-39.833148946492855,26.53278171827415,628,149,770,912,0.16337719298245615,0.8217212763454352,0.41318415327456315,0.8949520671050574,0.6209985318670498
-33.07529446309558,-39.75547245817794,26.575712821846317,632,145,772,912,0.15899122807017543,0.8130413458410457,0.42208069314983165,0.8738734784204913,0.6343135299194869
-48.35825772473014,-39.853231381661494,26.52807707969774,586,177,759,912,0.19407894736842105,0.8178635294545955,0.41673712059108803,0.8739780114008773,0.6258903649353477
-47.427117683270744,-39.93833122774699,26.517287311712966,600,165,764,912,0.18092105263157895,0.8178635294545955,0.41956059893611664,0.8744924679463576,0.6288191109266424
-34.14926460711081,-39.87400826529548,26.46922586830095,608,154,763,912,0.16885964912280702,0.8149702192864656,0.41540640446549815,0.8801475567063247,0.6307522157346662
-40.96250588104826,-39.885969777556504,26.438704236832056,626,138,779,912,0.1513157894736842,0.8236501497908552,0.42653063283434756,0.8792350517368019,0.6234487115260489
-31.334355700332228,-39.79301745063015,26.394976224260077,607,150,780,912,0.16447368421052633,0.8168990927318855,0.41560718704550453,0.8932134744196177,0.6180041220410787
-44.722507202440134,-39.84602271677865,26.41537172082321,625,141,746,912,0.15460526315789475,0.8207568396227253,0.4073777696089544,0.8856627079860894,0.6215692370555652
-35.59025945954296,-39.80074863957402,26.381971783590117,619,150,773,912,0.16447368421052633,0.8197924029000153,0.4272343677599366,0.8884270234572328,0.615052774819073
-40.713685656430044,-39.810358502909345,26.414706369074764,633,153,777,912,0.16776315789473684,0.827507896681695,0.4110707685406875,0.8823471300430387,0.6247677298169623
-44.165998275629676,-39.85572975054183,26.45405065069515,612,155,775,912,0.1699561403508772,0.8120769091183357,0.4181033949832566,0.8856177663152383,0.6316528427654539
-36.06041828980945,-39.81660282826625,26.507965257520688,636,141,786,912,0.15460526315789475,0.8149702192864657,0.4221827877901165,0.8846393553845919,0.6260118954408885
-39.70229308539172,-39.81543640231855,26.596412322453258,613,169,772,912,0.18530701754385964,0.8140057825637557,0.4241905745514299,0.883092807175267,0.620357885839546
-32.91713631258178,-39.74575660343232,26.622627929343945,629,141,775,912,0.15460526315789475,0.8149702192864656,0.41096643805009336,0.8797181638120571,0.6309986420691721
-35.702690290548006,-39.70532594030348,26.63931922409682,610,140,776,912,0.15350877192982457,0.8130413458410457,0.4255939182120646,0.873909823215425,0.6133922083018731
-34.89073510982911,-39.71265539679126,26.663159426259625,623,143,765,912,0.15679824561403508,0.8217212763454352,0.41962021185071685,0.8798107845365557,0.6290406221936832
-38.53121531172727,-39.796988526011,26.66707952734103,604,153,759,912,0.16776315789473684,0.812076909118336,0.4127922234659152,0.8772736902797171,0.6315828769201682
-37.76536746038028,-39.803823743141926,26.777079527341034,620,147,760,912,0.1611842105263158,0.8140057825637557,0.41928381457921726,0.8859782302972955,0.625836099889021
-40.482813298587345,-39.75260282989213,26.667999628422436,625,142,757,912,0.15570175438596492,0.8255790232362751,0.42664653842570033,0.8885781957079248,0.6306836234041109
-46.15455525885426,-39.810091067986406,26.81107952734104,649,131,750,912,0.14364035087719298,0.8217212763454352,0.42433836555892746,0.88732683138565,0.6288384951466341
-33.866913705936476,-39.755875764601726,26.892079527341036,598,161,777,912,0.17653508771929824,0.8111124723956258,0.42017430396410277,0.8638353125726045,0.6420775441877474
-40.61430341757724,-39.8369121545585,26.882839830585244,609,155,765,912,0.1699561403508772,0.8159346560091756,0.41644713007751677,0.8841781998931459,0.6292905909481733
-45.22411712832564,-39.915636934653776,26.95568003274805,618,152,763,912,0.16666666666666666,0.8178635294545955,0.42227668910899496,0.8866199866568345,0.625698624527946
-38.60321035558411,-39.847244991290246,26.882680032748052,605,165,769,912,0.18092105263157895,0.8197924029000153,0.4069557594464734,0.8834808124756891,0.6326271224419615
-43.86061438255447,-39.85120109543133,26.868839830585244,632,148,769,912,0.16228070175438597,0.8217212763454352,0.4212789040686539,0.8902285714127101,0.6202152714353969
-42.16350138151937,-39.84293779816594,26.881999628422435,632,141,757,912,0.15460526315789475,0.8236501497908552,0.4210053604992189,0.8822282231145221,0.6320546888622625
-38.074013520068874,-39.87708774377496,26.825919729503838,581,169,769,912,0.18530701754385964,0.8149702192864656,0.4150265711840448,0.8732074865323854,0.6323271528399652
-41.51729231124589,-39.868263783422975,26.910759931666643,618,148,760,912,0.16228070175438597,0.8168990927318855,0.4135482609421268,0.8801661369702911,0.6368175873903043
-42.315639776988704,-39.88780688015566,26.949440335992264,599,168,765,912,0.18421052631578946,0.8207568396227253,0.4210118528219256,0.8912026485632051,0.6255462865666278
-40.478506395797375,-39.87827485844232,27.12052023491086,641,129,774,912,0.14144736842105263,0.8246145865135651,0.4211300875169634,0.8877793330248704,0.6270840806219091
-37.96605948298309,-39.90083136123516,27.162440335992265,638,130,772,912,0.1425438596491228,0.826543459958985,0.41800350267096603,0.8875667722534942,0.6180343846514119
-44.38278477000038,-39.9036832125772,27.129440335992268,636,135,770,912,0.14802631578947367,0.8178635294545955,0.423372698506282,0.890379721686667,0.6236277051841809
-36.1010109057334,-39.85863192728609,27.070759931666654,621,155,760,912,0.1699561403508772,0.8149702192864657,0.4153887024738055,0.869959833095821,0.630004395136163
-43.22832781450755,-39.92298046860511,27.127520234910858,591,172,752,912,0.18859649122807018,0.8168990927318855,0.41954309754558416,0.8622528266502293,0.6416257304489877
-41.89891022526516,-39.8819063325206,27.13452023491086,597,171,768,912,0.1875,0.8168990927318855,0.4128308811448835,0.8792454168702837,0.6153661117795098
-38.44177922674536,-39.90900802240606,27.17568003274805,618,162,777,912,0.17763157894736842,0.8149702192864656,0.42326199014775856,0.8767381044089149,0.6250810731273332
-36.096681058831564,-39.95809741700982,27.248440335992264,629,148,767,912,0.16228070175438597,0.8168990927318855,0.41744977006916095,0.88457829774944,0.6293853295046522
-47.3652095563145,-40.00260064640047,27.232280538155074,612,148,758,912,0.16228070175438597,0.826543459958985,0.42123285613332345,0.8857602836404914,0.6322269163866999
-42.00762703097537,-40.01593814621609,27.257440335992268,620,160,767,912,0.17543859649122806,0.8159346560091756,0.4192002631729277,0.8792331801808647,0.6289204588157514
-38.26249585794406,-39.99052796671217,27.265440335992263,588,172,757,912,0.18859649122807018,0.8130413458410457,0.4213968414534031,0.8617266404774669,0.6488519439453787
-50.27091638001214,-40.06140806821244,27.18060013382946,618,148,760,912,0.16228070175438597,0.8197924029000153,0.4187006994376524,0.8853138805795989,0.6336620929588124
-41.42283998631913,-40.081991054891844,27.21368003274806,634,144,753,912,0.15789473684210525,0.8197924029000155,0.4156393967257334,0.8892596436351643,0.6224597802113548
-46.65553005351454,-40.172607424498075,27.261759931666656,605,163,743,912,0.1787280701754386,0.8188279661773055,0.4279693493318507,0.8866304330897897,0.626988804689199
-39.81316446731995,-40.21240468126057,27.44452023491087,605,156,757,912,0.17105263157894737,0.8226857130681452,0.42149797933243754,0.8740670968452804,0.6275390036422697
-27.48813749430914,-39.93874187676673,27.377600133829464,627,140,784,912,0.15350877192982457,0.8082191622274961,0.41251221241222497,0.8933471304576747,0.6146658102758253
-33.75212353119584,-39.85685640121164,27.337360437073677,608,151,782,912,0.16557017543859648,0.8130413458410457,0.4176351354251471,0.8751190660132212,0.6333427701541653
-37.15825165320109,-39.74386506186791,27.23528053815508,606,159,764,912,0.17434210526315788,0.8197924029000153,0.42298442664352676,0.8805864579640562,0.6075367193620511
-42.51835244216123,-39.73958909159843,27.15836043707367,602,163,757,912,0.1787280701754386,0.8226857130681452,0.41966525199298244,0.8871640175647446,0.6281588004338486
-34.212747027316695,-39.70347180732633,27.094600133829463,604,150,778,912,0.16447368421052633,0.8101480356729158,0.41546302514617545,0.877634116533948,0.609710191743912
-32.80756684178729,-39.55169694127033,26.945440335992263,599,165,776,912,0.18092105263157895,0.8130413458410457,0.4216169798038819,0.8830598091529009,0.6276744329085333
-38.47756170017425,-39.59956719377749,26.906120740317874,610,154,759,912,0.16885964912280702,0.8265434599589848,0.42364071414865884,0.8874144538261741,0.6353285584150802
-45.228090618219596,-39.678187102873316,26.950040841399282,616,149,752,912,0.16337719298245615,0.8188279661773055,0.41478745807835704,0.8834469195108464,0.625732232058693
-38.04787970079879,-39.6442479168838,26.848200639236467,612,159,764,912,0.17434210526315788,0.8140057825637557,0.4232949616543814,0.8832041927427041,0.6232162925698043
-31.75398736437324,-39.5683540462391,26.946280538155065,617,156,767,912,0.17105263157894737,0.8130413458410457,0.4134242801839273,0.8726902202982152,0.6350377077418935
-43.4837235727248,-39.59182982346391,26.824200639236473,585,163,753,912,0.1787280701754386,0.8188279661773055,0.42180090281520716,0.8824568111888412,0.6277518794343816
-36.559397668061415,-39.57675912901713,26.62628053815506,608,159,773,912,0.17434210526315788,0.8178635294545955,0.4163200639885554,0.872281705755284,0.621536865622316
-50.22921495287489,-39.68152459712304,26.696440335992257,615,162,756,912,0.17763157894736842,0.8226857130681452,0.4258534736493348,0.8889170370453691,0.6274649233322346
-38.63300194837705,-39.693834886786696,26.546360437073655,595,166,758,912,0.18201754385964913,0.8197924029000153,0.42120019788000396,0.8845489090088067,0.630542250656654
-39.151312987263935,-39.69650574642072,26.645280538155067,602,145,759,912,0.15899122807017543,0.8294367701271147,0.41158494482357605,0.8894660275214652,0.6186570149118434
-36.05827355888267,-39.704573372413975,26.739280538155068,618,150,766,912,0.16447368421052633,0.8149702192864656,0.42890027212071064,0.8800657893177278,0.6191254461327081
-41.55912762307585,-39.743605249440456,26.788120740317876,622,153,771,912,0.16776315789473684,0.8217212763454352,0.41743744083337764,0.8894614679395838,0.6291351731124322
-39.393222590285035,-39.68855538562516,26.892200639236474,641,146,772,912,0.1600877192982456,0.8159346560091756,0.41327921787830457,0.8865805587795316,0.627815938134714
-41.05044792348079,-39.791389999256936,26.940040841399277,631,141,758,912,0.15460526315789475,0.8197924029000153,0.4194458403958154,0.8918407291809647,0.6259482926669612
-39.705211540096506,-39.80895959721508,26.843200639236475,598,165,776,912,0.18092105263157895,0.8188279661773055,0.42147781828663167,0.8885906571767439,0.6131357570136721
-39.10693397776563,-39.82477745428727,26.870120740317876,623,155,780,912,0.1699561403508772,0.812076909118336,0.42086472156416344,0.8811220626240558,0.6082670456658066
-40.35219777346996,-39.77080099330042,26.75436043707366,606,151,767,912,0.16557017543859648,0.8159346560091756,0.4156008220793164,0.8911022733798565,0.6142007399739059
-37.603362477302085,-39.768519429958786,26.676360437073658,583,168,756,912,0.18421052631578946,0.8255790232362751,0.4202227911391655,0.892522174052318,0.6177169440724977
-37.23883133748076,-39.71769410360043,26.637280538155068,619,151,762,912,0.16557017543859648,0.8159346560091757,0.4063658012258957,0.8815768414681832,0.6254724642797137
-33.95370707181849,-39.6397666356531,26.39612074031787,587,165,761,912,0.18092105263157895,0.8197924029000153,0.4224834946752975,0.8886289506583483,0.6115705213631393
-37.85491034505507,-39.57797557790885,26.336120740317874,607,163,768,912,0.1787280701754386,0.810148035672916,0.41555741397696394,0.8833852185544435,0.620361215378802
-43.5144469572865,-39.576122646717295,26.242881043562083,612,153,772,912,0.16776315789473684,0.8197924029000153,0.4220514969522302,0.8688799127536525,0.642274805109381
-32.98231229073764,-39.438447600591566,26.05980114464348,575,168,761,912,0.18421052631578946,0.8178635294545955,0.4200598891247346,0.8710005435795735,0.6172172581038523
-42.80880825581007,-39.4376947236112,25.967801144643477,619,148,771,912,0.16228070175438597,0.8236501497908552,0.41855019782804603,0.8890301328589402,0.6239459072188909
-47.31591057239884,-39.467509571237485,26.03396094248067,642,138,755,912,0.1513157894736842,0.8246145865135651,0.41086419467577595,0.8942083501956678,0.6286548945797653
-41.024160710296194,-39.56781220025994,26.079120740317865,600,156,760,912,0.17105263157894737,0.8217212763454352,0.41976540119178,0.8854681310563914,0.6243795303884248
-43.50730532776467,-39.568164805117114,26.131360437073653,596,164,764,912,0.17982456140350878,0.8140057825637558,0.41614852871914926,0.8788530000954163,0.6378040626250912
-36.710185023698095,-39.590103739068574,26.068120740317863,641,134,765,912,0.14692982456140352,0.8246145865135651,0.4169494156226116,0.8893575328217715,0.6246607139556412
-36.44412339875263,-39.56430038361622,26.209881043562078,624,140,769,912,0.15350877192982457,0.8159346560091756,0.41377174813109574,0.8869944188757825,0.6220127556945124
-42.701268434450675,-39.55007135202877,26.259960942480674,593,162,766,912,0.17763157894736842,0.8197924029000153,0.4211945680899938,0.872183199470067,0.6291973372495075
-34.989464593384035,-39.44539400136193,26.24772124572489,640,129,769,912,0.14144736842105263,0.8159346560091756,0.41400531746283237,0.8845436472389653,0.6279531863057214
-37.90711792863725,-39.43343000795997,26.14264134680629,605,167,761,912,0.18311403508771928,0.8111124723956258,0.41788943981090415,0.8624074777402188,0.6202587540794436
-42.37948658822429,-39.42547014203627,26.18988104356208,626,145,772,912,0.15899122807017543,0.8178635294545955,0.4182704612239518,0.8842884128923364,0.6291740378573304
-30.62665402144313,-39.33145881901844,26.183801144643486,595,158,772,912,0.17324561403508773,0.8149702192864656,0.41709652246889833,0.8834446883563712,0.6215200706013394
-37.511578348225164,-39.408013151667724,26.15188104356208,615,152,774,912,0.16666666666666666,0.8091835989502061,0.4189178812479179,0.8803394367816951,0.6243373260362891
-36.48865982403509,-39.35744288313243,26.215881043562085,635,144,760,912,0.15789473684210525,0.8130413458410457,0.4235507138921318,0.8823978322826335,0.6347103528684537
-34.549582218141985,-39.277145100635046,26.212881043562085,608,152,781,912,0.16666666666666666,0.8130413458410459,0.41983086585120855,0.8749084243785058,0.6263451329273138
-40.180526713757,-39.333124748305906,26.25396094248068,594,167,762,912,0.18311403508771928,0.8226857130681452,0.4192506601095631,0.8827320346193176,0.6267871368197554
-45.77705179198893,-39.43603757896342,26.164040841399274,593,173,764,912,0.18969298245614036,0.8159346560091756,0.4123826838215314,0.8868160704359251,0.623384678587732
-43.47017149089191,-39.49366100635395,26.15712074031787,614,161,758,912,0.17653508771929824,0.8197924029000153,0.416729232198521,0.8814883604523466,0.6220424669696517
-44.83635150598067,-39.584988166947085,26.120120740317866,591,169,763,912,0.18530701754385964,0.8168990927318855,0.4126781817827539,0.8828427322835956,0.6166357980379426
-40.488847250848835,-39.574840978603774,26.157280538155064,601,163,768,912,0.1787280701754386,0.8149702192864656,0.4175543573959584,0.8791608327262083,0.619377085916434
-31.109816576876604,-39.43971348224386,26.19188104356208,623,140,767,912,0.15350877192982457,0.8159346560091756,0.4127779088928043,0.8870869276482528,0.627603379013999
-41.74484181459116,-39.505147313015954,26.157881043562078,598,152,755,912,0.16666666666666666,0.8130413458410457,0.41652601618639246,0.8802769854215207,0.6346932080443825
-52.54427522876639,-39.67095382626028,26.168960942480677,601,153,765,912,0.16776315789473684,0.8140057825637557,0.4165152350465968,0.888607918166015,0.6233307091392049
-38.60266137755257,-39.57167882608026,26.151801144643482,628,152,766,912,0.16666666666666666,0.8197924029000153,0.4214610711928955,0.8850480142225603,0.6293779866099037
-41.40997115782892,-39.54631350287878,26.15172124572489,635,148,772,912,0.16228070175438597,0.8217212763454352,0.4130301658539629,0.8861212804958817,0.6303288640198117
-37.1372749215879,-39.535102387520936,26.16164134680629,602,165,778,912,0.18092105263157895,0.811112472395626,0.4206240172466831,0.8863077307529234,0.6330436009600763
-34.565542374017284,-39.54203402490211,26.283561447887696,606,145,761,912,0.15899122807017543,0.8188279661773055,0.4258938399540301,0.8766367961661045,0.6251735273727331
-34.31151024264545,-39.4685100225744,26.332481548969096,596,160,785,912,0.17543859649122806,0.8130413458410457,0.4249143943933878,0.8747799636980375,0.6275876708231126
-43.76810217684908,-39.58128445196834,26.309241852213304,596,164,766,912,0.17982456140350878,0.8217212763454352,0.4228227118193492,0.8886239226347974,0.6294793056448544
-33.585794443842026,-39.517092995462676,26.402161953294712,635,129,773,912,0.14144736842105263,0.8149702192864656,0.4156020695278197,0.8882124300386027,0.6327226928052212
-41.341091541262365,-39.59975096624434,26.3443217511319,597,173,754,912,0.18969298245614036,0.8217212763454352,0.42794105491404916,0.8815078499892969,0.6206175899924551
-35.44535445061627,-39.4706219335032,26.419321751131903,613,153,768,912,0.16776315789473684,0.8140057825637558,0.42361217138229357,0.8932163469285571,0.6234161535866731
-38.13753332308649,-39.37772608990136,26.430401650050502,594,164,755,912,0.17982456140350878,0.8140057825637557,0.41432478684162105,0.8862531560856688,0.626017947569243
-53.938340471578286,-39.57561684854604,26.501641346806295,615,154,763,912,0.16885964912280702,0.8197924029000153,0.42198568036199996,0.883497621627654,0.6259928928336672
-32.625253373214186,-39.492244323467695,26.547881043562082,616,144,764,912,0.15789473684210525,0.8149702192864656,0.4112209561194673,0.8783338344919059,0.6290193899492244
-35.360865707780704,-39.53250942354218,26.597641346806295,646,134,765,912,0.14692982456140352,0.8149702192864656,0.4113930391472995,0.8865101400587595,0.6249152174544825
-46.05551735232533,-39.545839525041025,26.615481548969104,598,166,753,912,0.18201754385964913,0.8226857130681452,0.41837195990867626,0.8808599823808548,0.6273430719916587
-39.678989147282515,-39.586726821918425,26.75032175113192,623,141,774,912,0.15460526315789475,0.8197924029000153,0.428937564893114,0.8824183280001795,0.6278445568873526
-33.012584187259655,-39.50971580722672,26.732161953294725,620,147,770,912,0.1611842105263158,0.8197924029000153,0.4144062487615455,0.8948957860335609,0.6234473473006482
-47.098362755467925,-39.5390394520251,26.687922256538936,613,156,763,912,0.17105263157894737,0.8246145865135651,0.41952026471795206,0.8799817517113068,0.632210120867109
-43.08535178228888,-39.6092887869499,26.673002155457528,611,156,763,912,0.17105263157894737,0.827507896681695,0.4143822004881477,0.8898179794329572,0.6276750762443998
-43.28107656566096,-39.64507662175259,26.649082054376123,630,144,760,912,0.15789473684210525,0.8159346560091756,0.429656803214109,0.8883413822163408,0.6207176036571846
-35.01711062299609,-39.66607636485673,26.651842357620335,622,148,762,912,0.16228070175438597,0.8140057825637557,0.420844887932958,0.8878585959361031,0.6136301029854033
-43.376404321285875,-39.742813505164115,26.605922256538932,595,158,760,912,0.17324561403508773,0.8149702192864656,0.41198013354384044,0.8765488991845464,0.6357423467581154
-40.42114165426994,-39.79811757060852,26.64208205437613,615,144,769,912,0.15789473684210525,0.8149702192864656,0.421093274866979,0.8832787417575431,0.6345834076254261
-40.26261512643133,-39.81543156875556,26.667082054376127,623,135,769,912,0.14802631578947367,0.8246145865135651,0.4144449934327144,0.8858634060101521,0.6183860906427338
-43.226513865727334,-39.87004303280903,26.58400215545753,626,145,749,912,0.15899122807017543,0.8178635294545955,0.41979480751515047,0.8783117798317991,0.627681987149283
-39.46403861077782,-39.859855285930934,26.54416195329472,571,178,774,912,0.19517543859649122,0.8178635294545955,0.40679660652125654,0.8837812119162402,0.6004227933859391
-44.71571973198693,-39.84546693066226,26.42916195329471,596,171,760,912,0.1875,0.8111124723956258,0.414360557497223,0.8801511069303066,0.6268883247986187
-35.57687808060947,-39.86256657440899,26.300082054376112,586,169,767,912,0.18530701754385964,0.8130413458410459,0.42167329180140944,0.8854679537565658,0.6242170870391036
-38.36457971989861,-39.840069337432205,26.342161953294706,628,157,755,912,0.17214912280701755,0.8188279661773055,0.4204069809748925,0.887110560403229,0.6223931079147441
-47.83725264447473,-39.8662006925937,26.345082054376117,621,154,747,912,0.16885964912280702,0.8275078966816948,0.4191345359330864,0.8919169461206012,0.6213682925646941
-37.374407683455075,-39.8539126658724,26.36792225653892,630,135,772,912,0.14802631578947367,0.8197924029000153,0.42320585900921914,0.8650933584051469,0.6313760710800445
-36.89777408002315,-39.784284262847095,26.271922256538925,615,154,772,912,0.16885964912280702,0.8207568396227253,0.423128994620394,0.8868025162005471,0.626372603920209
-39.80283161099151,-39.76067756514182,26.184082054376116,572,180,768,912,0.19736842105263158,0.8120769091183357,0.4136344823022828,0.8712866490475113,0.6298922892492341
-34.60683284813128,-39.726005758422446,26.13216195329471,602,154,770,912,0.16885964912280702,0.8111124723956258,0.415116006498265,0.8802161967582762,0.6274088986513345
-36.13458859460351,-39.67217872125602,26.116161953294707,612,153,768,912,0.16776315789473684,0.8188279661773055,0.4167518611030323,0.8880233127728551,0.6198352989752487
-38.86308151907174,-39.63765313867685,26.196161953294713,630,147,761,912,0.1611842105263158,0.8207568396227253,0.4118597312843281,0.8819859516319446,0.6224179204431866
-36.40601230081536,-39.59692819772703,26.114082054376116,618,158,775,912,0.17324561403508773,0.8178635294545955,0.41557562404053283,0.8757702321136085,0.6446453325158777
-34.806147249736355,-39.56532907539456,25.963161953294712,590,166,761,912,0.18201754385964913,0.8111124723956258,0.4179427771386691,0.8870019648738738,0.6196688777939762
-42.2714896607539,-39.544216124302096,25.880241852213306,625,145,761,912,0.15899122807017543,0.8159346560091756,0.42043618363456514,0.8822796314393706,0.6363745752961956
-45.666540093655435,-39.639871416181315,25.833922256538916,582,173,756,912,0.18969298245614036,0.8188279661773055,0.4148286116641828,0.8840869490714024,0.62826593928741
-35.738478819016024,-39.5649729262264,25.71700215545751,614,142,769,912,0.15570175438596492,0.8226857130681452,0.4180023048956479,0.8798141449414479,0.6251196604619592
-39.29371567503626,-39.53892098072411,25.711082054376103,599,163,768,912,0.1787280701754386,0.8188279661773055,0.4215336317430271,0.8857786648002027,0.6211461336682339
-41.625276767449186,-39.570755956131144,25.750922256538914,640,152,763,912,0.16666666666666666,0.8159346560091756,0.4165319052919308,0.8813402300234067,0.6312674314909481
-46.173958200782955,-39.671528727550665,25.66408205437611,619,143,766,912,0.15679824561403508,0.826543459958985,0.41711536038445846,0.8869441667722016,0.6233336037016942
-41.593637589185875,-39.61381300787938,25.695241852213307,575,173,768,912,0.18969298245614036,0.8130413458410459,0.42137997293125373,0.872734893843324,0.624636267402246
-36.2314834191509,-39.55605157176114,25.68524185221331,626,137,778,912,0.15021929824561403,0.8178635294545955,0.4176445896481218,0.8692386606217268,0.6407946235229708
-40.74921400520113,-39.58091875323371,25.73724185221331,629,156,764,912,0.17105263157894737,0.8178635294545955,0.4221204878132406,0.8885518461851926,0.621524885070776
-46.10071213292047,-39.53921671076279,25.777161953294712,596,165,750,912,0.18092105263157895,0.8236501497908552,0.41362651470581885,0.8831744264985012,0.6239924259791608
-30.211214246437425,-39.42710045336397,25.76308205437611,625,151,778,912,0.16557017543859648,0.8159346560091757,0.4132865837942485,0.8853149405227959,0.6156809744011256
-48.78334135233991,-39.44837856635222,25.758922256538924,617,146,757,912,0.1600877192982456,0.8236501497908552,0.4184901816101879,0.8806456785700184,0.6308555065155601
-32.025740565692836,-39.37050432733595,25.69608205437611,627,150,763,912,0.16447368421052633,0.8130413458410457,0.4208126016467903,0.8841471557386796,0.6291580904035524
-34.48079129626837,-39.440430865355545,25.644241852213305,623,144,769,912,0.15789473684210525,0.8149702192864656,0.42126919640921817,0.8785149592705409,0.6308766633796122
-38.750948322721506,-39.4904191132708,25.5774016500505,619,153,771,912,0.16776315789473684,0.812076909118336,0.41710772489124626,0.8828318456357249,0.6310313259930614
-47.72164660283935,-39.59605306276718,25.65708205437611,615,159,754,912,0.17434210526315788,0.8255790232362751,0.4157273186843185,0.8858213987417732,0.6235648173375815
-47.57302094952382,-39.6465997478408,25.74092225653892,620,143,742,912,0.15679824561403508,0.8217212763454352,0.4243750316728208,0.87947838802805,0.6342368120496761
-43.810434390104746,-39.74257662146868,25.76568255978313,590,170,775,912,0.18640350877192982,0.8149702192864656,0.4199294017968425,0.8981221865863606,0.6206038746183844
-38.013253929115145,-39.794633492341966,25.762682559783133,632,139,760,912,0.1524122807017544,0.8140057825637557,0.41606293786954174,0.8925896875889409,0.6270112290521973
-55.61932168895801,-39.9660510922298,25.874842357620327,592,155,755,912,0.1699561403508772,0.826543459958985,0.42082665527404234,0.87764303119446,0.6065967517492927
-35.245505129465656,-39.86622523734226,25.878922256538928,627,155,764,912,0.1699561403508772,0.8140057825637557,0.41017777702248953,0.8830665736799839,0.6234510923528195
-42.74966561906819,-39.91324309652496,25.966682559783134,612,164,749,912,0.17982456140350878,0.8111124723956258,0.4227547809885525,0.8861306528187706,0.6193887003369493
-41.665688945067394,-40.0123601123319,25.982682559783132,609,162,763,912,0.17763157894736842,0.8149702192864656,0.42059233147429553,0.8765407436443969,0.6416523588763817
-33.089336101288104,-39.90841623761754,26.042762458701727,636,137,770,912,0.15021929824561403,0.8255790232362751,0.4139316445419092,0.8734677545940833,0.632459102167135
-41.15291813545151,-39.95435144229144,26.14676245870173,611,154,772,912,0.16885964912280702,0.8178635294545955,0.41761445389642804,0.8756570067412687,0.6364100783692196
-34.064923318679654,-39.792708525949486,26.05376245870173,603,158,781,912,0.17324561403508773,0.812076909118336,0.41698885249754386,0.8859162562871133,0.6279565311617288
-36.24657189980373,-39.76884422546375,26.03492225653892,620,151,767,912,0.16557017543859648,0.8159346560091756,0.41705526694035566,0.8823739102259407,0.626067320886761
-41.80365388762355,-39.79536763446735,25.937842357620326,605,156,763,912,0.17105263157894737,0.8226857130681452,0.4206966435000742,0.8837389105711088,0.6175050317685886
-41.22023432163009,-39.84698724209482,25.85292225653893,610,159,754,912,0.17434210526315788,0.8130413458410457,0.4138246108438906,0.8772713211764033,0.6304722997068815
-38.81458831338766,-39.819541848997936,25.87076245870173,610,156,754,912,0.17105263157894737,0.8207568396227253,0.4260808315176702,0.8888124851093346,0.6237895180077307
-48.66918145302119,-39.912301437625295,25.80376245870173,624,153,752,912,0.16776315789473684,0.8246145865135651,0.4147669185939405,0.8790672576585528,0.6277785612726365
-39.96503445728277,-39.90144730296332,25.768002155457513,613,157,778,912,0.17214912280701755,0.8188279661773055,0.4199648168196875,0.878188854089387,0.63289003156906
-44.1466787077163,-39.94586197463951,25.869842357620318,607,155,758,912,0.1699561403508772,0.8168990927318855,0.4203202510486565,0.8833175711234165,0.6211893143934212
-32.188041966109594,-39.87667305452296,25.89460266086453,653,145,784,912,0.15899122807017543,0.8149702192864656,0.4126796822282202,0.8887198956950669,0.6215906889138488
-38.521284651426576,-39.85836392330252,25.775442863027337,595,172,771,912,0.18859649122807018,0.814005782563756,0.422422515627666,0.8866486688887729,0.6072434971720096
-41.272574507575584,-39.89505604360525,25.765682559783126,608,144,767,912,0.15789473684210525,0.8217212763454352,0.41313989935392464,0.8853788617091124,0.6243994292479146
-35.3602483420876,-39.876270213651324,25.838762458701726,635,148,779,912,0.16228070175438597,0.8140057825637557,0.41650193967942273,0.8806357972991017,0.6212687972825143
-42.81805805035469,-39.96491372343669,26.055522761945937,595,168,768,912,0.18421052631578946,0.8149702192864656,0.4214061425234987,0.8797612711335351,0.6296130135673715
-25.695092553590584,-39.84331554552204,25.90260266086453,591,161,774,912,0.17653508771929824,0.8082191622274961,0.41440469865282814,0.8762670330782792,0.6133329665636036
-38.02699775682021,-39.78844105351738,25.811522761945934,602,168,761,912,0.18421052631578946,0.8178635294545955,0.4182732780318506,0.875345971832767,0.6248906444187612
-43.00450376384913,-39.88866296824849,25.98036296410874,620,160,753,912,0.17543859649122806,0.8188279661773055,0.41701307368341295,0.8893100054602607,0.6213758875004777
-43.226403739919974,-39.89283892308959,25.940283065190147,606,155,760,912,0.1699561403508772,0.8226857130681452,0.41243663904134376,0.8903540339467448,0.6263997074820632
-34.256177804166754,-39.762241595407275,25.888043368434356,634,135,775,912,0.14802631578947367,0.8188279661773055,0.41494259405247697,0.8893892451100767,0.6218429755767333
-43.030705458179376,-39.7823070428861,25.959883570597167,636,140,760,912,0.15350877192982457,0.8207568396227253,0.4253354229333694,0.8862848663850403,0.6305842626999941
-38.649055097527835,-39.73372454058374,25.86488357059716,610,164,779,912,0.17982456140350878,0.8149702192864656,0.42356234732732595,0.8795504093739431,0.6176988385435279
-37.66628832430264,-39.74328557358978,25.97296346951576,640,140,758,912,0.15350877192982457,0.8168990927318855,0.41408059571403155,0.8865916370534496,0.6285984359456472
-39.70777798497993,-39.775922119452055,25.93088357059717,615,158,769,912,0.17324561403508773,0.8207568396227253,0.4215219051544408,0.8828078771609417,0.6299595138277326
-25.21849283617096,-39.60109436346926,25.79104336843436,616,149,781,912,0.16337719298245615,0.8111124723956258,0.41522276020550686,0.8887583687565176,0.6255763201811938
-35.03748330432619,-39.60157455057868,25.777203166271548,648,141,787,912,0.15460526315789475,0.8159346560091756,0.42131506700511795,0.8908737475815319,0.6248330398461487
-37.79891993027519,-39.60049257059506,25.889123267352954,619,159,782,912,0.17434210526315788,0.8149702192864656,0.4163933046815869,0.8798060682800769,0.6408926474180698
-37.951719340796984,-39.556214898120786,25.946803671678563,635,146,766,912,0.1600877192982456,0.8130413458410457,0.41531372668507155,0.890425277828815,0.6182500600810681
-42.45427164950142,-39.67449107440137,26.074883570597162,605,161,760,912,0.17653508771929824,0.8178635294545955,0.42426092587137193,0.8862439621137709,0.6152215579341808
-42.318192176448726,-39.7225572126836,25.988963469515756,588,172,754,912,0.18859649122807018,0.8188279661773055,0.41611031564062106,0.8844357728170414,0.6204882468284093
-39.08737080107282,-39.74854432245398,25.97796346951576,619,155,761,912,0.1699561403508772,0.8207568396227253,0.413565667020869,0.8893144522769151,0.6228181120033566
-48.6137415451041,-39.8891859157236,25.94204336843435,618,153,764,912,0.16776315789473684,0.8188279661773055,0.41715968708621337,0.8894846300939555,0.6252129305349197
-29.8015622492674,-39.7853962710787,25.828803671678564,611,160,761,912,0.17543859649122806,0.8168990927318855,0.4206259623693867,0.8741476278294168,0.6372218781013961
-38.5312050671145,-39.712937803829966,25.90272377275997,607,150,759,912,0.16447368421052633,0.811112472395626,0.426180247722259,0.8842918066627595,0.6267895617177702
-44.04662298079886,-39.71870231872904,25.91772377275997,592,171,772,912,0.1875,0.8111124723956258,0.4157934974648418,0.8858050259138643,0.6203232269808782
-45.23173370895605,-39.722656140758794,25.973803671678567,613,155,754,912,0.1699561403508772,0.8217212763454352,0.41404035106888065,0.8800414482592203,0.62799785788385
-37.115616777001634,-39.688923836020315,25.94512326735295,628,148,761,912,0.16228070175438597,0.8197924029000153,0.41453015859297154,0.8780066159777827,0.6286343490359184
-39.242414495489705,-39.770249815206455,25.840283065190146,601,151,766,912,0.16557017543859648,0.8217212763454352,0.4211340281571459,0.8653160922693662,0.6259697094184755
-42.55193447544058,-39.778320741814944,25.97420316627155,612,154,762,912,0.16885964912280702,0.8197924029000153,0.41647278112261477,0.8807318189101139,0.6269393324637625
-39.673662523417775,-39.64961461476146,26.050123267352955,614,156,748,912,0.17105263157894737,0.8159346560091756,0.41232390290823756,0.884171263520842,0.6261734885670441
-38.57962664969389,-39.64938426748288,26.130283065190152,631,149,770,912,0.16337719298245615,0.8149702192864657,0.4167878854974982,0.8892114496285969,0.6261397782661536
-48.16864232333651,-39.71697097913795,26.096203166271554,599,164,754,912,0.17982456140350878,0.8188279661773055,0.42408048958708466,0.886166474228027,0.6301836284667767
-33.05187783508627,-39.67611700827293,26.152203166271548,628,146,772,912,0.1600877192982456,0.8178635294545955,0.4181106089302572,0.8842359204626798,0.6265159747724088
-43.7394756800931,-39.76785634133368,26.05712326735295,602,167,775,912,0.18311403508771928,0.8197924029000153,0.4247042577595444,0.8893675385887917,0.619298482684152
-54.82794873798394,-39.973020726287075,26.163203166271554,605,166,743,912,0.18201754385964913,0.8188279661773055,0.4159289539512139,0.8805567655753577,0.6288048467822794
-32.61147118051315,-39.86145441632371,26.111602660864534,597,164,770,912,0.17982456140350878,0.8149702192864656,0.4168409302854284,0.8714397891001376,0.629791800660644
-47.69373863497739,-40.00253385823507,26.024602660864534,601,158,768,912,0.17324561403508773,0.8207568396227253,0.4172190747651146,0.8824976323153395,0.6347545106735878
-41.61897315388673,-40.005312674361306,25.992522761945935,598,158,761,912,0.17324561403508773,0.8188279661773055,0.4198675012496493,0.8848761043267896,0.6215356559486386
-48.24902407316267,-40.133349370586764,26.00476245870172,623,155,761,912,0.1699561403508772,0.8178635294545955,0.414714105459388,0.865957216389747,0.6306411839616363
-43.33930747764852,-40.18536711213239,25.975082054376106,609,167,777,912,0.18311403508771928,0.8149702192864656,0.42336928174491273,0.8839859921283707,0.6249962583084402
-35.60713901224887,-40.0020550975391,25.94384235762032,610,143,771,912,0.15679824561403508,0.8159346560091756,0.41969670619714866,0.8785333551154788,0.6250861095307761
-44.70102400000661,-40.12281280380702,26.00152276194593,631,145,776,912,0.15899122807017543,0.8140057825637557,0.41388266600340173,0.8888858096964514,0.6303200712290601
-39.19495254441869,-40.161153672173405,26.05536296410874,608,153,749,912,0.16776315789473684,0.8236501497908552,0.4210009388979308,0.8768228452413839,0.6338153290063996
-40.12009032427625,-40.10179940189292,26.106522761945936,609,156,763,912,0.17105263157894737,0.8168990927318855,0.41648159185553874,0.873688258082063,0.6303728437962758
-37.54224187310103,-40.080431929151096,25.97176245870172,606,151,763,912,0.16557017543859648,0.8188279661773055,0.4198747293913257,0.8852841806477593,0.6239943141399702
-40.02989417691755,-40.150605029047675,25.957002155457513,609,144,773,912,0.15789473684210525,0.8217212763454352,0.41957749529676797,0.8849688130555481,0.6306174469824782
-47.33975843234647,-40.15301898581646,25.973161953294706,565,181,761,912,0.19846491228070176,0.8197924029000153,0.4214183378499406,0.872710288075729,0.615752709999687
-39.92053101884575,-40.12137077818203,26.02016195329471,623,155,763,912,0.1699561403508772,0.8168990927318855,0.41958128326060673,0.8772524832787596,0.6259418154343641
-40.46045454939578,-40.093164558019375,25.9764016500505,597,171,758,912,0.1875,0.8140057825637557,0.4131795602699001,0.8912233151857826,0.6140347999637842
-39.02111642309351,-40.13320461602036,25.98272124572489,605,167,765,912,0.18311403508771928,0.8168990927318855,0.42186850444400614,0.8771371165161751,0.634883730277434
-37.62463740344814,-40.07568694684198,25.878721245724886,611,150,756,912,0.16447368421052633,0.8111124723956258,0.41296300089565946,0.8672370816160817,0.6326817759929997
-28.202981831297198,-39.95350534861225,25.728561447887696,590,170,780,912,0.18640350877192982,0.8226857130681452,0.4213457551034592,0.8822502187402516,0.6106168636249114
-34.693963607619764,-39.89781883342413,25.7164815489691,609,152,769,912,0.16666666666666666,0.8140057825637557,0.4249006325901694,0.8917885126582412,0.6265953562925269
-40.764050372642764,-39.87319419849329,25.724561447887694,622,144,779,912,0.15789473684210525,0.8101480356729158,0.41604092608947324,0.8960676960527212,0.6239544981664461
-41.03889886759516,-39.88894280106146,25.830721245724888,609,151,769,912,0.16557017543859648,0.8197924029000153,0.4197432124431905,0.8803964671161069,0.6272539692223775
-42.36991951571191,-39.86548479889871,25.865641346806292,631,154,766,912,0.16885964912280702,0.8207568396227253,0.42097710619254713,0.8836006118325529,0.6251031465574509
-38.317430673308046,-39.89289032482569,25.9084815489691,603,150,771,912,0.16447368421052633,0.8168990927318855,0.4249447941513077,0.8703531578869393,0.6206855137324893
-42.02193816565342,-39.92946390928324,25.811481548969095,635,141,766,912,0.15460526315789475,0.8217212763454352,0.4232763251018131,0.8847026689980919,0.6311793059786582
-33.26320517672909,-39.78372343460579,25.77872124572488,619,157,762,912,0.17214912280701755,0.8091835989502061,0.42551686226671204,0.8833003984594843,0.628868191027996
-52.34904411664744,-39.933469798937715,25.78380114464348,613,156,754,912,0.17105263157894737,0.8149702192864656,0.41419099505004475,0.8857558347371767,0.6278307751272928
-41.02372080164764,-39.97472926615396,25.89380114464348,611,153,766,912,0.16776315789473684,0.812076909118336,0.41692464133568424,0.8762832645833791,0.6246894074918868
-31.968632849994556,-39.89638727854399,25.936721245724883,598,157,772,912,0.17214912280701755,0.8178635294545955,0.42221495879103127,0.8914357242397338,0.6201687652820987
-40.51029117808999,-39.955421861843575,26.041641346806287,620,142,758,912,0.15570175438596492,0.8111124723956258,0.41820592149727204,0.8840563156120028,0.6255254425501057
-43.490116211577686,-40.02897713801332,26.064721245724886,622,145,765,912,0.15899122807017543,0.8178635294545956,0.4215296647036133,0.8721274459359906,0.6309548732810925
-45.6894219242033,-40.097240542064625,25.962721245724882,612,172,750,912,0.18859649122807018,0.8188279661773055,0.41775032099365306,0.8914840158440239,0.6252015837526957
-39.90173129609423,-40.13219773201742,25.85980114464348,613,147,759,912,0.1611842105263158,0.8188279661773055,0.41402107676785266,0.8843574584139638,0.629507897916195
-41.19740774331602,-40.19611033695321,25.98056144788769,603,150,759,912,0.16447368421052633,0.8140057825637557,0.4158722347200154,0.8850362126624373,0.6312931276381576
-47.783269972934164,-40.25122814007502,26.086721245724885,603,161,768,912,0.17653508771929824,0.8159346560091756,0.40908886377284187,0.8831250999954118,0.6268927818532997
-45.26791402222314,-40.24724187936069,26.177801144643485,631,143,770,912,0.15679824561403508,0.8120769091183357,0.4112922517372714,0.8949468887074445,0.6218130110617767
-35.971824271062744,-40.24957533388117,26.251881043562076,609,153,762,912,0.16776315789473684,0.8149702192864656,0.41525711336006926,0.8820348298753101,0.6337419070520267
-35.993298794807515,-40.216571165078875,26.180120740317864,609,157,772,912,0.17214912280701755,0.809183598950206,0.42250452862021226,0.8764403895662273,0.6214389827495855
-43.35484504087637,-40.23386684781314,26.154960942480674,616,157,762,912,0.17214912280701755,0.8236501497908552,0.4241619721603985,0.8876838294475942,0.6299528769912571
-36.9810320758436,-40.14193758656375,26.239120740317873,622,147,760,912,0.1611842105263158,0.827507896681695,0.41711732549941377,0.8876411211044414,0.626617800382071
-36.834125152271966,-40.09434246219462,26.19028053815506,595,160,771,912,0.17543859649122806,0.8178635294545956,0.4200990264996543,0.8726448722190744,0.6212650627577307
-44.18812847911048,-40.17390891279421,26.167040841399274,613,160,757,912,0.17543859649122806,0.8207568396227253,0.4172973338712688,0.8803911258267011,0.6293343540046535
-35.588107599177356,-40.12229784873398,26.166960942480678,613,144,780,912,0.15789473684210525,0.8168990927318857,0.4175033932374583,0.8793096822574321,0.6253937846478604
-30.900211189816943,-39.97029283930294,26.085881043562082,610,158,777,912,0.17324561403508773,0.811112472395626,0.42152647714722696,0.8792011426014948,0.6311534132215917
-37.679978903346964,-40.04498048587204,25.931040841399277,595,162,762,912,0.17763157894736842,0.8130413458410457,0.41594993982220585,0.8867897332827326,0.6137094882267741
-38.60561328287345,-39.943203205177376,25.93596094248068,652,133,777,912,0.14583333333333334,0.8217212763454352,0.4214036440035852,0.896727848438661,0.6264655084149483
-39.11971302194089,-40.01414292973985,25.944040841399268,642,139,764,912,0.1524122807017544,0.812076909118336,0.4117538281846787,0.897265368323748,0.624026461802126
-43.83693062308949,-40.10770432300806,25.944801144643478,620,154,772,912,0.16885964912280702,0.8159346560091756,0.4110086336455469,0.8711808255741943,0.6316374793468867
-36.91561916167491,-40.08935103139759,25.90680114464348,608,152,763,912,0.16666666666666666,0.8149702192864656,0.42074290940718906,0.8779689758704029,0.6245599570774999
-35.998294847552515,-39.97211751384472,25.920881043562076,594,169,772,912,0.18530701754385964,0.8130413458410457,0.4224858291117777,0.873340537954689,0.6324318553234259
-32.8846615885618,-39.82523392023511,25.835120740317866,613,146,778,912,0.1600877192982456,0.8120769091183357,0.4134659651050903,0.8836050191592862,0.6218349395695545
-41.22113918781742,-39.799340968212235,25.81204084139927,635,141,764,912,0.15460526315789475,0.8159346560091756,0.41839068925807776,0.888469438128653,0.6304995475945748
-34.61928774090799,-39.76540130633016,25.840960942480674,607,148,783,912,0.16228070175438597,0.8159346560091756,0.4164367736529579,0.8779190024031284,0.6341302684722158
-37.40634972307155,-39.583271586671295,25.754960942480672,602,158,751,912,0.17324561403508773,0.8159346560091756,0.4154859614754456,0.8776961808055878,0.6204016645706321
-39.84879164313065,-39.62930445180794,25.68680114464348,601,158,770,912,0.17324561403508773,0.8226857130681452,0.4206444472345499,0.8897652567239303,0.6244044491148423
-49.19675433821179,-39.69377533899937,25.627801144643477,612,150,761,912,0.16447368421052633,0.8188279661773055,0.4168386020522839,0.8702051678268888,0.6366543678805008
-37.329890821397704,-39.650417357762684,25.60088104356207,623,133,777,912,0.14583333333333334,0.8130413458410457,0.4125073759378683,0.8866887868958768,0.6325993126037454
-45.98802175481437,-39.77940421429794,25.609801144643473,645,125,765,912,0.13706140350877194,0.8226857130681452,0.4144986853289259,0.8854640964845412,0.6227819012384541
-44.338785095368095,-39.811262883897115,25.705721245724877,581,168,755,912,0.18421052631578946,0.8188279661773055,0.4199329493170732,0.8723052570546154,0.6304037022981943
-31.70065208827262,-39.78762017159305,25.699881043562073,623,140,778,912,0.15350877192982457,0.8140057825637557,0.4155930745228962,0.8867647481778889,0.6294900924578425
-44.377435948804866,-39.868928812083055,25.666721245724876,609,163,758,912,0.1787280701754386,0.8217212763454352,0.42132897300562344,0.8776265477355993,0.6237347529290649
-31.583244273015477,-39.766724715936974,25.674801144643475,600,156,772,912,0.17105263157894737,0.8120769091183357,0.4211496630737032,0.8821064877815784,0.6312383186749652
-42.817812168567244,-39.78270049440634,25.651561447887683,623,150,765,912,0.16447368421052633,0.8178635294545956,0.41034648877311747,0.8722358846841806,0.6317595520573226
-45.726917347547186,-39.85182378474794,25.583801144643477,603,165,745,912,0.18092105263157895,0.8246145865135651,0.4171481084599884,0.8793328806354411,0.6272484139667722
-39.64949021710483,-39.76162687238878,25.469801144643476,576,170,757,912,0.18640350877192982,0.8130413458410457,0.42174184363211664,0.878231236555158,0.6109243945689555
-47.06610608021529,-39.8326375886181,25.478561447887685,628,140,756,912,0.15350877192982457,0.828472333404405,0.4165535142880355,0.8873274749414503,0.6322872565643279
-33.78293672248949,-39.729000168765836,25.505721245724875,643,132,777,912,0.14473684210526316,0.8120769091183357,0.42082662214378014,0.8945372769238467,0.625473402424778
-40.34429948032192,-39.81056274390796,25.47104084139926,620,154,766,912,0.16885964912280702,0.8207568396227253,0.41729538577270986,0.8861938099975522,0.6142469708934951
-33.93143626842101,-39.7646642600779,25.71496094248067,620,146,760,912,0.1600877192982456,0.8159346560091757,0.41540853931677774,0.882881775616966,0.6195850810707408
-40.679446433916404,-39.75873297934131,25.869801144643475,638,138,766,912,0.1513157894736842,0.8197924029000153,0.40915170501799714,0.8858249620882906,0.6311845531177784
-43.21069361749841,-39.837237432095414,25.850641346806285,598,158,769,912,0.17324561403508773,0.808219162227496,0.42154886731767716,0.8695030838256965,0.6402328742976237
-44.722415894944916,-39.856281010541316,25.813721245724878,611,157,761,912,0.17214912280701755,0.8168990927318855,0.4181160498324448,0.8939310111580497,0.6191258372856748
-39.8270501246506,-39.99760058625191,25.998481548969092,626,152,781,912,0.16666666666666666,0.8168990927318855,0.4202406819368746,0.8817257213325979,0.6285799850256684
-34.82574132964738,-39.965588021980196,26.19688104356208,639,143,763,912,0.15679824561403508,0.8168990927318855,0.4186585641003248,0.8792629809092024,0.6287840981688366
-46.3592784690481,-39.99913576903218,26.233200639236465,628,152,758,912,0.16666666666666666,0.8207568396227253,0.412252248732565,0.8968089445271529,0.623628450241426
-38.73563075267118,-39.954228039159695,26.363440335992255,625,147,764,912,0.1611842105263158,0.8130413458410459,0.4162686823873504,0.886591229433851,0.6171817586380318
-40.342736752869136,-40.01509362864672,26.405520234910856,617,154,767,912,0.16885964912280702,0.8168990927318855,0.4193744879024536,0.8771969896215285,0.6252074907148252
-36.47215100146941,-39.94950808407962,26.313600133829453,629,137,755,912,0.15021929824561403,0.8101480356729158,0.42460449881629536,0.8792043644414685,0.6295015916170544
-36.89338601170874,-39.931951393221425,26.474440335992263,625,154,770,912,0.16885964912280702,0.8178635294545955,0.4179051655095198,0.8945707749605397,0.6178559901300904
-41.719577606398296,-39.97248428604237,26.511600133829457,628,140,769,912,0.15350877192982457,0.8197924029000153,0.4237760424048311,0.879637330444628,0.6388164541312729
-30.925003381128914,-39.884656540003874,26.41183983058524,594,156,778,912,0.17105263157894737,0.8111124723956258,0.4162845251206976,0.8815638554414974,0.62607029202964
-39.83010956604399,-40.0307727073026,26.55360013382945,599,172,761,912,0.18859649122807018,0.8188279661773055,0.4184153868842077,0.877245955114125,0.6265215831534129
-39.21575479004213,-40.07255542215976,26.492600133829452,596,166,756,912,0.18201754385964913,0.8159346560091756,0.420671265128492,0.8859450062102736,0.6300936299595147
-35.1453386359751,-40.046019609216756,26.508680032748046,655,118,774,912,0.12938596491228072,0.8130413458410457,0.41770916482247294,0.8886798819766795,0.6276810579892
-40.540650944873214,-40.07190892525752,26.496680032748046,623,140,766,912,0.15350877192982457,0.8140057825637557,0.4255597683186121,0.8828233585055573,0.6286809396299682
-38.4805777429672,-40.03217198619218,26.46060013382945,587,171,778,912,0.1875,0.8207568396227253,0.42901362018401684,0.88505432225974,0.6241298306479569
-37.937466319332685,-39.98836472762102,26.546520234910854,652,143,775,912,0.15679824561403508,0.812076909118336,0.42238813933843794,0.8861357254438005,0.6256470143242784
-40.99092429190967,-40.00740026252939,26.638600133829456,597,148,769,912,0.16228070175438597,0.8120769091183357,0.41844920561055904,0.8947425856414971,0.6241585273103677
-34.97777181979219,-39.871040565276274,26.639520234910854,607,154,775,912,0.16885964912280702,0.8178635294545955,0.41488266681943486,0.8908165886153144,0.618461179547217
-53.201824841917755,-40.105043191202775,26.754600133829452,631,137,755,912,0.15021929824561403,0.8246145865135651,0.41611473279302885,0.8898049057367755,0.6240889076339989
-35.95065133000499,-40.079237653831676,26.722600133829456,624,148,764,912,0.16228070175438597,0.8246145865135651,0.4249816565285093,0.8840197449408068,0.6258510184418216
-39.842231035042005,-40.03719373437411,26.711520234910854,583,165,754,912,0.18092105263157895,0.8197924029000153,0.4175179983530619,0.8844273645972751,0.6167638883929029
-38.434620739030635,-39.969222604674854,26.768520234910863,599,163,756,912,0.1787280701754386,0.8140057825637557,0.4228745023993087,0.8770486849076259,0.6309906599032936
-49.257449547809756,-40.09064093238294,26.822280538155074,604,154,748,912,0.16885964912280702,0.826543459958985,0.4214120497733895,0.8884925586321796,0.6301090808259143
-38.25329461937308,-40.08074973362177,26.844360437073664,603,160,770,912,0.17543859649122806,0.8149702192864656,0.4196870929064986,0.8694287307184235,0.6223745239676767
-33.69916677571616,-39.99222205662453,26.54128053815507,602,166,779,912,0.18201754385964913,0.8168990927318855,0.4207713408866324,0.884228301960342,0.6194504890269831
-33.11691085842026,-39.92665453997455,26.48820063923647,607,156,775,912,0.17105263157894737,0.8111124723956258,0.4167036788394618,0.8672626738646992,0.6247772812804977
-33.41866041715421,-39.87504487764916,26.400120740317874,596,166,784,912,0.18201754385964913,0.8091835989502061,0.4229094032836682,0.8771889627045869,0.6350981388019846
-44.43009156856528,-39.83765937010144,26.399120740317876,613,153,769,912,0.16776315789473684,0.8246145865135651,0.41966078381709737,0.8875454675556211,0.6248713778289535
-37.79916377381713,-39.885132229488754,26.30136043707366,591,171,779,912,0.1875,0.8101480356729158,0.4220661630461875,0.8767224520377596,0.6415435699112718
-40.83564808239506,-39.856093953511774,26.394440335992257,621,160,760,912,0.17543859649122806,0.8207568396227255,0.42134526051125154,0.8911933873207531,0.6130180341200204
-40.97537657385788,-39.71756823187051,26.347360437073657,631,149,750,912,0.16337719298245615,0.8226857130681452,0.4102643617722635,0.8799774966135789,0.632589848161521
-45.108752479997726,-39.84254104486536,26.36052023491085,616,156,767,912,0.17105263157894737,0.8149702192864656,0.41587071717132473,0.8897772714202544,0.6332242323334619
-38.422974376575155,-39.74983340228133,26.344600133829445,607,143,770,912,0.15679824561403508,0.8207568396227253,0.4159791997010714,0.8972618404881526,0.6088868139963158
-42.666166238884266,-39.760305333131306,26.245600133829452,623,145,763,912,0.15899122807017543,0.8207568396227253,0.41371996397662913,0.896524509603012,0.6168101230558353
-41.43650355329093,-39.69218012793259,26.257520234910857,620,154,768,912,0.16885964912280702,0.8207568396227253,0.41759595056577936,0.8847476562120092,0.6189043675149901
-46.59995763727626,-39.72478662952887,26.282120740317872,610,154,777,912,0.16885964912280702,0.8236501497908552,0.4177032942761103,0.889131079272679,0.6292127799801284
-42.25580383709659,-39.79127327777734,26.301801144643488,618,146,764,912,0.1600877192982456,0.8217212763454352,0.418052827654794,0.880983594585936,0.6226590567535097
-48.84260182654283,-39.83268905604271,26.271801144643483,610,141,760,912,0.15460526315789475,0.8255790232362751,0.4260670331098162,0.886464734058094,0.628584908566256
-27.936550867831574,-39.72010503927684,26.141881043562076,608,157,770,912,0.17214912280701755,0.8159346560091756,0.4134936487844212,0.8816521156640754,0.6211394661394657
-36.51666690275201,-39.684070805061594,26.074960942480672,597,163,768,912,0.1787280701754386,0.8149702192864656,0.41794150554300485,0.8860346737357431,0.6253534975581242
-36.150941890523754,-39.670157805235824,26.133040841399264,628,144,770,912,0.15789473684210525,0.8178635294545955,0.4204123959672202,0.8855002479218413,0.637263503687953
-33.13482535269585,-39.601207116993606,26.17304084139927,630,148,770,912,0.16228070175438597,0.8130413458410459,0.4132103593236835,0.8827075294551209,0.6274655599747884
-42.42859916584328,-39.55209552432858,26.23704084139927,649,135,780,912,0.14802631578947367,0.8188279661773055,0.4192564869771277,0.8950482246250605,0.625268664008749
-41.12994532585195,-39.564189667398644,26.21812074031787,622,153,757,912,0.16776315789473684,0.811112472395626,0.4185533542347358,0.8873540773020744,0.6206013861598935
-32.118893502435974,-39.48077405692904,26.10780114464349,605,164,776,912,0.17982456140350878,0.8149702192864656,0.4203395931873424,0.8698866101446862,0.6225950506181324
-43.68958451067197,-39.52745873780483,26.113801144643485,633,143,756,912,0.15679824561403508,0.8217212763454352,0.41780383937737914,0.8881440251535654,0.6287968689661277
-46.493316683511274,-39.61614553060546,26.18472124572489,593,153,757,912,0.16776315789473684,0.828472333404405,0.41898625839673603,0.8810390331792846,0.6354294705898342
